# Created by Octave 4.0.0, Mon Oct 09 02:33:54 2017 BRT <wander@wander-S400CA>
# name: w1
# type: matrix
# rows: 200
# columns: 12
 -0.002230710435293562 0.05548495987273863 -0.009551789761878343 -0.07752202127622584 0.06820287999198418 -0.001301049318437386 -0.06870075839595297 -0.02842136217707213 -0.075357773047243 0.07344195664668665 0.09309860909791517 -0.07046641920890362
 -0.07716692021166795 0.02787836897224377 0.07296307939194807 0.07613749723295377 -0.09882542073600617 0.01180747019257275 -0.05849551904479323 -0.007347178239098154 -0.07337828329252125 -0.002709823194499292 0.001164911204909871 -0.04820950140455099
 -0.002110133038761203 0.03745301029256029 -0.0199734678810438 -0.08152689588802046 -0.05311687375602704 0.06135364857564704 0.008434703859148948 0.03921975291339852 0.05547579703116134 0.0352475398286404 0.01261304486103476 0.06222920745807334
 0.08993102854970711 -0.02781690278030455 0.002915340569477801 -0.006525555227624977 0.02809437950612817 -0.09710118253233033 -0.0950153025969841 -0.08342470181975475 -0.07745233109874509 -0.03633656440712904 0.08974259886492689 0.04692591161871854
 -0.07430849206206247 -0.07085639124568514 0.09166366149280142 -0.03695529448996898 0.08425580694115067 0.01352164362947235 -0.08072216090486332 -0.006292583058539886 -0.03906315427969781 0.02538889945392148 -0.0295868668695236 0.01809243521156331
 0.03166334529058548 0.03410127898496065 -0.08285228734020678 0.0006254361809347186 -0.08856006568210574 -0.06300145475838345 -0.07776415956880649 0.006658078840358475 -0.06250115408377123 -0.08834535257403986 -0.008014021714023684 0.02127395385037605
 -0.03218497882109143 -0.007597558703140397 -0.07793499619788373 0.03192765191739819 0.01485364621303562 0.01076862657345661 -0.08628692801128417 -0.03947262191305491 -0.08956511126069423 -0.0582800717743302 -0.0586582645458117 0.03439836908220445
 -0.07310495677976174 -0.005891484997575275 -0.0004953953759725266 -0.001484662714344206 0.05657916649130826 -0.09233734623019967 -0.04025806522514178 0.09449840032092591 -0.06163244972689294 0.03921600037128195 0.02754258683833538 0.06990383848376625
 0.07192121242105853 -0.003530577835329785 0.04302261582639683 -0.090738256671241 0.06449410069852513 -0.01056723579027154 0.09079008586660556 0.0007741278453183426 -0.0837578226844424 0.03605182529232617 -0.04029091438192384 0.09006479094235212
 -0.02567979408508886 -0.02747690262174234 0.0211786671010739 -0.0393550804149856 -0.07629497736525874 0.02736328318515671 -0.02144473238400529 0.07331794740003358 0.01561085264954923 -0.03398945507384769 -0.08316851523036156 -0.05744035222745195
 0.03675798478796324 0.05979723097435369 0.04642573369265285 0.0002209733443156725 0.09126031979232144 -0.07600680718121068 -0.0496609571474309 0.07357167637335324 -0.08634241752797756 -0.05907534737194736 0.02471644684197498 0.07228260956241758
 0.01251458561284621 -0.08245626634585387 -0.01939167477561071 0.04452230337190349 -0.01612777374272009 -0.01138326345634227 0.04132413474026908 0.008813621425627555 0.05169250975681017 -0.02713183092369173 0.02127014952116617 -0.0507416748486926
 -0.04713317086404715 -0.09604957934569693 0.05109220903657286 -0.0925244005584069 -0.02448593944676224 -0.04290536281549594 -0.05271414020567488 -0.03367173541426199 0.006611338036916159 -0.06585367491274365 -0.008037880624795962 -0.01006980862142336
 -0.07982113322369785 0.09071608536381906 0.07967127687832595 -0.07388889859812521 0.02408241056552878 0.05465547056875608 0.06554579403131519 -0.01128449399734487 -0.06443846456721908 -0.04103443408641775 0.02835088409451531 -0.02997501541681806
 0.03340929186931979 0.06255026767781954 0.02401923544068563 -0.02358211562303661 0.0905280526605374 0.02284508327718526 -0.08370030126243479 0.09998453321267881 0.007426575960531576 0.07232727840540712 -0.06502634530858711 0.0840976573443446
 0.02546500092175369 0.03902111107332135 -0.06269210996222971 0.04719527504683868 0.02732085013543922 -0.08849855626271587 0.02065790510495151 0.04117572052492005 -0.03557040275204687 0.05802739743871574 0.09261385505006783 0.0799977411669891
 0.01310389406140029 0.04075563629033013 -0.09625363561330059 0.07161059798795177 0.02239879674926912 -0.0117633186075275 -0.04350560013321173 0.001336172954043605 0.06327416374182762 -0.06278949777780682 0.005078860566116866 -0.09086020327104745
 0.03194447907623993 0.08874373619305206 0.08019819955626592 0.04258496095164149 -0.0160825937519147 -0.0391398382623963 -0.008480349887654726 -0.01908855341439517 -0.06381429403176636 -0.00252428411659579 0.05835005742777308 0.06918688793430644
 0.03154901517314984 0.04855797548422497 -0.0534349689838093 -0.05708362031809605 -0.01504884987924621 -0.01681960201459333 -0.009538372675816115 -0.02887957989450859 0.04249499081569116 0.05277455036501061 -0.07319559917106266 -0.08814727372099362
 0.07664772834196368 -0.03675489255479304 0.03378422021399469 -0.09580031976542962 -0.08950946154119774 0.07327427959554025 0.07522505849987601 0.04821165233463984 0.08610761670687289 0.08169150047456428 -0.09258612571851856 0.0342164547208722
 -0.0538017457359541 -0.06452649279541026 -0.02409241649718631 -0.03427956807758438 0.01355723566870555 -0.06054426771619156 0.08087181433945184 0.01007596897415775 -0.0554200014021523 -0.05031142487171861 -0.001164145349191528 -0.02715945749282928
 0.02324777757165122 0.01254032074593565 0.09998580446210173 -0.04119981894666069 -0.08919212219310015 -0.0412234833283581 0.01965007475979427 0.06942623340323464 0.01410248549670878 -0.01388306779521299 0.01823874379333312 0.09625646805668378
 -0.05109832569753327 -0.02493101042242699 -0.07105864138617188 -0.02572388499553777 0.04270769151655146 -0.0002968792338976234 -0.07106174774648608 -0.06544111513277585 0.05087902850416295 0.08003251810751139 -0.08733225535799205 -0.08377693006486399
 0.05140671591145227 0.01301735408329927 0.0238012203110459 -0.04863063108028779 0.094878335300872 0.07458287990781287 0.0984996038902059 0.07495553425145568 0.01372163346660442 0.04032324848774643 0.07475403390828761 -0.01576742308548153
 0.01811905294846994 0.08296072438667287 -0.05684376775559796 0.009852806868876504 -0.0837982100829919 0.03772136855721078 -0.03075026076332445 -0.0530520640132755 -0.08409643637603853 0.09612675758109035 0.06584562591866508 0.09981981546270174
 -0.0228565710558427 -0.04684764415829065 0.03152234813223606 -0.08544020957212223 -0.0946420882757992 -0.08344667969359076 -0.08553739625608947 0.06097520370766815 -0.01326853121162488 0.05350459795701368 0.06647319333500026 -0.04861720587701893
 0.0002805516751293868 0.08105813594892583 -0.006715340213118426 0.005485230605618702 -0.03505232924493311 -0.08605073747454878 -0.04706376063374142 0.03476394828857921 0.07212389928145968 -0.001279199325528529 -0.07619617855851868 -0.09841574504848834
 0.006316226991882876 -0.03892000478879946 0.01557522327649859 0.009026432584299512 0.0567193127558199 0.05437210468405049 0.06527646007894547 0.075050776966749 -0.02641495050891755 0.05505636805808328 0.06980029911001065 -0.0170162615979338
 -0.05732955556179568 -0.006186754072271664 -0.01870598489564007 -0.02832215744231575 0.001310546229854895 -0.02380732988494264 0.03562006825693892 0.003351226073098762 -0.01731107369838555 -0.08655423248603245 0.02119538802369916 -0.05681779408444986
 -0.01016934851305694 -0.04865902583162177 0.0328292906767465 0.02794270555227105 -0.08515699900005148 -0.04963028549322147 -0.02666809055368051 -0.02219920076940164 -0.06214410592819272 0.03609172810450223 -0.06168766965663516 0.06625761182858417
 0.09897253211942833 0.02541658040503625 -0.01331943542676486 -0.03002070811843204 0.02740432951251179 -0.08868969898246719 -0.04761705471630803 0.03483260339879066 0.08114387182233801 -0.07029914347458437 0.03642365652697446 -0.08142396277873147
 -0.09062659239174782 -0.02737672109482671 0.03166964765098473 -0.02131818482237237 -0.03871785181892541 0.02160722272057566 -0.09596023459125862 -0.02072710349033603 -0.0925032701612722 0.005225125795429109 -0.07022717570613707 -0.09680423879668562
 0.08240010757042662 0.09146303978228132 -0.003094313898362733 -0.04282992561894129 0.04390096404631041 0.04760560615617937 -0.01179679565444694 -0.009851817394172097 -0.004492632435267971 0.01473552528502346 -0.007134681002364779 -0.03950678307404233
 0.06954969388612808 -0.05362604111603763 -0.06154282317188754 -0.0664628856615538 -0.06250163942724493 0.05058222674702118 -0.06756798313435089 -0.005828986059871116 0.01777462101085125 -0.001786580471628732 -0.01494680517832295 0.05816411824325027
 0.08994629579044019 -0.09950704102206273 -0.08969102271247151 0.04232830686523711 -0.09277749129608115 -0.04744306317235322 -0.05033366506984843 0.01344613696662773 -0.008343879941622862 0.03919950373660369 -0.08794251617049188 0.03841940177774009
 -0.08636922892501188 0.01786240545570154 -0.0260774287358389 0.01183534088785035 0.01180915007574186 -0.0360085553755109 -0.07140604116346021 0.01360397720784563 -0.008539185282305378 -0.07442001747624453 -0.0647442436931002 -0.01374305117291129
 -0.07984192523884127 -0.01054101333770291 0.005116534521479948 -0.07241620241618046 -0.07629749908166895 -0.006666531265608441 -0.04611340228089346 0.08677395502098015 -0.07282942821563776 -0.0611368281552699 0.005208515173735065 -0.03263560250395726
 0.02577700832142141 -0.09761160794447876 -0.04394253977439116 -0.05491331444631059 3.490419726055738e-05 -0.03798605253972732 0.0214843852663226 -0.0807149988227088 0.07896887125489194 0.04786588759607921 0.01345649461711948 0.07665154936211746
 0.007647066557995366 -0.007721596313320048 -0.06640891077425168 0.0102656744344585 -0.08636128406169145 -0.006645751377385295 -0.07817504951429223 0.04982941462647902 -0.09395791077783071 0.06654152073078384 -0.08802747153861021 -0.08562717516383964
 0.04049158823457386 0.0980462074559787 -0.02099559566985396 0.08540809503351526 -0.01725625526355731 0.07842090413515379 0.04458912242760374 -0.09992876048808221 0.07740710579512247 -0.09339486248694781 -0.08955843876582829 -0.06520838826182308
 -0.02414007408635141 -0.07490910907797856 -0.09124821760114106 0.06021383635192262 -0.09905426834345599 0.03092610574463564 0.09153235916206473 -0.05733650622497243 0.07874321715036328 -0.08220412649496557 -0.04719772185535501 0.04372486702728956
 -0.06669330552384684 -0.05407663504008179 0.005092399641834014 -0.04423958026061038 -0.0675870389302974 -0.02623049233613681 -0.0151003507770905 0.01340818639375888 0.08294703699951747 -0.0830774386376793 0.002966549567082116 -0.0711629860975681
 -0.0836361314117425 0.05661622144850062 0.02509381632633603 0.08049659193501185 0.05655647520781021 -0.05336891081601267 -0.05031034150973387 -0.04145374782884682 -0.02566029099753059 -0.0191345684851861 -0.09878958626575689 -0.05290316414161413
 0.03102775722715473 -0.08796697689260266 -0.09998049782564733 -0.08095210259330948 0.009917256266715954 -0.08099510895884467 -0.0441798636623172 -0.01436004029682988 -0.03179471228215845 0.03290157145724404 0.03934150312615292 0.09304289048807443
 -0.07133620739745876 -0.03128506034542046 -0.07689816885093534 0.0364055651297101 -0.01807475106589637 0.0267760920884739 0.04514748497161153 0.0783277228221641 0.08193513296111066 -0.09655783240915805 0.04049484790335736 -0.002388630473078565
 -0.03502389108829868 0.03661270318619361 -0.07633273888822084 -0.09522553951498267 0.03578437341034615 0.01569850347629627 0.039562493888123 -0.07473180871150339 -0.04443031054309802 -0.09415231961073894 -0.01718649960656329 -0.09231845074642904
 -0.00346763913913474 0.04589076333026379 -0.08973123560992795 0.04145301833114007 0.0359165801960421 -0.04000978117677069 -0.09052168389826076 0.03113661513102089 -0.01060760862009999 -0.006577774207479972 -0.09941248693802826 -0.05002537936776556
 -0.06388514748972315 0.09943197832708675 -0.01042419594403007 0.07639641154463264 0.01063921691270522 0.09272287069173102 -0.01525050579568601 -0.01750132448980056 -0.02943582405049069 0.07375325377621178 -0.0182149655741204 0.01906474228562134
 0.07568467355895381 0.03601803057360753 -0.03339723230121933 -0.07383272341451239 -0.06767249412494908 0.007456916249877057 -0.04589060194269458 0.01212010209387984 0.0260088050444624 -0.05030463453806538 0.05760690615670094 -0.09831994915832516
 -0.09996190491061249 0.04129943862324792 0.05065126361120884 0.05450904580660015 0.03262750856364946 -0.0636293616113567 -0.04803342358708351 -0.07940450044389574 -0.08289878678158269 -0.05217979868438608 0.09723378710324343 0.04454254177307893
 -0.01884588326037674 -0.02358640006213156 0.06936950909135831 -0.0173279738131478 0.0586471418475914 -0.04782409717488326 -0.06351468702269872 -0.09450269591725781 0.03621321658594789 -0.01755506182932007 0.03172040893933209 0.03027088885246734
 -0.06904264833788591 -0.04205778180850585 -0.09820438894479297 -0.008979923473707366 0.01401746099680348 -0.05914505031042089 0.03139899271941643 0.07896462147092662 -0.02131877803233005 -0.08612761498982643 0.009890766536774481 0.04453255119791927
 -0.0658642234350917 0.09227772931816944 -0.01145005115348931 0.07217364561514647 -0.07489173832344857 0.02193369734108574 -0.03986692946670291 -0.09901517116880333 -0.03586152850107564 0.01764164164013718 -0.08219994617235948 -0.08773225119826455
 0.09605164684105891 0.05368556812377931 -0.06983281372346525 -0.09514514430229763 0.05105678806295114 0.07188609797230799 -0.003393224670921499 0.08225387842922505 -0.01711006918920449 0.08232242374808232 0.06627510487808272 0.09168981833322823
 -0.01567286701866971 -0.08214801601620697 0.01441072717129206 0.0950695243139261 -0.01484005073835362 0.0340908279090627 -0.09067368453072562 -0.06089843279094639 -0.04079339130700081 0.003623305324423648 -0.01524847758590889 0.06830528078202
 0.01637928152575699 0.05389088789340646 -0.01810120946069585 -0.06516869894914651 0.0311522983411015 0.0629820446084659 0.08039762508834911 0.08066162684470513 -0.07392942658979978 0.005365563170800988 -0.09873013656503624 0.06408517750594578
 -0.02286191717318184 -0.05736414003786292 0.07131304044612438 -0.01795839194778456 -0.04708152947074972 -0.03355750500797691 -0.04093632904208608 0.08662796803839318 0.03033987180338513 0.04829374881279072 -0.001319656130574956 0.09617236266857207
 0.06425868206713603 0.02454535894010434 0.08532077358805656 0.03291394362508207 0.04772503954785765 0.08765490923659361 0.04766019838184826 0.06663233761543833 -0.07748130211300025 0.01455103848409087 0.05586584002010647 -0.09214767314024475
 -0.06678503045892425 -0.03742342406497866 -0.02763552008124816 0.08304111972209835 -0.009605582044467167 -0.063127718618904 -0.07644910694983457 -0.05188785750776512 0.04256113758325311 -0.07013553518568842 -0.07515728189318355 -0.05644223348951086
 0.0003106844375049961 0.06712254553387498 -0.06112474155380544 -0.02112801407229897 -0.0717651218529395 -0.09638606029923995 -0.09037253405827517 0.08501020048732649 -0.0007685196660277005 0.09946462969054556 0.05004684006525179 0.09753415982591582
 0.07424989962745568 0.09858081117604486 0.0895960449147499 0.06750005349449348 -0.02622446819753582 -0.08000551225528638 0.04043073705802028 -0.08282899904909632 -0.04836337517471702 -0.004624600169771412 -0.04546324026544499 -0.0442813899922876
 -0.03808520550136757 0.02318256528274069 0.0092573411927767 -0.03067489218107754 -0.07260543508003064 0.0562401601181261 0.06099333254772762 -0.06342420168146781 0.02340853045339682 0.01648011038112988 -0.02259043323652353 -0.09594563041540417
 0.001268611310872303 0.06040338232681433 -0.08746157854354286 0.03273569763861897 0.09940671528579823 -0.02443575704835123 0.0237446697490156 0.07331347093309751 0.09874312707359781 0.07856274221764106 -0.02770136510145858 -0.09450235626480341
 0.06848338821111158 -0.01526468019189639 0.03756255981634687 -0.03340435182835749 0.08007583216793998 -0.03789539209813874 -0.03884210730038552 -0.05882494001805466 -0.09572739942839159 -0.07296646619882054 0.06477484556548846 -0.07597208718364865
 0.04594196407130324 0.07580646899991988 0.07197580534980039 0.04571836178237654 0.06844305352858693 0.03946475954306464 0.08970300454638075 0.09656532540848931 -0.04426365411161431 -0.005019939596724879 0.09294084552565593 -0.003814351662127319
 0.04513548274298423 -0.0378619355098388 -0.0252103324669955 0.03945940758649102 0.0780963107951109 0.08182134360947968 -0.03841373906383471 -0.08787881008036846 -0.003934590340993915 0.06368699652356732 0.08583331097959188 -0.02774189438872104
 0.08357814423370696 -0.0152675488367065 0.08114351027495437 0.06126816894568496 0.07962253030442645 0.03305519849045305 -0.06208904611667582 -0.0377192651578837 -0.0004534643694680124 0.0986423227452197 0.03469413432290569 -0.07333413335377476
 -0.010236996885507 -0.08724189910909563 -0.07812046899699826 -0.07849661368344152 0.06977664288959784 -0.001435286743617009 0.001789468804480054 -0.09039315161969605 -0.0284497690557832 0.07073656832984987 0.01202527982694548 0.05324809323241886
 0.08207460538211311 -0.09227897053574396 -0.07121810912261385 0.06300247457714134 -0.01141258374815704 0.02292401728637553 -0.00951449789230438 0.01779680333292095 -0.02533877684291196 -0.07322767201107044 0.02878864716970889 0.04546540679753441
 0.06513076798634104 -0.08379542380505957 -0.01999969364827482 0.004791601016208832 0.03516784675116735 -0.01259179889523233 -0.03953895736858472 0.01374341219125108 0.02497546210718146 -0.08664974014838067 -0.067059724168303 -0.08981939121590363
 -0.07856371835848985 0.04157256845816035 -0.05180636326918965 -0.07850736644766278 0.03415157707488931 0.03053094541779341 0.04397009345149688 -0.02289595228637432 -0.002010888728116222 0.01626383199530632 0.05191993770656642 0.05542663446762547
 -0.04415736627888271 0.05676368709466553 0.03539671684269749 -0.04109084304313639 -0.08342722205604504 0.08842202970528612 -0.04572063877886651 0.002847249552405423 0.05547229030134107 0.02143526777650132 -0.07748551012732005 -0.01662490863929587
 -0.06149713300475791 0.03339785297261369 0.08873352882265692 0.06992311872486337 0.07884462087007735 -0.02470861831457841 0.0983463690904581 0.05253246665737529 -0.06828969153696442 -0.01674494490700006 0.007915451380565597 -0.06233170033330476
 -0.08700685249727821 0.06769237100778933 -0.01527168556425199 0.06836400066962942 -0.0004463347236235565 0.02330295111708433 0.06883703218579276 -0.05165140228365107 -0.03410251254402198 -0.02652919016958001 -0.02847252801647132 -0.03775751283181691
 -0.002958242848069476 -0.02130088627456278 0.009760058243784189 0.04660497342153994 0.01819443527594153 -0.05423316930250478 -0.07442979962791071 0.01142207571305009 -0.07878126298457327 -0.01924653736478833 0.05561107668836898 0.05246035417201989
 0.004286027275767504 0.0367776967651921 0.003732417652738865 0.0413967505999277 0.04928484475189193 -0.07174755890676503 -0.09292689827838675 -0.01393193783264196 0.004965571627332285 2.474856702690265e-05 0.03446400761333063 -0.0170992060765507
 0.02609379751730148 0.07203931344103989 0.088902945205452 -0.0390769346180382 -0.04578762955684509 0.07426977058084716 -0.06027963083579999 -0.05315553885081769 0.02923861723420676 0.04089926546825592 0.09119252620823021 0.05496905411861491
 0.05362664447872467 -0.06988036248024111 0.0701485268396668 0.04744046612790118 0.06427270559757675 0.06923272824206858 0.06852367623493399 -0.07396371674604811 0.04708028370539891 0.04849938789125555 -0.04016745820098658 -0.02503306677706506
 0.004459893060977452 -0.01723789135047665 0.05949959334123725 0.03803662925324608 -0.08877333769731133 -0.09939428336861912 -0.02267798087397553 0.06529915310148052 0.07415090381613601 0.04164911691155326 -0.06297839882093942 0.02371039973268463
 -0.03410529825506049 -0.04690541984703217 -0.02123546921652725 0.08231391353174106 -0.04615082648960057 0.03241186001431012 0.06336126980612863 -0.04014058365228116 0.01623969389070942 0.08139235130816161 0.07902693598307681 -0.05370401032845415
 0.008852052852163145 -0.001178876929307127 -0.08474312252373263 -0.05065176918149176 0.01008576219816906 0.04008539042525722 -0.06929823161025618 0.01083861757613638 0.08603228377813441 -0.0965175652264911 -0.01968355207591557 -0.006220843389194125
 -0.08880894115454263 0.07580549839349954 0.06110786296847967 -0.05709298693509805 -0.01840416982444285 0.0930520787555762 0.09558961669949781 -0.07674090635208328 -0.08156026183081792 -0.009203152735847056 -0.02762480026229447 0.02557082984078204
 -0.01604452089223708 0.0207713710613469 0.05097249894933034 0.06298921067545135 0.09170706934363243 -0.03553875424580109 0.08710342856384809 0.06202307728093079 0.059690016338835 0.05732908704647496 0.03181519221328108 0.001454834450258735
 0.07924067646058797 0.01880343597081387 -0.08801543957145669 -0.05054638704932743 -0.04439078454135647 -0.02963813159321999 -0.05550788917368844 -0.03058067272901704 0.02897861560027556 -0.02449268089788961 -0.0002229277630400595 0.05094433430414952
 0.07362312977095656 -0.05468314000978697 0.03989259007319779 -0.07617302643602405 -0.026458708766547 -0.01033864053370767 0.05754650290783331 -0.06989511881361871 0.0214565416859918 -0.03947144978567577 0.02054707169568648 -0.05256617666966684
 -0.0606301025451579 -0.08179502101554249 0.0244488659876865 0.01735519988150129 -0.07426455414709748 0.06473388588912651 -0.09769386249950009 0.09233058624401999 0.07695208620728289 0.02170953988932101 -0.02239475875525085 -0.09005226284089946
 0.08963474185284789 0.03497359051776788 -0.08003490573249454 -0.08611741228078804 0.05498419799942528 -0.06493497723811503 0.02428454950043683 0.07434709159533379 -0.03581612830344662 -0.02887577391188524 -0.009094238663291787 -0.08039482049930102
 -0.07529280885373506 0.09286976857875115 -0.05086549362708836 -0.006107556468837858 -0.0433325895954931 -0.04377411706530344 0.02471274955130291 -0.03027516799470992 0.03513674353739474 -0.06533586870010719 -0.02307446772001763 -0.06563971085633374
 -0.01296168461255504 -0.06676643105971203 0.07925593634514091 0.04681481893697936 -0.0417239029815956 -0.02858892187669786 0.04810061791355602 -0.02142399203934092 0.0009676879525058607 -0.0520879345331523 -0.04921955980900693 -0.03182241014550033
 -0.02005022529220891 0.02843569849143501 0.05417015895665675 0.04875144750745414 0.0558802368217215 -0.01724585039048249 -0.0917544370848561 0.04481765958286743 0.08227435999887708 0.0550026238083276 0.01369210985444176 0.05039592620940189
 -0.09714436753325126 -0.02795948020158173 -0.08936963624652372 0.00767085747837945 0.003590501063337359 0.05863770883349886 0.03115320926222589 -0.07690741634483726 0.007791729537221362 0.09388029452787827 -0.02886680562614079 0.04210593566260193
 -0.05125480397175738 -0.06124592987634973 0.08347251230714084 -0.01709671187137864 -0.03587711300103293 0.05897342307447959 -0.08599064447511826 -0.01438871770390518 -0.009066501768420748 0.09316667009468946 -0.01728919183286495 0.01334052275435919
 -0.03263772490416289 0.08314786561036477 -0.03353176669546122 -0.0292050622338684 0.02513183727140283 -0.07421615304650436 0.04761342268665744 0.06532627081463113 0.04063508238514438 0.003033332735536451 0.06291493647877752 -0.02126069039097232
 0.06830033107188113 -0.08815135793248252 -0.04142928465293655 -0.02538715613206749 0.04045445797057357 -0.02207300833600455 -0.06463603260386683 -0.04304552941655967 0.06532398596031511 0.09123569383948621 0.06911954558921563 0.01132234536056451
 -0.03690723967711808 0.02621205732026155 0.06997150524391235 0.04246961137970187 0.08962582722352946 0.04503945710465229 -0.006664446415351521 0.03385358531763386 -0.003619599401191914 -0.0452795568587444 -0.02394290912700453 -0.06567424752686163
 -0.08989822266196729 0.04191813382519441 0.09737007434920553 -0.005603173415691137 -0.001925872902756268 -0.04407570914549418 -0.02136531563178698 -0.01013892868666123 0.01057870058988655 -0.07664288569356786 0.004442832207276176 0.09812495050929254
 0.06379043218740518 0.09371932317365675 -0.0372576993925854 0.07205769928152422 -0.09460782844109154 0.08107908256966884 -0.02277749367219759 -0.05012148892296137 -0.07289922013349152 0.00718243059351012 -0.004689071298355371 -0.04756994776647071
 0.03667061283369763 -0.04408731328553644 0.03709101738827619 -0.09267065207990641 0.07457205073683673 -0.01982124770662883 0.01459437634779945 -0.05107159009224073 -0.02777922372170366 -0.01253928955409069 0.0302443084502883 0.01277714778885038
 -0.09212133350705987 0.01235594778192375 -0.06678017533398767 0.05715122736872033 0.08229182552070621 -0.07887545272431734 -0.03197487094079371 0.0741059354321939 0.02328956629374793 -0.01941383302893883 0.01428236133867455 -0.08309462948677072
 0.05878888673020272 -0.04873202676326406 0.06184701750227525 0.01700203738087155 -0.03332927637508318 -0.01464446104843851 -0.01036790252303013 -0.04885987293792524 0.04805801525481007 0.001947040262574529 -0.05544897760736801 0.03056677314013787
 -0.09850200667233826 -0.04676321468051278 0.06059928093154249 -0.03842367697217314 -0.01947985593093328 0.02249252730831577 0.07309336293510724 -0.01465873765836351 0.02811339355781589 0.01453889911450554 0.00847220545478107 0.04222006638340681
 -0.0505754718185432 0.02007848883202097 0.0915654706101203 0.0515874676261982 -0.09094013377994183 0.07343296568482668 0.03411475039540518 -0.0355844017097887 0.05228382556151279 -0.08726707780404983 0.08884637022110198 -0.05710165219580815
 0.0777913858179454 -0.01129943040020726 0.05809631616778158 -0.09200758637831498 -0.006392395775490209 -0.02452779830225044 0.08034989881031185 0.09072121472633521 -0.005320294815094676 0.07236655993691243 0.02195485703655271 0.09684897085738386
 0.04942361276927648 0.05228607857188267 -0.03824440045139973 0.05042068251063636 -0.04502600929662696 -0.07532697658243216 0.01570277997542628 -0.01915165085420986 -0.06777135814709262 -0.06106763842913951 -0.00552339036773325 -0.02844538615471119
 0.05481598326237011 -0.007001752707900211 0.09470820314924802 -0.04234802003620845 -0.06258064183444167 0.02174552609802885 0.03696009612401452 -0.07777718351780102 -0.002965275154393848 -0.08829467939731658 -0.05102210474672539 0.08559834608038119
 0.06944639072915956 -0.02550315046086561 -0.08230685977067104 -0.04985936745878087 -0.09958224154282398 -0.03066421852051808 0.09830122092072793 -0.004630089691279524 0.02654121666880421 -0.006157121186912889 0.0110106489664928 -0.06125875991798801
 -0.006906953750904249 -0.0584096816436578 -0.02651388427991118 0.08985078045179268 -0.06120298239358112 -0.009533476084863046 -0.02131292476315308 -0.06006447345495313 0.02913614047610083 0.06804851736310127 0.08432000047274835 -0.008617817019443585
 -0.0161932840124933 -0.07117556076794102 0.03460212050357522 -0.06407118144993468 -0.09673012828790561 -0.07136751480138712 -0.002553749886603715 0.04899346276302688 0.09514099134157303 0.0158552325945002 -0.01188838092530732 -0.07717916087888629
 0.05238315856476233 -0.04318386973683402 -0.01968169102480125 -0.03263671697219266 0.02272712102143215 0.001684977318470365 0.05055598875658371 -0.05065749219997497 -0.03993153701663687 -0.05239584142961665 -0.03512681809133826 0.0532361069687074
 -0.09325395681507895 0.05831064237450082 -0.009704051425491328 -0.04763520433225393 0.01947121577332418 -0.01809710838316508 0.08553870086994916 0.0516078582688318 -0.05588501707394586 0.02295188723039936 0.03054140215521017 -0.01625708070651098
 0.08548796714138307 0.03432587632838924 0.04100685220659464 0.06679751961932645 0.02999017144752084 -0.02200237522278253 0.07042224137560379 -0.02668506127264471 -0.09823448949112901 0.002801560573644224 0.02251620511166141 0.01774488827991232
 -0.09076873131992444 0.01195473434191678 -0.07394362957787375 0.04497655321785546 0.04600533347259061 -0.06329761989219967 -0.06610574411441628 0.0543752000779249 0.03748574180936298 -0.07336764677900748 0.05717160248686806 0.07072169633103795
 0.04354380984191147 0.003900913161868691 0.001022650077431159 0.03306460724421706 0.00489821473559135 -0.04080746581008587 -0.05052970745680908 -0.08787290311859321 -0.06306717516326274 0.04118764339246456 -0.04311266731044249 -0.04470875564143874
 -0.02733336422146625 0.05422873624670013 -0.02609884109765816 0.009583201690458523 0.04782382287304487 0.07348770089652246 0.02414034229415962 0.07718494452414834 0.0774177677248524 -0.05951656509476734 0.089323401250263 0.04127907639431749
 0.07548051958386356 0.04928914478005209 0.01330716310446503 -0.07399888026689298 -0.04529414709168792 0.04794128286435961 0.09687003716043904 0.01048636935824283 0.04764817622191603 0.04793512213855325 0.03014624642245878 0.04151256156931032
 0.04093556923244618 -0.03319675240046431 -0.004355541586366182 -0.0513612022084227 -0.07233014602902904 0.06623414130425415 -0.01306249619863703 -0.07644809754963786 0.02401075189065068 -0.07608095516297568 -0.09595868374545058 0.05150105379331266
 0.07304942197776976 0.08148181381420516 -0.07570362094858096 -0.09593367340893179 -0.09106565928823571 0.07157526517945925 -0.09670340394809908 0.08338712783910512 -0.04779513308070624 -0.0927075282636883 0.01798219926190545 0.08326872613651506
 -0.07628365726878614 0.08622045987984625 0.04962344112113704 0.07408574554776892 -0.08124482805716288 -0.03713996785384667 -0.004009143422892616 -0.02426127556764451 -0.09094136156826889 -0.09991887481797035 -0.08077914411406484 -0.01573529159362584
 0.06496967735163969 0.09094970161464672 -0.0913450931227926 0.05750050995106368 0.09090017739650386 0.06320242292486641 0.08053466209573645 0.0510309587935836 -0.01711256397477522 -0.05566375315590016 0.006223142835205281 -0.0651515717671356
 0.04014584056473833 0.05952521087846194 0.08467107466628165 -0.05840238124577585 0.08114478340662346 -0.02137108935613638 -0.06827094816519964 0.01031877164005393 -0.001005465252538501 0.06193703737913964 0.01887334652767285 0.02287274857894535
 -0.0007116661338937846 0.06821319416475555 0.02468231435436899 0.02548554855905269 -0.04669572802758292 -0.07968747135226201 0.0938897486656948 0.03155379759708477 0.005568136435364052 -0.0004586630341150005 -0.03644231247266998 0.06830005010498039
 -0.009392143366070402 -0.02255600893601412 0.03195015008604321 -0.05413885170993497 -0.05280028692444775 -0.007027755357347884 0.01157170299080897 -0.09162862237335385 -0.01198324907948177 -0.09937009544190209 0.06543951108901955 0.05351398317909128
 -0.01905969550990966 -0.05998675080765534 -0.05803694630373125 0.05006675719481349 0.08359084439308737 -0.03784355487664257 0.06405317306196309 -0.09771280297421282 0.05772882821878 -0.01379402675966471 0.0293554369645383 0.05675868344928228
 -0.07824311105964987 -0.02820449425526943 -0.06559558230135784 0.06259826044015879 0.07747853336932686 -0.05662265294213714 -0.03542475874526027 -0.07185929636547121 -0.0851305606454564 -0.01772714567280817 0.03235667873232229 0.03055130286453339
 -0.0008243725601926599 -0.0595228859105999 0.03299326453527479 0.06862693849089899 0.07615757414467186 0.008107299215895855 0.0736070707509231 0.01050928619352523 -0.08844070753133657 -0.0846939961797462 0.01062910088958111 -0.03932644500858843
 -0.07717028741160314 0.09963885479864149 0.0379251433598024 -0.06912211658514311 0.06387111743145085 0.0770705536987564 -0.0475792180998729 0.07866067057180359 0.00860636844395965 0.07303864937148649 -0.0348073292924031 0.05919467320641134
 -0.05604008774865447 -0.0777015054930984 0.008586494318283219 -0.07885620474785704 -0.03378291680010671 0.05805148422021214 -0.01431895706488549 0.0647422754464527 -0.01069118529298631 0.005445575326912561 0.0272651846723819 -0.08709317782515802
 0.03449262442516515 0.01704142304698712 0.07973658764093505 -0.04498890091500699 0.001332936921237107 0.03179277236079228 0.05035132699819822 0.08987298011853204 -0.04881782356584096 -0.07601358656728219 -0.08915006095239159 -0.008794883389984381
 -0.0354201177764915 -0.05453285222079473 0.08637909638882443 -0.06215426209287437 -0.03432825379514835 -0.0353321145959393 0.01942083502147265 0.04116833097083566 -0.08796815482477302 0.06077903925517539 0.08441621605142724 0.09213547053338986
 -0.02946210735715735 -0.06341350788721697 0.003118969527157553 0.03942476508055121 -0.08043776093146184 0.05628518398872481 0.01495606742455255 0.002544580361615603 0.06902646159827194 -0.07792744293390114 0.03249596808305599 0.07877245589730494
 0.08737017960114121 0.08156427021026574 -0.01164708970851319 0.01063707942381728 0.01666949996659901 -0.01341412222702451 0.06924110043601522 0.06842240553238063 0.03096467165780786 -0.04249428108406669 0.03553617628331046 -0.0981967601949847
 0.09794189449258972 0.07502957698644688 0.004507904292073622 0.08520519230284573 -0.02690496981448325 -0.005291796507478921 -0.002263406303537038 0.01638881668888441 -0.03773886221010964 -0.02236151003183863 0.08823859072959636 -0.020283495171252
 -0.09301906144933433 -0.08184446299525162 0.04759827455844157 0.02559325816544916 -0.07520337852064735 0.06088358825345683 -0.05023239954089635 0.02532916720749323 -0.09757412441528342 0.02900503765649259 -0.04742720703015783 -0.006870628951660379
 -0.09183038098640951 -0.08829853829445004 0.08484151288174557 0.009912822454600928 0.04040063496701413 0.02013902004761473 -0.001797880501784893 0.02163577344659243 -0.05820126352855587 -0.0856313309277793 -0.03197125252759833 0.09769147466344266
 -0.04259835809496872 -0.01829770135589147 0.07741808278168699 -0.07412971776877676 -0.07001685219361681 0.03391832020057223 0.04922890191643517 -0.05638441517209467 0.06696939800121074 0.03171409895410437 0.08589282635039988 -0.02354525201525801
 -0.09346573005358645 -0.02797833349630893 -0.05606877982555981 -0.04428213274831573 0.02231342414036135 -0.01623117480688446 0.02538168850275005 -0.03862369181238338 -0.07859468188102067 0.005408848065250771 -0.01342989571504639 0.09140586030391096
 0.05447356281410801 0.04174865945351172 0.04975833947208275 -0.07483552958456167 0.09569079498383701 0.05497031799527083 0.02290761725046839 -0.0610601639694005 -0.003646437118760476 0.01034234376328351 -0.02137050437759024 0.02097873755163844
 0.08532168403966264 -0.01083623527998703 0.04557353036352102 0.06809589814610972 0.0619413449721565 -0.09986992433086365 -0.07018117426774784 0.008805821721914284 0.08500185934956397 0.04331791629101858 -0.07317537329890131 -0.08743599952097415
 -0.08047783764622163 -0.08885738956422445 0.0664058474520608 0.09540555570446838 -0.04677031223938363 0.005669234996889164 0.05369306833920226 0.05888583239015374 -0.04265707129559479 -0.04070032998391776 0.01156234952996141 0.007718130047866187
 0.07777972478795153 0.09300404289769207 -0.009059583499025636 0.003735917593091179 0.03304819891938623 -0.04460863971208825 -0.01986181454914718 -0.05363455528757305 -0.0900019798942754 0.09166572403470843 0.02128787066565629 -0.01524952954961403
 -0.005384893606219993 -0.09004675955184054 -0.04027368948180204 0.04565434110988401 -0.0582871601886129 -0.06834729720917632 -0.07717332681347455 0.01675837689230415 0.01702750862139757 -0.02766736949669465 -0.09783824123065918 0.03488676575358815
 0.01129688698634015 -0.05237546322293631 -0.005793459920427624 -0.04121367478329074 0.09525211935882091 -0.08862052553614727 -0.01807043909128156 0.07374732707530193 0.01944329496513889 0.04545412975787028 0.09487615921543791 -0.05482397085392182
 -0.01856418740650488 0.06699954958575949 -0.03978541193715334 -0.09243123854184165 0.04333667042744355 0.03575035518923181 0.01116373457619022 -0.04422447738624422 -0.03219616843768604 -0.03635998115575013 0.07911186265346215 0.03740922450900855
 -0.05919517712648298 -0.08841777318671407 0.00787824386784422 0.05045309998146405 0.04245008416623455 -0.003882723646481998 -0.03275317243077595 0.01756494342197812 0.05138504870480268 0.07531787200074583 0.05106600378054263 -0.08394030850179154
 0.04375076096287883 -0.02950951392188762 -0.03085071460596116 0.007083237903093537 -0.08460937380311667 -0.06922544955201421 0.0323842925452564 -0.05058423196993697 0.06196710138899877 0.05798889945996977 -0.02994440933207133 0.011364480740398
 -0.08160600922278624 -0.05003193966675316 0.009526180011037305 -0.09628916433547287 0.018423970570224 -0.04644910583516172 0.06712884291971238 0.03647648154822528 -0.04010777660582025 -0.0853318678381767 -0.06116097827658266 0.03167127276706205
 0.03079142037649532 0.05888858461805857 0.05324230489894072 0.004753114277865816 -0.07042507878907289 0.0133160655934053 0.01951791788474846 0.06925689632862106 -0.04845795916424817 -0.09151220964507586 0.03002879814475401 -0.0810172026205338
 -0.07431265302511678 -0.003465690921089698 -0.08991475074571348 0.05399493952509676 -0.08541532239953142 -0.05606188478993047 0.03758416667707926 -0.01633236136469295 -0.09709983419294563 -0.06798773679410043 -0.07110723898909285 0.09582225679628587
 0.05616406816469718 -0.03854614512045582 0.05078956345518446 -0.02216826051911094 0.03616658753933599 0.05597932677204912 0.02343931200312672 -0.07535724501278297 -0.03064819156106648 0.06003337812888807 0.04494907628136072 -0.03793846790881225
 0.0843501360330014 -0.05257945212465024 0.08594311164184557 -0.03847931155480308 -0.005164082057696778 0.09958264509959699 -0.005427772570108902 -0.01598876732304114 0.02167435238700088 -0.09084542807603464 -0.02135848282524849 -0.04210696222000886
 -0.03524745876410733 -0.06448364055903034 0.0944092830341873 0.01001573638509083 0.02176887383999689 0.01886060865690967 0.09831390747587854 0.002657326396188847 -0.02021555796627318 0.07657407801705338 -0.09336058677393122 -0.010064626047041
 0.01075644796182436 -0.06920201873079525 -0.08338896277823993 -0.09528972084890301 0.08701031701908135 -0.08107351089300152 -0.028133549636834 -0.08639221277437648 -0.06991012713883626 0.07051600981956546 -0.07496827162540003 0.05936209932309019
 0.06861518898896715 0.03954309806649964 0.09937549855655317 0.03020441055296147 -0.04120492040768619 -0.02196143183901876 -0.01326083765543508 0.09688036022337257 -0.04320271772469057 -0.05880087298446048 0.07488520747619429 -0.06343038556175534
 0.09368346938786165 -0.003502702752294459 -0.07608197528464286 0.08864601234297961 0.04135941409441227 0.05438127946664811 -0.09371153093495747 -0.06905395774937426 -0.007572665313563876 0.04934050840234061 0.09726599318853457 -0.07383690303839271
 -0.005869946917332475 0.04307612807206412 -0.03949128548185507 -0.08345617184745835 0.02818334233971331 -0.0317744508580084 -0.0301310186107777 0.02878871947835729 0.04466460107644318 -0.09119883863701374 -0.06544853078776236 0.08487935347588943
 -0.05279012472455279 0.09476552323932202 -0.03709988932349505 -0.05580444369551738 -0.002597764869067459 0.0008541385738177337 0.0772132058685375 0.04890241969619638 0.01561050789399432 0.01418936264283291 0.06216549179010536 -0.006044547704753239
 -0.01420163423293629 -0.006395175746824522 -0.05503706646198551 0.01765318230380182 0.0419767051874711 -0.05993620088185746 -0.01244825663975804 0.04293020529384498 -0.04036132429494271 0.02672259826171156 -0.06404939698606854 0.0890264391495994
 -0.01873571788780595 -0.06544802215095794 -0.05916124804797279 -0.0007556160873132406 0.002011306393958662 0.03260727773300454 0.08470112622175138 0.04381652021888852 -0.03358731325044144 0.03999583001649157 -0.08168236422596666 0.08829280707523054
 0.07054746073743465 0.07724109425983561 0.08836403607151375 -0.01790832655558647 0.06970626618587039 -0.05757577623993543 -0.02627984149148282 -0.06437392900617768 -0.04657986905568987 -0.08489162727389629 0.06099708058679684 -0.08578421708873135
 0.009985168034575637 0.04028295178805757 0.004274842022460673 0.004853726394814767 -0.07201002454819988 0.06103764479543494 -0.001096339483731723 0.06393391055488748 -0.01416286375890288 -0.09552419765704602 0.02808893811533164 0.08176191061606175
 -0.002759224820065354 0.0584299611547589 -0.05856192210026438 -0.09729183722944112 0.03382617100753119 -0.03008684638074886 -0.05269410774972593 -0.07793278910109833 0.08267425387061075 0.02908596497478172 -0.06820590227809339 -0.01797653474361728
 0.03729626804188496 -0.000714051570328611 0.04163558760275457 -0.0557411884365118 -0.01295564569932582 0.05739431943982487 -0.02388022986504817 0.02198030902033091 0.06678388992686377 0.08568817086310013 0.01690338983888648 -0.08812503673647226
 0.09023445347248304 -0.002585684506532973 -0.06617649909668144 -0.006591446664613101 -0.04636221562091171 -0.08946803320215643 -0.01524560964869968 0.01720508836103632 0.05830649452748904 -0.02689621085630077 -0.02538316493280436 -0.08252703377979732
 -0.05971754660536913 0.03697753787164879 -0.06721240991500091 -0.02730745220083323 -0.04610527339173637 -0.00778715347005679 -0.03550076781660209 0.0740336954991726 0.01712127463864725 -0.07417729395972018 0.02649372996711008 -0.08810296494639007
 -0.09420607140543306 0.05695072257487216 -0.05460749599564411 0.07242735734277742 0.04973704679207064 -0.0298325487757844 0.05527487101050169 0.01774419252926089 -0.03691583304499343 0.02920853525428638 -0.07483250480144937 0.07054469061021409
 -0.04331410373016281 0.08871587262236771 -0.06355313554767573 0.09007033081410135 -0.04666889789296175 -0.09773386384469902 0.08858539114913513 0.04897937990795695 -0.09274521681509131 0.04496558367074222 0.04522512188236011 0.01745829776748606
 -0.04898173823583116 -0.0351716910204969 -0.07029591173308011 0.03932209970172884 -0.04770660044931866 0.02415576906742008 0.08133960496746093 -0.09327469983200783 -0.09982231208521368 0.058789229816919 -0.08990832091487005 -0.04783084171828377
 -0.02551103942517227 0.05141013502615252 -0.02300417125578574 0.02446037070360194 0.01132620190411068 -0.07018249615470568 0.030845101355538 0.05739799057417441 0.01003317487576179 -0.01639297670060133 -0.0721059329026783 0.09231709214674244
 0.07965918161879557 -0.09137338575060028 0.04281719289990615 -0.01788623671908132 0.07113605191430056 -0.02403372950530326 0.01751945848518507 0.0124979796465523 0.08913622913541602 0.02885977803842971 0.07457128520017386 -0.00749362850210325
 -0.04814478028372019 -0.06773752176262315 -0.04506570398138746 -0.002885652837380681 -0.07332912964720961 0.04371497442590427 0.001915256067717586 0.06450115610062904 -0.0132933796843563 0.001661306159150985 0.09187281034062919 -0.06004558470837557
 -0.03316550024962511 0.03994745588504162 0.08517869836781711 -0.01755244804573418 0.03270693808135369 -0.03540016020717811 0.05464046677722473 0.0002603320669572196 0.09104167695312052 0.07139878105183192 0.06689286917550438 -0.06984136375223994
 -0.05302838216633524 -0.01019370982284908 0.002878395490437266 -0.07169748393383614 -0.04656859198373352 -0.04416164411778364 0.06435358028396862 -0.07751435122724049 -0.001818584289458108 0.02940929455562741 -0.08801177257684795 -0.06907799127287037
 0.08041550566134886 -0.06129467191566082 0.0646450308348428 -0.03805218231745126 0.04948654157374918 -0.08222230884495102 -0.05964854402547223 0.06878118839706471 -0.07090546146460397 0.02676702101880393 0.06057563480093348 -0.08193434209950516
 0.06150815903587603 0.07712293441966275 0.00429961591348374 -0.0565139618160773 -0.007784591799035068 0.03141081198547954 0.05072794087289142 -0.02331212212261063 -0.09361573677883428 -0.02456917404380271 0.05748244256130075 0.03654609807504744
 -0.00638775287168411 -0.02287476909647704 0.005905283539628353 0.06786025250489175 -0.01284083143256588 0.07271465975835167 -0.08966076769283594 -0.06495784353517045 -0.01810516283792735 0.08372765236724969 0.09267658728747816 0.05069153795107892
 0.06082445235851808 -0.07125264012255318 -0.03754027035368218 0.01752793515870528 -0.04645498634545563 0.02894524962795333 -0.07074524715238159 0.09130213169369727 -0.05068878530668145 0.08426720697176704 -0.04177177926181976 0.007043229197684894
 -0.03922135220576842 -0.04251269759208697 0.03936382886326201 -0.094607769691745 -0.08606761435320322 -0.003670407697124137 -0.002296594870044549 0.05444325850842219 0.08439430776016088 0.09412198287777571 0.09315709722766494 -0.03766939817204765
 -0.02610650860615177 0.00183375457725532 -0.04059949448954515 0.06786474332740852 -0.0209425194541118 -0.004125169623955136 -0.02465430714370515 0.07305245141143665 0.07980347388517589 0.02090532168883648 -0.06431678961078563 -0.01794906324700735
 -0.04543343053625301 0.08375415315328263 -0.09648834185834225 0.0944628927568148 0.07606567795404409 0.03908773709880678 0.03468966946410762 0.03931554349806993 -0.02973382728523376 0.02690635311453765 0.07650891592382311 -0.06518426138760874
 -0.01526856926438386 0.0803136161631067 -0.0547587039043998 0.07731408509756785 0.09971360470931068 0.03688758465089417 -0.09752029705017555 0.07562784491574234 0.02078800785848703 0.08618123547515719 0.06536594198097587 0.04987025416026286
 0.08422043853352096 -0.0606829503625839 0.03017501965773031 -0.03785826819104955 -0.05314932124825164 -0.01523806973598009 0.0202001536844254 -0.02595135415952149 -0.01968890417096737 0.0134340220922515 0.08116249642019147 -0.02385746353794639
 0.07574835268427121 0.02627116822301495 0.06708675588139684 -0.009843881860969433 -0.0608420490371847 0.006630783236853136 0.03592371547105569 0.07782005323291494 0.0836525634929913 -0.002498711395559627 -0.002362517126514016 0.07558693348533915
 0.05975727633903738 0.09257299442973879 0.09238768109726272 -0.05267644086555624 -0.0114361045675254 -0.0334239343087878 0.07536231489885423 -0.07029810216042984 -0.09033632317583912 0.03956297497373931 0.09432499620846158 -0.007076874347522327
 0.09989814364058233 0.01913698335290821 0.08125522286773185 0.02030238013067129 -0.08401373279955454 0.05809677058894278 0.0002256220206928311 -0.03573992619168913 -0.03401138587196459 0.0784936502369494 -0.04560627550350974 0.03706458706133026
 -0.08776526026234618 -0.0291424237043502 0.053862569586347 -0.03215635254216695 -0.06169619366994473 0.014879122029548 -0.02734291817224963 -0.05819916651445178 0.04141006247863965 -0.0006363836164052922 -0.0393409686316166 0.02925375662616975
 0.0859292621446581 -0.01152612855093683 -0.09920679433199499 -0.02323069080456902 -0.03805576336424545 -0.0958040767533086 -0.01133955669279994 0.02893879186549231 0.02460726559710549 -0.04378296987873431 -0.01382817933958568 0.07125602434204134
 0.06732313820609012 -0.04731266834789586 0.08321223144882825 -0.01271281251956718 0.05166790767921117 -0.01902543857098284 -0.03756912786180294 0.08839693724524011 -0.06358343728576815 0.09782632853038992 0.02945668422689285 0.09700534460804619
 -0.03069324975613338 -0.09587039917354927 0.09732520180812398 -0.06526393381909291 0.03333892265062921 -0.04959998229056085 0.006626842123421239 0.007197374378798388 0.0115732388025032 0.07284917529397225 0.09407942827179835 0.001277734324525381
 0.04277474449669508 -0.05777044651477323 -0.0993283509084157 -0.07447056768165052 -0.01987404236136316 0.04213788279484518 0.05299291478794274 -0.03977353341582156 0.05713181309096221 0.09870565641874676 0.0299175930374716 0.04181496933431272
 0.05327763156116638 -0.03942151108765174 -0.04938868933771147 0.0788707231955823 0.04322540680870721 -0.04292872469483519 0.03836183828325759 0.05579385950304952 0.05616642933282601 -0.07155244418066284 -0.05991556529643713 0.0456117813925489
 0.09851041183124812 0.09654476699608636 0.06243731669145153 0.008471067702376225 -0.02802069186011599 -0.03717339166214449 0.01089606117325626 0.04086050378772127 0.0474195315814043 0.04379754826303672 0.0515960288318173 0.02183091535773676
 0.001946255984749734 0.01099041161562664 0.007444224458380749 0.00514658879781596 -0.01381001581858111 0.06750814134034056 0.0941531054307978 0.04624800515299379 -0.04201843113181045 0.07337541708204945 0.03142484888513442 -0.05100440783883763
 -0.09721922750780596 0.06455369909169797 0.0143820363240531 -0.01908251609355222 -0.08567740129650089 -0.05150911184114554 -0.006133076224521111 0.05765006181155005 0.05222914759244637 0.08644390828306941 -0.04097975583989756 0.04931363192182137
 -0.009365780387780825 -0.07805778532586322 0.02961064843292197 0.01811154215862007 -0.09346276704548613 -0.004778870665335389 0.01445787630722732 -0.03815867375034704 0.05708342674947164 -0.01938312351993042 0.02356594225171163 0.08810052266136784
 -0.07766036714133184 0.09404608336303674 0.03110751751369387 0.04780021367920118 -0.04450531610825534 -0.001974002928717841 0.05655642244763179 -0.04662253481073987 -0.05217736452501642 0.08041988090846716 -0.08924937134448538 0.02748230671093682
 0.0480183885367709 0.08338123167195538 -0.04586985797408264 0.09506299312817806 -0.07161713136812668 -0.02900124550751916 0.02402830553502162 -0.03016779707747723 0.01884497785903923 -0.05780472012648842 0.06757464067264918 0.02199624628488597
 -0.01067178056639403 -0.09179113542495547 -0.0102362230070613 -0.03796092045561762 -0.005706710925402411 0.08840878649315922 0.08277862367907982 -0.09006741838060574 -0.05654991473630543 -0.08920089015223162 -0.05614365585636442 0.03646175950161323
 -0.0003364910620268363 -0.03678405548253462 0.01253853256184807 -0.07998352048643691 0.02923898952392276 0.08696638990925507 -0.06454585344303945 -0.003058769811564915 -0.04788002070061598 -0.09290977300262475 -0.02387858090565011 -0.03100355428850737
 0.09289104423487929 0.08895862243447258 -0.02466482582658688 0.07008362348705668 -0.02437179766095733 -0.005499980611519587 -0.07180105100849296 0.005559836216552316 -0.03571958875974728 0.04723096157934276 -0.02383567086202351 0.06059535286531792
 -0.04143029543581446 -0.06114308183042897 0.09509387727849364 0.08624072063674709 -0.008706489560366737 -0.03129308572873141 0.09317472535012269 0.01883510189224058 -0.07465862520125394 0.08493298431256119 0.02588187060189115 0.04850515442247089


