# Created by Octave 4.2.1, Mon Oct 09 18:37:20 2017 BRT <root@mosqueiro>
# name: w1
# type: matrix
# rows: 50
# columns: 12
 -0.06255443993308524 0.07511054419007876 -0.01479175181785654 -0.03781233727389079 0.008737193870410456 0.03857344599576246 0.01104403722743474 -0.03670847393596897 0.04346008530856477 0.02315951580254798 -0.01448920175238172 -0.01326784981137133
 -0.0008574712754325364 -0.04029743076914047 -0.04041191440579631 -0.06147472350154329 0.07738682400505675 -0.04093714513765002 0.06370773666462723 -0.01344952878931029 -0.06485960941757721 -0.08434654998041063 0.09805988921288608 0.08270367891446162
 0.03249441367250966 0.02295773822449691 0.06205737137842157 0.04312838786309567 0.06929992024380968 -0.0319066483065352 -0.04309132737861098 -0.03243659507167648 0.07264449670193693 -0.04469879761165957 0.03564882382813492 -0.03227715077697828
 -0.08704652584459908 -0.03615433004113179 -0.001133136279232339 0.02098750370999239 -0.08033607639953563 0.07054970473464414 0.09534450571556782 -0.09317968502312125 0.003444796159998889 -0.06718015425210569 0.08999759984187589 -0.007610482173818239
 -0.09305390621564222 -0.0230785187505769 0.02735652053494886 0.01317017481616611 0.0808841712831318 -0.04997509971271813 -0.02531673519020577 0.06270521853161146 0.01305965194664996 -0.06212275087680405 -0.06515994622286184 0.04374149673003661
 0.0486622668888404 0.09432057159161655 -0.08372636455757682 0.05752654921316722 0.06734933102497759 -0.02468437803258393 0.06210924890571198 -0.05471463621997163 0.09037347179794117 0.09637896140458754 0.0751491801614341 0.009305946951844252
 0.0611029917994946 0.08789524826741063 0.02398949997772985 0.008663747370060065 -0.06501307436056993 0.01267518253779074 0.05505138671695772 -0.05039489348801768 0.09250657228719736 -0.03128153071179816 -0.0682779225952347 -0.007783171137141318
 0.09626951304830564 -0.02304046506015964 -0.01454464471063611 0.07363807285342136 0.06466925254598607 -0.00463610178529425 -0.05119822565578617 -0.07060821090017733 -0.09853645491563105 -0.03569830889197513 0.03804269206956407 -0.05931851945074179
 0.06715747602420799 0.08220917689611271 0.04187937894895172 0.01786125728673107 0.09175676435606903 -0.0007899351946277916 -0.004483898812350978 -0.08972299851313063 -0.04425175284799662 0.09738283425004549 -0.0908772068942207 -0.06851494475215611
 0.03955850154681745 0.06880795722171459 0.08592933722395654 -0.08281420575224735 0.002229057706776505 0.03712187560683203 0.01183629580080221 -0.02252690114440691 0.05972300156748986 -0.08490797390205489 -0.05922311007859626 -0.0848541038807073
 0.05613068489180226 0.01262827924730432 0.09538996891855941 -0.02757151707904597 -0.07991246047714341 -0.01196404575972324 0.03029002848015572 -0.08635598398964185 0.05169024866403996 0.04090060408895579 -0.0877868192434992 0.07391290889386667
 -0.03202101489672092 0.07212004427901236 0.09775510127095519 -0.06262145879716552 0.09527453134846339 0.00649778806085774 0.03044528008430106 0.03848503375664586 0.05027717139234125 -0.04274050091418084 0.09504059024949599 0.09444907243424666
 -0.06121102883791786 -0.07402867132366614 0.08531610386607053 0.06553161155801954 -0.09773912154526902 0.02417121681531723 0.09354752120563567 -0.08322189490423812 -0.02227476024148281 -0.08048497151984454 0.07606181935605158 -0.09495440318585226
 -0.03786120115166808 0.07945608812724789 0.03345709103039501 0.005070267124122771 -0.0523400049150783 0.07481739354563516 -0.08712708740110646 0.03677618387126289 0.04413982234390179 0.007478734482203042 -0.03657446274960342 -0.02275438955031849
 -0.06660034634497553 -0.0722653491679241 -0.07437221767059315 -0.09808528009564552 0.09155163659629958 -0.05706576259938151 0.0818044659797478 0.09828644706199494 0.02940683347978276 -0.07366868326925641 0.06244742477358634 0.03625152413668331
 -0.03891409278620438 0.05553268729820507 -0.0603033568809816 0.03065113841236211 -0.05313858010683225 0.001161631811165492 -0.07437933331891437 0.06639502882136369 0.03305544955202699 -0.01244382924656146 0.001313459406395226 -0.07346010872740935
 -0.08661301255342292 -0.0865981824745527 -0.03761601665581062 0.07189042530186227 0.015297733062932 -0.007275828795121092 0.0046890809924168 0.05122954832753057 -0.03720698678649034 0.02606398324149067 0.02291033119455668 0.07158000785973548
 0.0632053059082886 -0.01609208720459929 0.07664461312508594 0.02091170008683821 -0.06624591850284695 0.006845856597035821 0.01628559339108757 -0.01071464973439221 0.09284556348205839 -0.09932342079914964 -0.004466231829733172 0.04645761476991317
 -0.06263841281541066 0.03558366379902805 0.02730390449601852 0.03754216444409653 -0.09052262761551677 -0.09856193490769423 0.02701730053306467 0.09006426079096938 -0.02986434268152011 0.08172698824408114 0.0006024386982918378 -0.03032392440953677
 0.03434351016571419 -0.05814484032348254 0.07714023272266052 0.00408359477898175 0.03189454487641533 -0.02303342113057037 -0.04702966162754899 0.06405177670892417 -0.07713779561265789 0.03124476397032122 -0.05312959328461976 -0.08974632782107961
 0.02250668414576791 0.02891358318760598 0.01713121324114775 -0.09061926390742474 0.0666561108227742 0.05779268944228894 -0.07864084896912113 -0.08902986792336015 0.08835245070122585 0.08555837487224674 -0.00757576716342831 0.07004683367567552
 -0.03004491955534373 0.09559637524938558 0.07101252085413523 0.003012478466116214 -0.02506422399578795 0.01949930605060557 0.09559095607320175 -0.006471628144985017 -0.09484699267477541 -0.01784785450079687 -0.06443832484291091 -0.04691830780173024
 0.06037269232923076 -0.06257753237045584 -0.07806011530823491 -0.0007877740385305587 -0.03795382638504984 0.04219251590490219 0.03466842222618544 -0.004001375173738303 -0.0341130512770003 0.04112117777939464 0.0145524185547404 -0.04697482475165759
 -0.03028270739962288 0.0225277849490341 -0.06504953945203551 0.07006522716291605 -0.004616037537545858 -0.007389611218232991 0.05634516225901273 -0.001228629980830745 -0.07539172375128339 -0.04235631132809429 -0.07590305532647321 -0.07040396653926095
 -0.03382020637855193 -0.07099681688543852 -0.09232406549800351 -0.02388420997075004 0.09708832413818663 -0.04528386651863944 0.07529052030135694 0.07758226703974525 -0.01734777958989159 -0.0203311612923642 0.003937328240789781 -0.02956135825297133
 -0.06238130855277457 -0.04368732056012586 0.0009755705988725022 0.004146633812708106 -0.002069199323650212 -0.03343596538542513 0.05657804007335432 0.09625461914700187 -0.004916037978852733 0.0867628038262972 0.08346496815036505 -0.03264650820240941
 -0.005731144557033302 0.06527958877466253 -0.03050218986562422 -0.06047390536143415 0.02966808056003611 -0.00303092330323701 -0.004422911178849659 0.09795312289271632 0.05482770598604286 -0.02293797082004895 0.02200519549365532 -0.03349531999299579
 -0.02963341627062709 -0.001943433597693056 -0.03239539623476505 -0.02023193977880298 -0.003102832810477837 -0.03658524994005009 -0.001805150166990843 -0.05977661168215042 0.01266291033924678 0.0326690346348896 -0.07811605440306951 -0.09360410363478334
 -0.06534230809263583 0.08524353697380027 0.05951124777788061 -0.02464420780839008 -0.05571557877186403 -0.01014486658304009 -0.03404078205029347 -0.01305596136955088 0.0494999940426584 0.004806773236546574 -0.005082936818039854 -0.09227063059688385
 -0.01222606676012575 0.08354756619041481 0.0623444397223509 0.06135639540564516 0.04854419822980574 -0.08710118623050471 -0.03363483769520524 0.06785489652325968 -0.07402704984849008 -0.0877444727129323 -0.09193709827850911 0.02102928870063933
 0.06544826290570901 -0.04393371354006231 0.06295482708749128 0.05526608929697235 -0.09717042913702782 -0.04915255113235343 -0.04403849322801578 -0.02540220480286313 -0.02150143252173667 0.08086590571705815 -0.04426374847851026 0.05955807033766633
 0.01001526138520048 -0.05932075443644794 0.09010630969784669 0.08312372554438638 0.004871937371036014 0.006590195003886606 -0.02558716373273623 0.01007435926476612 -0.0466431767996372 -0.05107876608546135 0.07583092365659796 0.05554168093434808
 -0.0808681696155748 0.04415458781707793 -0.01252113388491884 -0.02801479699639665 0.07186534239671111 -0.07354619034542442 0.06775970309195414 -0.004094430721140116 -0.01572129134667687 -0.06936539109341844 -0.07517194649058913 0.05303135585788149
 -0.08615584032323628 0.07291129708648 -0.06888946631275607 -0.07267469600730682 -0.06699406423069822 0.03552388270285817 0.08063588426753118 -0.07953888840792527 0.06717868147607511 -0.03699513612309914 -0.03414067013756154 0.01552997102962086
 -0.07920534028607082 0.05332794902597293 -0.06674030944169829 0.04824226199046117 -0.0585849524778139 0.01543869495912276 -0.01726027738164596 -0.009576443256316472 -0.008868369208485424 -0.005753609419923283 -0.006043900694680471 -0.04096502464091561
 0.01263251822033533 -0.01802254517643234 0.02187488830021109 -0.02999808980195168 0.06501937371975317 -0.02209590057296826 0.08976170089211516 -0.07474859386048724 0.07214603326609589 0.02725486083753478 0.09518488098068195 0.07078903319620902
 0.03149530553527527 -0.03992836594867148 0.09058911523383736 -0.08622683447510487 -0.08560864211866689 0.01929494574856483 0.0745215385075908 -0.05339052220178268 0.07194565028809985 0.003330990702816811 -0.04920051820063473 0.04958367834523253
 -0.01416858033364224 -0.03314328696278784 -0.03100256898156392 -0.08024614133909885 -0.05524759652963693 -0.001716168166155635 0.03940128338520404 0.06466477357449099 -0.01333815905508476 0.03652889939892895 0.07564027105686905 0.08122295937629706
 0.09138812473530769 -0.09042164666979166 -0.01842524351846687 0.03661106963087463 -0.02504870715173114 0.05820937948435048 0.006455669435078443 -0.006121904664191075 -0.03798441211713702 -0.005222880256829127 -0.01881979479017756 -0.07406383060418935
 -0.03482591595552526 0.09568834713007662 -0.05757096255042339 0.0337454643942024 0.08336055615042601 -0.08272132104183191 0.04446753032145484 0.09482579576138375 0.06277500116637047 0.03938252091147293 -0.04033136972517352 0.01666072966203339
 0.06029489234398364 0.0189999265394178 -0.02248751796448431 0.0224066148413522 0.06449753021722657 -0.002823330305475269 -0.06604111775190974 0.03206759318112079 0.09162487823640986 0.08839722210707121 -0.02939716294244116 0.0454572844379923
 -0.01274569229449743 -0.08614682608528813 0.04108776597013045 -0.04261940398932095 0.072509866550377 -0.08459445365086071 0.05767206821876703 0.06416076430805287 0.003156756950913692 0.05139125397974562 0.008946711007383118 0.02903462945404195
 -0.06316796439349295 0.08059527509362113 -0.0641951439342443 -0.08128624617015517 0.001824616144118704 -0.09060335097344718 0.04371413038886138 -0.03854678018449006 0.02151701852206234 0.07288573331542844 0.02362943297994542 6.090442697963272e-05
 0.09444837773812539 -0.02005524679214782 -0.01597057109308254 0.05762840396907554 0.09222518060921972 -0.04582380826686851 -0.0487293927644788 -0.04443123785380415 -0.09680866448497878 -0.03005469947553427 -0.001147996409229857 0.08447191524460337
 -0.06781736121487941 0.0406760505058508 -0.07205055549985623 0.09136152410291101 -0.06379238235931572 0.001885174636041251 -0.07594468321921556 -0.06813102481625945 0.08648795393737047 -0.06389806392007726 0.03213812380489003 -0.01376623758716819
 0.08775061121894731 0.04913356494229987 0.05254203003194649 0.08006265499992499 0.06836465899179195 -0.0319481299622944 0.005075793244460058 -0.05226041551842237 -0.07307015205183937 -0.09991257140991139 -0.07672681544133947 0.0577822636796011
 0.01064801086773078 -0.07962047769304449 0.01791283126025633 -0.07434216169419954 0.03889028263777988 0.00388918718495361 0.08376772329015503 0.08228581132448326 0.04461215083386011 -0.06716179022908078 0.04654354325302421 0.009826600269998903
 0.08017518476199445 -0.05304011354303654 -0.04629415429891938 0.01644134620126221 0.08547592037068694 0.05222597389739367 -0.004310101399475838 -0.005915854019551761 0.04089563056926759 -0.06007358937332254 -0.04360412996320592 -0.02894478389426601
 -0.0582887426327701 -0.09349578590120662 -0.04029734777474808 -0.006507557660724875 -0.02881233241140983 0.01147716913054142 -0.07959809117157803 -0.001712027431192226 -0.09206201254086248 -0.04566764893974459 0.04478951066867826 0.07185335791377448
 -0.02808377646620139 -0.0397301496623495 -0.001309443956627118 -0.01457935537179797 -0.08967434257190136 -0.08448835184482395 0.04846359995217231 0.07420544097139109 0.01598698340820073 0.04634533944362074 0.08176282399091092 -0.09607740910831997


