# Created by Octave 4.2.1, Mon Oct 09 19:41:30 2017 BRT <root@mosqueiro>
# name: w1
# type: matrix
# rows: 50
# columns: 12
 -0.0921819164554533 0.06386887727457977 0.03739910777278238 -0.09375621617673902 -0.095206873778032 0.07151551409198093 0.0322008548501678 0.01018688230108196 -0.02357143954606963 -0.03181371152647038 -0.08767860334026809 -0.07005138003628331
 -0.08078137170279481 0.0739790717344242 -0.07124342326384531 -0.03745077714616178 -0.009090229350962847 -0.03648951053217901 -0.02986588546276607 -0.06907555594450873 -0.05147478253833927 0.007454857917626831 -0.04706258503964661 0.01128427875101193
 -0.09430963192771459 0.008644076725254621 -0.06529199615892345 0.05776788663988563 0.002019827633134866 0.03929632604963151 -0.01857947473272671 -0.02584832119467304 0.02215141585395242 -0.07381911077708252 0.05266806306112187 0.03017269132081915
 0.08672801316263243 0.06061711124454919 -0.07143631817413321 -0.08552399429657853 0.07298933386704448 0.05573147289135613 0.08574241110765504 0.07423666624085487 0.07254378850100338 0.069659607200625 -0.08283300324254385 -0.05690924340735052
 0.09021130131553998 0.008283591784926769 -0.004046470261934304 -0.06070896344599796 0.02846541881020678 0.06802615251242208 -0.07362229636147952 -0.01209664879668954 -0.05120372804878798 -0.04028891858446951 -0.07262056205837805 0.05308217146237579
 -0.04074508435755277 -0.04067952353721155 -0.09011915774189369 0.09384062147578398 -0.08839201664929469 -0.03060728014591331 -0.06347463599304035 -0.08735896741597561 0.03385904422828218 0.02940048639741177 -0.05212723322897276 -0.004260139437449767
 0.05884549119450405 -0.004254726709612605 0.01370624728558342 0.00897007770308722 -0.05307431957322918 -0.03841398342435575 0.04170949511014407 -0.006217412817195248 -0.05600630102887957 -0.03212462524352971 0.05111617127284779 -0.06178814648247372
 -0.05595366473270772 -0.09998242976463813 0.05123344210485353 -0.08103297599757084 0.07709851772812709 -0.01082003118442285 0.03956320373807948 -0.03614934865222683 0.02615217175649817 0.07408689658932893 -0.001714817886978776 0.02539462421753977
 -0.05734669727457192 -0.01921214072550889 -0.07465602698577989 -0.02125269262469778 -0.03230212806336613 -0.04738434869368446 -0.03160160936984528 -0.06277795917434892 0.03031682539408903 0.07358903438224562 -0.08090998654887573 -0.03134068737430286
 -0.004135853939692416 0.07036288020999093 0.05612883751513373 -0.08251537392771266 -0.04459201841559976 0.09282479946416652 0.0680657678682379 0.08280489853543199 -0.02008071516080435 -0.09996081626165347 -0.03495820356463346 -0.04028503205042312
 -0.03575460416754726 -0.01560533918559867 0.02729793845115122 0.007593575208580144 -0.01239626722208548 0.02646607077759394 -0.08667914202966411 0.01015841882678629 -0.03529786174705439 0.02156940688522488 0.02337207239881234 -0.03716969166039258
 -0.07732017536597662 -0.05237869033036872 0.07585661346191905 -0.05239470445485909 0.08162918177251402 -0.0789854850307921 -0.009414005574027592 -0.07369609788814795 -0.05237602776611203 -0.08943690706806084 0.01772780036406582 0.044548384959125
 0.04732575934060113 0.006390595339968108 0.05462020243446838 0.05599677878840489 -0.06886177837242306 0.09025474552765908 0.01002326648542862 0.007376913093736365 -0.09680461674250478 -0.0868948792521307 -0.04009338963322432 -0.06980246841039417
 -0.0586393487067426 0.0885427922830839 -0.08005266647540844 -0.09507168246269065 0.007617797380771549 0.04353932469986632 -0.03644447174659719 0.0925221008761262 0.09192473737390452 -0.0616937889275509 0.04180830498000104 -0.09111066222492159
 -0.03487102491212092 0.03418608653128175 -0.08027721454966853 0.08707341561433476 -0.003917560272732851 0.005216388735954508 -0.004699105667762535 0.07770267734684738 0.00146215938983621 0.04918034717812897 -0.04336822435729754 -0.007275717222531383
 0.002258356656892418 0.09527211626223847 -0.001131027273307772 -0.01627715826408872 0.01155462852301865 0.008492387723552902 -0.07758411233160087 0.01094651557726292 -0.03718172754514745 -0.05313100812739285 0.05949093697620689 -0.005627162760210441
 -0.0337410051504866 -0.008050035023535573 -0.09406577890881204 0.09931079596943351 -0.02173828205256084 0.02396227851405726 0.04877932829809914 0.001345983730154224 -0.09016372486293982 -0.04234395899203108 0.06762377069044989 -0.04911527002016657
 0.06525216608521639 0.03436432330768985 0.05125434879234766 0.06234119693770299 -0.05945305018488178 -0.007318467541635842 -0.05197856141990284 0.02125603496318584 -0.01732288982410832 -0.05880966120190169 0.03100448017559754 0.0982169889129752
 -0.06922264077090894 -0.07624810547392499 0.07957521088160746 0.08182502737518188 0.06179367007545669 -0.04157212787986585 0.03186240448407859 -0.03110859947039803 0.04537868672613035 -0.06673934181887545 -0.0784999865888939 -0.07702645386642756
 -0.05071234254029659 0.08021558417510818 -0.06163542359484214 0.06914038538736414 0.08068115478701193 0.07760843780868162 -0.01059441243095859 0.04717232131834798 -0.07933492277036348 0.01020811203863541 -0.07391810909535498 0.06279589632349036
 -0.01116066392141656 -0.01286460473451451 -0.04194161523248351 -0.002085804576116942 -0.01445964815592754 0.08768356915852443 0.09611150057149995 0.08885443842083951 0.09163925030581074 -0.07154750526187038 0.03321712511070038 0.05425010854268938
 -0.009099648169383967 -0.06676786878165077 0.03976762012811649 -0.08441225461763988 0.009717253283012164 0.08815081120517518 -0.02358639390891251 0.04710667375966623 -0.02078026227277044 -0.06743272011268066 -0.01635354563319949 0.06861750541860043
 -0.09973102607109274 0.01602159230120614 0.08313963942117816 -0.09134729974990415 -0.05892443221620774 -0.06009571378889864 0.09291043893294795 -0.05946062167641223 0.03342298594657592 0.01513822279323158 -0.0464261161068838 0.09290725015790721
 -0.008499929055839461 -0.08884029889969848 -0.04307850890851283 0.005851752032561802 -0.04695892926408742 -0.0345611874739718 0.07894608188718222 -0.02078763160756882 -0.0658991697422297 -0.06176579693584886 -0.05135201039174814 0.03920935072516127
 -0.01623757545053436 0.06547020587038188 0.03828759637709847 0.04304674122048482 0.01239398173335807 -0.07628784446779943 0.01667656697514579 -0.08537336142744009 0.006388247117942128 -0.03558293732714829 0.06543379944523528 -0.09172399331077738
 0.06280844669102001 -0.05701702493715931 -0.04924606013480561 0.05913394023414278 -0.03160251953666703 -0.05025119393598613 -0.0001221637118566099 0.09027176234509773 0.07142598632164029 0.09723695613668837 -0.01889252856184362 -0.04059602214866459
 0.05384243050381868 0.05482136923334835 -0.02044932672149039 -0.02951743620600776 0.04920052083333379 -0.03182650690162597 -0.01706756302357457 -0.008353374558025345 0.08626232903982678 0.09249527764715701 -0.03100587745341964 0.03712673962117813
 -0.08988110836033329 -0.09264903794879713 -0.08986028414319089 0.03898813191426848 -0.02361577881373308 0.01327680088675073 -0.0357396937718082 0.04882317241553596 -0.04378244778581787 -0.05145078569293328 -0.03123334113287821 0.02729446761713178
 -0.01047695734731827 -0.09707339903142227 -0.09364226417486547 -0.05688339708193481 0.07434446351615101 0.07206607916833738 -0.08642328591897132 -0.04820825952525844 0.005171815383060802 -0.09396381489924992 0.09832601852893652 -0.02452292277342855
 -0.08196358284918279 -0.08821904585246595 0.002183772180744392 0.04440992482860992 -0.02676666462893781 -0.04300288848687396 -0.08379525443036089 0.05853188354893979 -0.07090233397484544 0.02188366468955949 -0.01065783164583406 0.04186493274003508
 0.02454210979618565 -0.07115525390027963 0.001509513875274468 0.0941138297218681 -0.006526671834534203 0.04559136179470216 0.03537742138565592 0.07982861533953484 0.03654742052768992 0.02462365486766731 0.07664806920805431 -0.05186980070640718
 0.02492809904833029 0.01973311644502262 0.02619605634567138 -0.08820657173519195 0.06704476816407953 0.0167931018961289 0.05685626250825102 0.00776092474519377 -0.06346288774395305 -0.08410279025757947 9.183067815687895e-05 -0.03990766959052586
 0.02042744006683035 0.07764533038145421 -0.0707638902528948 -0.02643191687181547 0.08202034787973495 -0.07269195773701184 -0.07001858412117973 0.004903569442467087 -0.02649139518998124 -0.05393873931813197 0.02758666293148193 0.07252627874631037
 0.04866010228323439 -0.03616018833552431 -0.04119535839587608 0.05807723078121838 0.09506078236064164 -0.04256854474485693 -0.07064323958749553 0.07108306533005779 -0.04955943893950607 -0.05013795589031799 -0.0554473823928917 -0.01984337635432507
 -0.03015474235645969 -0.09639885478228009 0.06982593718204963 -0.03051075952912904 0.07371015071130493 -0.02596929138709557 0.09599979017995799 -0.004273264566763676 -0.006491191747660677 0.02770162118116487 -0.02831306882720216 -0.08230402095734224
 -0.03438278435625272 -0.06096581728273975 -0.05901454586011665 -0.09643496695199524 -0.02195117884811176 -0.0633016732542179 -0.04157092735007781 0.04742250393300307 0.007299473340271659 0.06353543078956442 -0.09626133039925686 -0.08233063502578505
 -0.01328779159421284 0.07797337248042926 0.04275169094192438 -0.0575202192801024 -0.009264859503334721 0.03004777503683725 -0.06420952493463594 -0.07864828827700267 0.01829192159635092 0.03575561102402033 0.0608101238315055 0.07951149169369096
 -0.0323463097525384 0.07901547772634238 0.0961274480008473 0.09272336857051641 0.02677566248580701 0.07357288018398453 -0.08441092581350342 -0.05298492734475055 0.0407543962307797 -0.05838500244825665 -0.07511236163201764 0.000619077383596206
 0.06145239291589252 -0.01686405947652939 0.08425255586256677 -0.02755350050266546 0.06195238499754416 -0.08262812660906739 0.07729368177750007 0.01202547198614479 -0.01891514461839562 -0.09914582925864661 0.003359678860642923 0.04016001774297767
 0.02349130173992472 -0.0455719013739741 -0.01824597728199542 -0.0124582864932738 0.002669391054970632 -0.07045048745758158 0.05695675262932595 -0.03855221675553581 -0.0586101919929351 -0.01649179061579729 -0.04561826207939301 0.04267878184720972
 -0.09414135630713465 0.03798970290322462 -0.08800143735972643 0.03587192052353844 0.05421300240845148 -0.0305244282562894 -0.03582850051496035 -0.02594011319420399 -0.08396855313185371 0.08161899170453132 -0.09715759095004248 0.03492586341999857
 0.05531283551274596 0.03791095877989387 0.05485819786936399 -0.09469468308459643 0.01650076933419001 -0.08282839549087485 0.02064805256570479 0.07075369466624687 0.07383238684806356 -0.03173248219733162 0.001733262545389788 0.05459451583905414
 0.09627668195707761 0.005400268316514453 0.03062400200382115 0.09759576952377833 0.0614061877243261 -0.06992700447919473 -0.07538312452949686 0.04961324241987147 0.01013254512804038 -0.003997010917879434 0.06869610411357696 -0.03782515466695539
 0.05007266921473996 -0.07017042208652925 0.01281499024294837 0.03276669772104981 0.04267993622609542 0.06926287278954327 -0.08067555104464576 -0.04869285759796504 -0.09201787053409734 -0.001378553465813934 0.05971055583623899 0.08411730124343172
 0.0367350008080535 0.0203357898002805 -0.03735905353465067 -0.0032337273592912 0.03180025350243182 0.0510896942239413 0.01596680005969994 0.08216552589604359 -0.02026007664137081 -0.02288819000355238 -0.07555150855837994 -0.0173994056897966
 0.008426586830850513 0.08063411205174348 -0.05887216072394072 0.001346991778598233 0.04329000328870461 0.02795187695687631 0.03546062689858365 -0.04351324288250781 -0.07749533750099481 -0.05793887532592205 0.07411453950310534 -0.0184246769735983
 -0.07349609938814942 0.07970111682524378 -0.07018480829201316 -0.09482410770122131 0.04710478704759791 -0.04133781752468796 0.08595084939268757 0.008656776835538268 -0.05542228271686861 -0.0147971196136517 -0.06863482253557696 -0.007717259260747747
 -0.08212701229426635 0.03062863457377435 0.04852311264109116 0.06555347141088566 -0.01959207583131164 0.03080046899658889 -0.0340392854912419 -0.07344198609518442 0.08562616476268523 0.03425736706238081 0.06575147394592359 -0.02524866259804971
 0.02981359707825515 -0.0368074186410404 0.0335536129054618 0.09997058238599665 0.01659661925569984 0.0004469438671200476 0.01243697024663663 -0.03877753357544848 -0.07115813715924288 0.03689043072427928 -0.08465492191620298 -0.01770966945325228
 0.07814373473265621 0.06964217005798684 0.002694940752671515 -0.02688810499407665 0.06599068441702863 0.08168439046061857 -0.03561642380134609 0.09739159275938744 -0.03240150422864184 -0.009296532147261144 -0.06788753945506465 0.0918889053397875


