14
12
20
15
10
14
3
5
5
5
6
2
5
3
6
2
7
2
0
2
1
4
4
1
1
2
4
4
1
0
1
0
1
0
1
0
1
0
0
0
1
0
2
0
0
1
0
1
0
1
2
2
17
15
21
22
26
16
13
9
7
35
39
46
51
81
49
67
32
39
33
22
8
13
9
4
7
6
6
4
1
5
9
3
1
2
2
1
0
0
0
0
1
0
0
2
0
0
1
1
1
4
2
0
45
60
59
87
149
179
203
332
204
164
142
144
121
212
150
114
105
98
94
57
44
23
29
9
9
6
6
2
4
5
1
4
2
0
3
3
1
1
0
1
0
1
0
0
0
1
4
3
0
2
4
3
22
35
43
49
68
67
85
112
100
141
161
179
127
63
63
62
45
50
38
23
19
9
14
6
4
8
5
4
3
7
7
1
2
0
0
1
0
1
1
0
1
0
2
1
1
2
1
1
1
0
1
0
22
35
43
49
68
67
85
112
100
141
161
179
127
63
63
62
45
50
38
23
19
9
14
6
4
8
5
4
3
7
7
1
2
0
0
1
0
1
1
0
1
0
2
1
1
2
1
1
1
0
1
0
9
9
5
6
5
6
7
1
10
7
10
6
9
4
16
11
13
10
6
11
8
3
11
8
2
12
6
6
8
7
9
2
4
2
0
3
2
1
2
0
0
1
0
3
0
1
2
0
1
1
0
0
8
13
16
11
24
18
19
30
62
94
90
123
137
146
156
293
196
144
73
34
23
12
8
9
6
7
8
7
6
4
10
5
4
0
1
3
5
4
2
2
4
4
9
2
3
2
4
4
3
1
1
1
26
32
19
29
37
25
35
54
85
108
168
248
264
355
397
453
405
385
282
164
116
63
37
25
26
14
12
22
20
10
8
10
9
3
7
13
15
7
12
14
7
12
18
28
30
53
54
26
26
32
27
10
33
26
28
36
27
32
22
27
28
19
18
44
57
59
47
51
40
24
22
18
11
13
3
5
5
2
4
5
5
3
3
2
3
1
3
0
1
0
0
1
0
3
2
3
1
1
1
0
4
1
5
3
42
36
41
32
27
18
18
26
28
45
44
49
42
62
56
42
18
32
15
16
15
5
8
4
3
5
6
3
7
4
4
4
0
0
2
0
1
0
0
0
3
0
1
0
2
0
2
1
6
2
4
2
43
48
42
66
83
112
260
368
394
312
545
697
811
952
562
573
755
635
436
207
145
126
72
48
33
38
36
27
35
25
8
17
11
8
10
8
5
8
3
6
4
8
9
6
10
6
14
16
19
20
13
8
51
66
60
64
115
115
140
183
230
186
272
346
373
469
470
562
628
435
307
235
132
97
45
29
27
36
21
18
30
13
7
17
9
4
6
8
13
6
12
4
15
7
15
4
17
26
25
36
62
68
11
0
30
49
46
39
42
34
30
43
49
61
85
75
95
103
140
159
150
105
64
43
43
28
18
18
23
25
8
14
14
10
11
6
4
4
4
4
7
10
4
6
7
10
8
3
7
7
7
9
13
10
11
5
69
80
84
78
98
69
75
150
203
219
310
370
277
394
434
380
250
179
163
152
115
68
44
39
43
26
24
20
27
17
19
14
8
7
8
6
5
5
10
9
10
6
11
6
9
9
11
15
16
18
21
9
31
36
59
59
103
103
226
283
375
592
756
1260
1982
2380
3192
4546
3880
3392
2356
2475
1462
1050
582
431
434
327
233
151
129
114
89
74
73
67
68
86
67
8
