   3.0796304443466782e-03	
   6.5992080950285964e-04	
   1.0998680158380994e-03	
   1.0998680158380994e-03	
   1.0998680158380994e-03	
   1.3198416190057193e-03	
   4.3994720633523980e-04	
   1.0998680158380994e-03	
   6.5992080950285964e-04	
   1.3198416190057193e-03	
   4.3994720633523980e-04	
   1.5398152221733391e-03	
   4.3994720633523980e-04	
   0.0000000000000000e+00	
   4.3994720633523980e-04	
   2.1997360316761990e-04	
   8.7989441267047959e-04	
   8.7989441267047959e-04	
   2.1997360316761990e-04	
   2.1997360316761990e-04	
   4.3994720633523980e-04	
   8.7989441267047959e-04	
   8.7989441267047959e-04	
   2.1997360316761990e-04	
   0.0000000000000000e+00	
   2.1997360316761990e-04	
   0.0000000000000000e+00	
   2.1997360316761990e-04	
   0.0000000000000000e+00	
   2.1997360316761990e-04	
   0.0000000000000000e+00	
   2.1997360316761990e-04	
   0.0000000000000000e+00	
   0.0000000000000000e+00	
   0.0000000000000000e+00	
   2.1997360316761990e-04	
   0.0000000000000000e+00	
   4.3994720633523980e-04	
   0.0000000000000000e+00	
   0.0000000000000000e+00	
   2.1997360316761990e-04	
   0.0000000000000000e+00	
   2.1997360316761990e-04	
   0.0000000000000000e+00	
   2.1997360316761990e-04	
   4.3994720633523980e-04	
   4.3994720633523980e-04	
   3.7395512538495380e-03	
   3.2996040475142983e-03	
   4.6194456665200178e-03	
   4.8394192696876379e-03	
   5.7193136823581172e-03	
   3.5195776506819184e-03	
   2.8596568411790586e-03	
   1.9797624285085788e-03	
   1.5398152221733391e-03	
   7.6990761108666960e-03	
   8.5789705235371754e-03	
   1.0118785745710514e-02	
   1.1218653761548614e-02	
   1.7817861856577209e-02	
   1.0778706555213374e-02	
   1.4738231412230532e-02	
   7.0391553013638367e-03	
   8.5789705235371754e-03	
   7.2591289045314559e-03	
   4.8394192696876379e-03	
   1.7597888253409592e-03	
   2.8596568411790586e-03	
   1.9797624285085788e-03	
   8.7989441267047959e-04	
   1.5398152221733391e-03	
   1.3198416190057193e-03	
   1.3198416190057193e-03	
   8.7989441267047959e-04	
   2.1997360316761990e-04	
   1.0998680158380994e-03	
   1.9797624285085788e-03	
   6.5992080950285964e-04	
   2.1997360316761990e-04	
   4.3994720633523980e-04	
   4.3994720633523980e-04	
   2.1997360316761990e-04	
   0.0000000000000000e+00	
   0.0000000000000000e+00	
   0.0000000000000000e+00	
   0.0000000000000000e+00	
   2.1997360316761990e-04	
   0.0000000000000000e+00	
   0.0000000000000000e+00	
   4.3994720633523980e-04	
   0.0000000000000000e+00	
   0.0000000000000000e+00	
   2.1997360316761990e-04	
   2.1997360316761990e-04	
   2.1997360316761990e-04	
   8.7989441267047959e-04	
   4.3994720633523980e-04	
   0.0000000000000000e+00	
   9.8988121425428940e-03	
   1.3198416190057193e-02	
   1.2978442586889573e-02	
   1.9137703475582930e-02	
   3.2776066871975360e-02	
   3.9375274967003958e-02	
   4.4654641443026839e-02	
   7.3031236251649798e-02	
   4.4874615046194458e-02	
   3.6075670919489662e-02	
   3.1236251649802024e-02	
   3.1676198856137261e-02	
   2.6616805983282005e-02	
   4.6634403871535418e-02	
   3.2996040475142985e-02	
   2.5076990761108666e-02	
   2.3097228332600087e-02	
   2.1557413110426749e-02	
   2.0677518697756268e-02	
   1.2538495380554333e-02	
   9.6788385393752757e-03	
   5.0593928728552571e-03	
   6.3792344918609765e-03	
   1.9797624285085788e-03	
   1.9797624285085788e-03	
   1.3198416190057193e-03	
   1.3198416190057193e-03	
   4.3994720633523980e-04	
   8.7989441267047959e-04	
   1.0998680158380994e-03	
   2.1997360316761990e-04	
   8.7989441267047959e-04	
   4.3994720633523980e-04	
   0.0000000000000000e+00	
   6.5992080950285964e-04	
   6.5992080950285964e-04	
   2.1997360316761990e-04	
   2.1997360316761990e-04	
   0.0000000000000000e+00	
   2.1997360316761990e-04	
   0.0000000000000000e+00	
   2.1997360316761990e-04	
   0.0000000000000000e+00	
   0.0000000000000000e+00	
   0.0000000000000000e+00	
   2.1997360316761990e-04	
   8.7989441267047959e-04	
   6.5992080950285964e-04	
   0.0000000000000000e+00	
   4.3994720633523980e-04	
   8.7989441267047959e-04	
   6.5992080950285964e-04	
   4.8394192696876379e-03	
   7.6990761108666960e-03	
   9.4588649362076557e-03	
   1.0778706555213374e-02	
   1.4958205015398152e-02	
   1.4738231412230532e-02	
   1.8697756269247690e-02	
   2.4637043554773426e-02	
   2.1997360316761989e-02	
   3.1016278046634402e-02	
   3.5415750109986800e-02	
   3.9375274967003958e-02	
   2.7936647602287725e-02	
   1.3858336999560053e-02	
   1.3858336999560053e-02	
   1.3638363396392433e-02	
   9.8988121425428940e-03	
   1.0998680158380994e-02	
   8.3589969203695554e-03	
   5.0593928728552571e-03	
   4.1794984601847777e-03	
   1.9797624285085788e-03	
   3.0796304443466782e-03	
   1.3198416190057193e-03	
   8.7989441267047959e-04	
   1.7597888253409592e-03	
   1.0998680158380994e-03	
   8.7989441267047959e-04	
   6.5992080950285964e-04	
   1.5398152221733391e-03	
   1.5398152221733391e-03	
   2.1997360316761990e-04	
   4.3994720633523980e-04	
   0.0000000000000000e+00	
   0.0000000000000000e+00	
   2.1997360316761990e-04	
   0.0000000000000000e+00	
   2.1997360316761990e-04	
   2.1997360316761990e-04	
   0.0000000000000000e+00	
   2.1997360316761990e-04	
   0.0000000000000000e+00	
   4.3994720633523980e-04	
   2.1997360316761990e-04	
   2.1997360316761990e-04	
   4.3994720633523980e-04	
   2.1997360316761990e-04	
   2.1997360316761990e-04	
   2.1997360316761990e-04	
   0.0000000000000000e+00	
   2.1997360316761990e-04	
   0.0000000000000000e+00	
   4.8394192696876379e-03	
   7.6990761108666960e-03	
   9.4588649362076557e-03	
   1.0778706555213374e-02	
   1.4958205015398152e-02	
   1.4738231412230532e-02	
   1.8697756269247690e-02	
   2.4637043554773426e-02	
   2.1997360316761989e-02	
   3.1016278046634402e-02	
   3.5415750109986800e-02	
   3.9375274967003958e-02	
   2.7936647602287725e-02	
   1.3858336999560053e-02	
   1.3858336999560053e-02	
   1.3638363396392433e-02	
   9.8988121425428940e-03	
   1.0998680158380994e-02	
   8.3589969203695554e-03	
   5.0593928728552571e-03	
   4.1794984601847777e-03	
   1.9797624285085788e-03	
   3.0796304443466782e-03	
   1.3198416190057193e-03	
   8.7989441267047959e-04	
   1.7597888253409592e-03	
   1.0998680158380994e-03	
   8.7989441267047959e-04	
   6.5992080950285964e-04	
   1.5398152221733391e-03	
   1.5398152221733391e-03	
   2.1997360316761990e-04	
   4.3994720633523980e-04	
   0.0000000000000000e+00	
   0.0000000000000000e+00	
   2.1997360316761990e-04	
   0.0000000000000000e+00	
   2.1997360316761990e-04	
   2.1997360316761990e-04	
   0.0000000000000000e+00	
   2.1997360316761990e-04	
   0.0000000000000000e+00	
   4.3994720633523980e-04	
   2.1997360316761990e-04	
   2.1997360316761990e-04	
   4.3994720633523980e-04	
   2.1997360316761990e-04	
   2.1997360316761990e-04	
   2.1997360316761990e-04	
   0.0000000000000000e+00	
   2.1997360316761990e-04	
   0.0000000000000000e+00	
   1.9797624285085788e-03	
   1.9797624285085788e-03	
   1.0998680158380994e-03	
   1.3198416190057193e-03	
   1.0998680158380994e-03	
   1.3198416190057193e-03	
   1.5398152221733391e-03	
   2.1997360316761990e-04	
   2.1997360316761989e-03	
   1.5398152221733391e-03	
   2.1997360316761989e-03	
   1.3198416190057193e-03	
   1.9797624285085788e-03	
   8.7989441267047959e-04	
   3.5195776506819184e-03	
   2.4197096348438189e-03	
   2.8596568411790586e-03	
   2.1997360316761989e-03	
   1.3198416190057193e-03	
   2.4197096348438189e-03	
   1.7597888253409592e-03	
   6.5992080950285964e-04	
   2.4197096348438189e-03	
   1.7597888253409592e-03	
   4.3994720633523980e-04	
   2.6396832380114386e-03	
   1.3198416190057193e-03	
   1.3198416190057193e-03	
   1.7597888253409592e-03	
   1.5398152221733391e-03	
   1.9797624285085788e-03	
   4.3994720633523980e-04	
   8.7989441267047959e-04	
   4.3994720633523980e-04	
   0.0000000000000000e+00	
   6.5992080950285964e-04	
   4.3994720633523980e-04	
   2.1997360316761990e-04	
   4.3994720633523980e-04	
   0.0000000000000000e+00	
   0.0000000000000000e+00	
   2.1997360316761990e-04	
   0.0000000000000000e+00	
   6.5992080950285964e-04	
   0.0000000000000000e+00	
   2.1997360316761990e-04	
   4.3994720633523980e-04	
   0.0000000000000000e+00	
   2.1997360316761990e-04	
   2.1997360316761990e-04	
   0.0000000000000000e+00	
   0.0000000000000000e+00	
   1.7597888253409592e-03	
   2.8596568411790586e-03	
   3.5195776506819184e-03	
   2.4197096348438189e-03	
   5.2793664760228771e-03	
   3.9595248570171576e-03	
   4.1794984601847777e-03	
   6.5992080950285966e-03	
   1.3638363396392433e-02	
   2.0677518697756268e-02	
   1.9797624285085788e-02	
   2.7056753189617245e-02	
   3.0136383633963926e-02	
   3.2116146062472505e-02	
   3.4315882094148702e-02	
   6.4452265728112620e-02	
   4.3114826220853497e-02	
   3.1676198856137261e-02	
   1.6058073031236252e-02	
   7.4791025076990760e-03	
   5.0593928728552571e-03	
   2.6396832380114386e-03	
   1.7597888253409592e-03	
   1.9797624285085788e-03	
   1.3198416190057193e-03	
   1.5398152221733391e-03	
   1.7597888253409592e-03	
   1.5398152221733391e-03	
   1.3198416190057193e-03	
   8.7989441267047959e-04	
   2.1997360316761989e-03	
   1.0998680158380994e-03	
   8.7989441267047959e-04	
   0.0000000000000000e+00	
   2.1997360316761990e-04	
   6.5992080950285964e-04	
   1.0998680158380994e-03	
   8.7989441267047959e-04	
   4.3994720633523980e-04	
   4.3994720633523980e-04	
   8.7989441267047959e-04	
   8.7989441267047959e-04	
   1.9797624285085788e-03	
   4.3994720633523980e-04	
   6.5992080950285964e-04	
   4.3994720633523980e-04	
   8.7989441267047959e-04	
   8.7989441267047959e-04	
   6.5992080950285964e-04	
   2.1997360316761990e-04	
   2.1997360316761990e-04	
   2.1997360316761990e-04	
   5.7193136823581172e-03	
   7.0391553013638367e-03	
   4.1794984601847777e-03	
   6.3792344918609765e-03	
   8.1390233172019353e-03	
   5.4993400791904972e-03	
   7.6990761108666960e-03	
   1.1878574571051475e-02	
   1.8697756269247690e-02	
   2.3757149142102949e-02	
   3.6955565332160142e-02	
   5.4553453585569733e-02	
   5.8073031236251647e-02	
   7.8090629124505054e-02	
   8.7329520457545093e-02	
   9.9648042234931802e-02	
   8.9089309282886053e-02	
   8.4689837219533659e-02	
   6.2032556093268805e-02	
   3.6075670919489662e-02	
   2.5516937967443906e-02	
   1.3858336999560053e-02	
   8.1390233172019353e-03	
   5.4993400791904972e-03	
   5.7193136823581172e-03	
   3.0796304443466782e-03	
   2.6396832380114386e-03	
   4.8394192696876379e-03	
   4.3994720633523977e-03	
   2.1997360316761989e-03	
   1.7597888253409592e-03	
   2.1997360316761989e-03	
   1.9797624285085788e-03	
   6.5992080950285964e-04	
   1.5398152221733391e-03	
   2.8596568411790586e-03	
   3.2996040475142983e-03	
   1.5398152221733391e-03	
   2.6396832380114386e-03	
   3.0796304443466782e-03	
   1.5398152221733391e-03	
   2.6396832380114386e-03	
   3.9595248570171576e-03	
   6.1592608886933565e-03	
   6.5992080950285966e-03	
   1.1658600967883855e-02	
   1.1878574571051475e-02	
   5.7193136823581172e-03	
   5.7193136823581172e-03	
   7.0391553013638367e-03	
   5.9392872855257373e-03	
   2.1997360316761989e-03	
   7.2591289045314559e-03	
   5.7193136823581172e-03	
   6.1592608886933565e-03	
   7.9190497140343152e-03	
   5.9392872855257373e-03	
   7.0391553013638367e-03	
   4.8394192696876379e-03	
   5.9392872855257373e-03	
   6.1592608886933565e-03	
   4.1794984601847777e-03	
   3.9595248570171576e-03	
   9.6788385393752757e-03	
   1.2538495380554333e-02	
   1.2978442586889573e-02	
   1.0338759348878134e-02	
   1.1218653761548614e-02	
   8.7989441267047955e-03	
   5.2793664760228771e-03	
   4.8394192696876379e-03	
   3.9595248570171576e-03	
   2.4197096348438189e-03	
   2.8596568411790586e-03	
   6.5992080950285964e-04	
   1.0998680158380994e-03	
   1.0998680158380994e-03	
   4.3994720633523980e-04	
   8.7989441267047959e-04	
   1.0998680158380994e-03	
   1.0998680158380994e-03	
   6.5992080950285964e-04	
   6.5992080950285964e-04	
   4.3994720633523980e-04	
   6.5992080950285964e-04	
   2.1997360316761990e-04	
   6.5992080950285964e-04	
   0.0000000000000000e+00	
   2.1997360316761990e-04	
   0.0000000000000000e+00	
   0.0000000000000000e+00	
   2.1997360316761990e-04	
   0.0000000000000000e+00	
   6.5992080950285964e-04	
   4.3994720633523980e-04	
   6.5992080950285964e-04	
   2.1997360316761990e-04	
   2.1997360316761990e-04	
   2.1997360316761990e-04	
   0.0000000000000000e+00	
   8.7989441267047959e-04	
   2.1997360316761990e-04	
   1.0998680158380994e-03	
   6.5992080950285964e-04	
   9.2388913330400356e-03	
   7.9190497140343152e-03	
   9.0189177298724155e-03	
   7.0391553013638367e-03	
   5.9392872855257373e-03	
   3.9595248570171576e-03	
   3.9595248570171576e-03	
   5.7193136823581172e-03	
   6.1592608886933565e-03	
   9.8988121425428940e-03	
   9.6788385393752757e-03	
   1.0778706555213374e-02	
   9.2388913330400356e-03	
   1.3638363396392433e-02	
   1.2318521777386713e-02	
   9.2388913330400356e-03	
   3.9595248570171576e-03	
   7.0391553013638367e-03	
   3.2996040475142983e-03	
   3.5195776506819184e-03	
   3.2996040475142983e-03	
   1.0998680158380994e-03	
   1.7597888253409592e-03	
   8.7989441267047959e-04	
   6.5992080950285964e-04	
   1.0998680158380994e-03	
   1.3198416190057193e-03	
   6.5992080950285964e-04	
   1.5398152221733391e-03	
   8.7989441267047959e-04	
   8.7989441267047959e-04	
   8.7989441267047959e-04	
   0.0000000000000000e+00	
   0.0000000000000000e+00	
   4.3994720633523980e-04	
   0.0000000000000000e+00	
   2.1997360316761990e-04	
   0.0000000000000000e+00	
   0.0000000000000000e+00	
   0.0000000000000000e+00	
   6.5992080950285964e-04	
   0.0000000000000000e+00	
   2.1997360316761990e-04	
   0.0000000000000000e+00	
   4.3994720633523980e-04	
   0.0000000000000000e+00	
   4.3994720633523980e-04	
   2.1997360316761990e-04	
   1.3198416190057193e-03	
   4.3994720633523980e-04	
   8.7989441267047959e-04	
   4.3994720633523980e-04	
   9.4588649362076557e-03	
   1.0558732952045754e-02	
   9.2388913330400356e-03	
   1.4518257809062912e-02	
   1.8257809062912449e-02	
   2.4637043554773426e-02	
   5.7193136823581167e-02	
   8.0950285965684113e-02	
   8.6669599648042231e-02	
   6.8631764188297403e-02	
   1.1988561372635284e-01	
   1.5332160140783105e-01	
   1.7839859216893972e-01	
   2.0941487021557414e-01	
   1.2362516498020237e-01	
   1.2604487461504618e-01	
   1.6608007039155301e-01	
   1.3968323801143862e-01	
   9.5908490981082270e-02	
   4.5534535855697320e-02	
   3.1896172459304886e-02	
   2.7716673999120107e-02	
   1.5838099428068630e-02	
   1.0558732952045754e-02	
   7.2591289045314559e-03	
   8.3589969203695554e-03	
   7.9190497140343152e-03	
   5.9392872855257373e-03	
   7.6990761108666960e-03	
   5.4993400791904972e-03	
   1.7597888253409592e-03	
   3.7395512538495380e-03	
   2.4197096348438189e-03	
   1.7597888253409592e-03	
   2.1997360316761989e-03	
   1.7597888253409592e-03	
   1.0998680158380994e-03	
   1.7597888253409592e-03	
   6.5992080950285964e-04	
   1.3198416190057193e-03	
   8.7989441267047959e-04	
   1.7597888253409592e-03	
   1.9797624285085788e-03	
   1.3198416190057193e-03	
   2.1997360316761989e-03	
   1.3198416190057193e-03	
   3.0796304443466782e-03	
   3.5195776506819184e-03	
   4.1794984601847777e-03	
   4.3994720633523977e-03	
   2.8596568411790586e-03	
   1.7597888253409592e-03	
   1.1218653761548614e-02	
   1.4518257809062912e-02	
   1.3198416190057193e-02	
   1.4078310602727673e-02	
   2.5296964364276288e-02	
   2.5296964364276288e-02	
   3.0796304443466784e-02	
   4.0255169379674438e-02	
   5.0593928728552576e-02	
   4.0915090189177300e-02	
   5.9832820061592608e-02	
   7.6110866695996482e-02	
   8.2050153981522211e-02	
   1.0316761988561372e-01	
   1.0338759348878135e-01	
   1.2362516498020237e-01	
   1.3814342278926528e-01	
   9.5688517377914645e-02	
   6.7531896172459305e-02	
   5.1693796744390674e-02	
   2.9036515618125824e-02	
   2.1337439507259130e-02	
   9.8988121425428940e-03	
   6.3792344918609765e-03	
   5.9392872855257373e-03	
   7.9190497140343152e-03	
   4.6194456665200178e-03	
   3.9595248570171576e-03	
   6.5992080950285966e-03	
   2.8596568411790586e-03	
   1.5398152221733391e-03	
   3.7395512538495380e-03	
   1.9797624285085788e-03	
   8.7989441267047959e-04	
   1.3198416190057193e-03	
   1.7597888253409592e-03	
   2.8596568411790586e-03	
   1.3198416190057193e-03	
   2.6396832380114386e-03	
   8.7989441267047959e-04	
   3.2996040475142983e-03	
   1.5398152221733391e-03	
   3.2996040475142983e-03	
   8.7989441267047959e-04	
   3.7395512538495380e-03	
   5.7193136823581172e-03	
   5.4993400791904972e-03	
   7.9190497140343152e-03	
   1.3638363396392433e-02	
   1.4958205015398152e-02	
   2.4197096348438189e-03	
   0.0000000000000000e+00	
   6.5992080950285966e-03	
   1.0778706555213374e-02	
   1.0118785745710514e-02	
   8.5789705235371754e-03	
   9.2388913330400356e-03	
   7.4791025076990760e-03	
   6.5992080950285966e-03	
   9.4588649362076557e-03	
   1.0778706555213374e-02	
   1.3418389793224813e-02	
   1.8697756269247690e-02	
   1.6498020237571492e-02	
   2.0897492300923890e-02	
   2.2657281126264847e-02	
   3.0796304443466784e-02	
   3.4975802903651564e-02	
   3.2996040475142985e-02	
   2.3097228332600087e-02	
   1.4078310602727673e-02	
   9.4588649362076557e-03	
   9.4588649362076557e-03	
   6.1592608886933565e-03	
   3.9595248570171576e-03	
   3.9595248570171576e-03	
   5.0593928728552571e-03	
   5.4993400791904972e-03	
   1.7597888253409592e-03	
   3.0796304443466782e-03	
   3.0796304443466782e-03	
   2.1997360316761989e-03	
   2.4197096348438189e-03	
   1.3198416190057193e-03	
   8.7989441267047959e-04	
   8.7989441267047959e-04	
   8.7989441267047959e-04	
   8.7989441267047959e-04	
   1.5398152221733391e-03	
   2.1997360316761989e-03	
   8.7989441267047959e-04	
   1.3198416190057193e-03	
   1.5398152221733391e-03	
   2.1997360316761989e-03	
   1.7597888253409592e-03	
   6.5992080950285964e-04	
   1.5398152221733391e-03	
   1.5398152221733391e-03	
   1.5398152221733391e-03	
   1.9797624285085788e-03	
   2.8596568411790586e-03	
   2.1997360316761989e-03	
   2.4197096348438189e-03	
   1.0998680158380994e-03	
   1.5178178618565772e-02	
   1.7597888253409591e-02	
   1.8477782666080071e-02	
   1.7157941047074351e-02	
   2.1557413110426749e-02	
   1.5178178618565772e-02	
   1.6498020237571492e-02	
   3.2996040475142985e-02	
   4.4654641443026839e-02	
   4.8174219093708753e-02	
   6.8191816981962167e-02	
   8.1390233172019363e-02	
   6.0932688077430706e-02	
   8.6669599648042231e-02	
   9.5468543774747033e-02	
   8.3589969203695560e-02	
   5.4993400791904970e-02	
   3.9375274967003958e-02	
   3.5855697316322044e-02	
   3.3435987681478221e-02	
   2.5296964364276288e-02	
   1.4958205015398152e-02	
   9.6788385393752757e-03	
   8.5789705235371754e-03	
   9.4588649362076557e-03	
   5.7193136823581172e-03	
   5.2793664760228771e-03	
   4.3994720633523977e-03	
   5.9392872855257373e-03	
   3.7395512538495380e-03	
   4.1794984601847777e-03	
   3.0796304443466782e-03	
   1.7597888253409592e-03	
   1.5398152221733391e-03	
   1.7597888253409592e-03	
   1.3198416190057193e-03	
   1.0998680158380994e-03	
   1.0998680158380994e-03	
   2.1997360316761989e-03	
   1.9797624285085788e-03	
   2.1997360316761989e-03	
   1.3198416190057193e-03	
   2.4197096348438189e-03	
   1.3198416190057193e-03	
   1.9797624285085788e-03	
   1.9797624285085788e-03	
   2.4197096348438189e-03	
   3.2996040475142983e-03	
   3.5195776506819184e-03	
   3.9595248570171576e-03	
   4.6194456665200178e-03	
   1.9797624285085788e-03	
   6.8191816981962167e-03	
   7.9190497140343152e-03	
   1.2978442586889573e-02	
   1.2978442586889573e-02	
   2.2657281126264847e-02	
   2.2657281126264847e-02	
   4.9714034315882095e-02	
   6.2252529696436430e-02	
   8.2490101187857462e-02	
   1.3022437307523096e-01	
   1.6630004399472062e-01	
   2.7716673999120106e-01	
   4.3598768147822259e-01	
   5.2353717553893531e-01	
   7.0215574131104264e-01	
   1.0000000000000000e+00	
   8.5349758029036515e-01	
   7.4615046194456669e-01	
   5.1825780906291241e-01	
   5.4443466783985917e-01	
   3.2160140783106028e-01	
   2.3097228332600089e-01	
   1.2802463704355477e-01	
   9.4808622965244171e-02	
   9.5468543774747033e-02	
   7.1931368235811699e-02	
   5.1253849538055431e-02	
   3.3216014078310603e-02	
   2.8376594808622965e-02	
   2.5076990761108666e-02	
   1.9577650681918170e-02	
   1.6278046634403871e-02	
   1.6058073031236252e-02	
   1.4738231412230532e-02	
   1.4958205015398152e-02	
   1.8917729872415311e-02	
   1.4738231412230532e-02	
   1.7597888253409592e-03	
