# Created by Octave 4.0.0, Mon Oct 09 02:00:26 2017 BRT <wander@wander-S400CA>
# name: w1
# type: matrix
# rows: 200
# columns: 12
 0.008258101866373518 0.01397850946077757 -0.03052195404048882 0.06853830715119805 -0.07956437627549541 0.01171489107211524 0.06463470098754992 -0.08747604485160154 0.09352473084023838 0.06533721309838458 -0.04140750527664782 0.02025219590235401
 -0.09372250064302587 -0.0291961459614741 -0.04295693422002175 0.09856441885310949 -0.06760557720675053 -0.05963477492103485 0.09539131384243751 -0.01984589282128355 0.01366582716668514 -0.05836025420125267 -0.04188375349262458 0.08333148754483755
 -0.04942562278195536 -0.05204048905206465 -0.04535949035887369 0.09710233575850408 0.06141235134351136 -0.03370945504183455 -0.03337258283735416 0.0003572761502119021 -0.09454999020404091 0.05710022321350158 0.02683898191045525 0.0003777297304706495
 0.02251612453798393 0.07394321633286025 -0.06879477881290849 0.002689731338642282 -0.02674368649460167 0.06361479693288677 -0.00392366606570721 -0.05988181559101714 0.06598733119522579 -0.08548338619164131 0.08093327250994389 0.07492156359973401
 -0.04536193175699536 0.09466057029791264 -0.05713169481920421 -0.07149624058995091 0.0421104319417436 -0.09832636052337036 0.05547935038067855 0.05972782362025661 -0.07506967778649848 0.07944196799264974 0.07267549102788554 0.0693822202555435
 0.03527356608089557 -0.0767766872208069 -0.09756376685966987 -0.02067623455680997 -0.03016690189070553 0.04518338650090231 0.005568544428656688 0.08494696060244225 0.03164233355552631 0.003651663043256065 0.06270057339360915 0.09070987702090003
 -0.07758937176618234 0.03411092941572963 0.05904082623324444 0.09833848673540455 -0.05032954071479076 0.008597559665586577 0.007956826495328806 -0.06749770310182329 -0.09574543485953492 -0.08938344561719563 0.05046885831969 -0.02243028959450241
 -0.09190150759977771 -0.03212275518833989 -0.04915868873335608 -0.02194912326121487 0.009396900764441968 0.04093156107881049 -0.03150841900535072 -0.05018970844296233 0.08168581285397389 0.06398901483959471 0.001684923875119912 0.09088352817308262
 -0.04193828700343177 0.0178802272928226 -0.09822007712708025 -0.02650180288725294 0.02622713952786557 -0.05040093139484528 -0.00460601843806635 0.09058026282957035 0.08595739951273423 0.06559555991574414 0.05570644028718716 0.07423919582763916
 -0.06944853975318105 -0.05028195125410929 0.04920628108164543 -0.04950410381723497 0.0477378585051052 -0.01758744954018418 0.03237682484718629 -0.06374721492067434 -0.04259467166592414 -0.05329783923241277 -0.04722822114841795 0.02888189390933216
 6.958962348151132e-05 0.04047180912889847 -0.007515151762749098 -0.03676537802384051 -0.008482003879561162 -0.03620505096128052 0.09436715675759286 -0.0217720676715918 -0.02196313205766329 -0.01763021078098445 0.03658717925530769 -0.00675483197751045
 -0.03295170686336155 -0.005941069441799007 0.05887533555005572 -0.02673461121922446 0.09608955722264809 0.09942104459273732 0.002379679950829952 -0.06644159940282202 -0.07734597135324732 -0.008765121656644198 -0.03527354749769659 0.01285798661318863
 -0.06294551877921176 0.08259111636576325 0.06926210812446656 0.05687419252479689 0.01933948789442004 -0.06047903370840101 0.09400125010438184 -0.01335454979827365 0.02449986173434449 -0.0480395030661798 -0.01354507239232604 0.08118443471321488
 0.0853409297257342 -0.03967615301327069 -0.06423234052344981 0.08436640241375998 -0.06259495484081395 -0.01251934863704976 0.05514077892310448 -0.03524811601422985 0.04713250492488447 0.09626119331954852 -0.07990087476221623 0.004892546332941936
 0.06807679140680564 0.05241872063939224 -0.0355030872716308 0.08843404338262054 0.01657043239798812 0.05083040244336381 -0.05559236225164565 -0.02993410123120505 0.09647752833805412 0.04623616737922676 0.009526160314272641 -0.0009170374960241756
 -0.07438083127089647 -0.02611127038159508 -0.03445712019615407 0.02014911990287364 0.07328271761832317 -0.03095697964926007 0.09560408705077003 -0.06499299547399608 0.07871311507759357 -0.02018617708433292 0.06933324540030064 -0.02778321351316936
 -0.08290468461021414 0.0851980118951875 0.04129393630935843 0.07668402108952962 0.07939365831933251 0.05109967592615502 -0.01747403351240608 0.002441830881286799 0.0428901360297842 -0.04704717030639782 0.08800689750559562 -0.03751610879181856
 0.06023323291853674 0.07382702475314781 0.0002730858695696031 -0.09708665922504553 0.05059273989322552 -0.02646895967338346 -0.09163181375217108 -0.06828831271744965 0.01839752383260007 0.08505237407837432 0.007961412013021321 -0.05884053139186741
 0.06923955849740412 -0.09484496758323344 -0.04326298021537053 -0.01661769256701878 -0.03071944216168791 0.02599638155122672 -0.06248950755159103 0.01663170241983007 -0.06178556482028629 0.07086439280812318 -0.06960840409162733 -0.08020484737319597
 0.02144777059564773 0.0586138055383334 0.0972289456389176 -0.03887648561999714 -0.05558382650959123 0.0613141203432615 -0.02150459128005949 -0.008561180533281226 0.05435343574009444 0.08643482125928068 0.05269983177217413 0.06546956164356219
 0.07221430861684189 -0.09560987871738302 0.07601195426531379 0.0538811272121735 0.09389941281004868 0.07740358490438215 0.08091046005148916 -0.01319878146584461 0.00546980470645346 -0.03608449051409054 0.04297625903519101 -0.04691474620232364
 0.007328460504658324 0.09638611556721485 -0.06661906956157757 -0.00129041029484632 -0.04516472518369933 0.02751965373573417 -0.05798355994321078 0.04491664013698471 -0.09006095861953001 -0.09494014691791092 0.03337596052775743 0.0581600527886755
 0.007778674586388881 0.04292499758951973 0.07343494395732533 0.009757181283950353 0.09011102950044012 -0.05174969953227492 -0.08557695018441315 -0.08937993176675955 -0.01737629103687685 0.05905586100660745 0.06177011147387876 0.04635912216356769
 -0.07127707236446157 -0.07477436192987849 -0.008186913869458495 0.04705335400260963 -0.07189993672446857 -0.06722950474644304 -0.02686900392431769 0.05014430832655095 0.005793857158218937 0.03731233185303184 -0.03432693547560707 -0.0976079914277146
 0.02835857129708685 -0.009637739741698931 -0.09415036413151145 -0.02404139692608626 -0.04802819195258647 0.08681976281584555 0.07765764981000445 0.07035919736620092 0.08625093252969132 0.02623429750821418 0.01925454535916002 -0.07588300576546178
 0.07128850744694021 0.08040365940747546 -0.02604636334594695 0.01011037515256885 -0.05075365863006997 -0.04399662256372433 0.0733862077982235 0.05272014165693217 -0.01931373353073643 0.0494891518141948 0.04200999021022817 -0.05672473801598236
 0.06258745615877398 0.09473031354316794 0.06643444792185033 0.02724791071566915 0.001349996415947574 0.01570992150137226 0.07281906246925357 -0.01895555828239114 0.03214607198276026 -0.05208219178589499 -0.01003120535000815 -0.07143813762395125
 0.04428869650194087 0.01104501941877267 0.07620976850595002 -0.004647424763633903 0.05945485097245903 0.06625040957350836 0.06356410713065366 -0.05981679363277536 -0.08271379825659658 0.03595556340863321 0.06942317723769817 0.02680253983152558
 -0.03684028898198459 0.08024593462336169 0.08182888399556443 -0.04530322195198144 0.08103100961082935 0.09490418215375138 0.04809151683458954 0.07026899872723494 0.03131634278727211 -0.09284890704390593 -0.05823730511921524 -0.06349280814366055
 0.08109129569021833 -0.09587127207960322 0.07985660037611228 0.03703158566673057 -0.01151315149774325 -0.09308721117286789 0.01261000288759662 -0.009118802587936764 0.007079623451289541 -0.004251723888546763 0.06144365469197294 -0.05843899519490314
 -0.03410824686660009 0.02949310471575148 0.002065324295397852 0.07043030472684222 0.08826231799312637 0.02857511649826222 0.03255384338642853 -0.06997812917570465 -0.07011213374829395 -0.0856756494634479 0.03906817685561309 0.0871043747539165
 0.01742055648357757 0.04254282419012823 0.02044986793861961 -0.08866586880787165 0.09169396024296247 0.07999396265211864 0.001972820636087974 -0.003577143928417514 0.03685137471932834 -0.0582800945257889 -0.02119323501327058 -0.004234978073578435
 -0.08449724182913824 -0.07978859052679789 0.04956493778555907 0.01362138454001131 0.08555841436468978 -0.07400583401925376 -0.03773036784082803 0.09040310280046443 0.06402365933934501 -0.09966542974136161 0.04894343528257544 0.05012775844768025
 -0.08483102942346882 0.03307479543137876 0.08578449935096724 -0.04928926384192628 -0.09541835095265447 -0.04799386002973346 -0.02732399980523341 -0.05915285410736781 -0.08179996678049506 -0.06615476158528913 -0.09749926624516192 -0.04862441674638118
 0.08521604848999179 -0.03944660007358089 0.09973226580237082 -0.07623904164976651 -0.005521748536570073 -0.01500833937260106 -0.09908152016659355 -0.01152360948310543 0.08473327808085235 -0.04205765998337753 -0.004654514572588558 -0.06543063168848053
 0.03522131228369077 0.01696495779739024 -0.04545218130150791 -0.04013303912906873 0.0485811454081137 -0.05386654876891827 0.0671136148391942 0.09488318193096706 -0.05632964138258784 -0.02401835597188015 0.01430053406925205 -0.09498285165854729
 -0.05957790394571451 -0.02836682842437958 0.07465295871700403 -0.07781100458758736 0.05039895995804253 -0.05752320356064661 -0.03459036336982181 -0.04652966702491434 0.009080000137752897 0.05002681497687586 -0.03128591371341735 0.08064997024610662
 -0.005636160187838871 0.07048591682871094 -0.006928369415222888 -0.05925095098929886 -0.05668245016636397 -0.006443742610304282 0.04650847626280058 0.06786052225444647 -0.08068347126916098 -0.09535275639008245 0.08991548876803085 0.04924577079083242
 -0.05369283393381023 -0.04031841140533626 0.03713513005353158 0.09373216856163155 -0.08216115329911426 -0.09083625981322563 -0.01489874841274429 -0.05404852599257236 -0.01150700784588378 -0.0625864586197127 -0.0601789567033021 0.02548981323017205
 0.06721981062695209 -0.03839913031859121 0.08092103836870665 -0.01490311938676819 -0.07755413860222324 -0.04861195267656674 0.06631915042790126 0.003957048742970648 0.03824416246477427 -0.01871220109233428 0.03514943694573547 0.04014404280900435
 -0.08694330471932116 0.07376700772279832 0.03329149984192667 0.01285005127080527 -0.020098393314473 0.02508036490492196 0.03524152404186878 0.002928425257173656 0.07270734626881545 0.02834619077244208 0.05676894898175741 0.07450413351085364
 0.02674222673855611 -0.0175830953458055 0.05188506857434025 0.09596996451941239 -0.03310934168299738 -0.02123628640578247 0.03066450499873966 -0.08761288817090275 -0.04076331580961389 -0.01727458653998661 0.08158601777695804 -0.01434718804542306
 0.02988269922214826 -0.09159923182859105 0.06366910442538729 -0.06941496906419857 -0.04322313716738296 0.02224244687073954 0.004380929375295925 0.02014249895219515 0.07721543286547761 0.02327007031881553 0.02538365020999783 0.007699316995673389
 -0.05408758497179346 0.0526686213005246 0.01913285873817697 -0.0333358695499895 0.08771263696246709 0.007614969200785277 -0.07686678732496667 0.04508367649418402 -0.06718388074476683 -0.07054023228425847 -0.09961292318432387 0.08947162743440928
 -0.03045369830888464 0.04264489843206082 -0.03532529552814077 0.0672644841199245 0.07874888306084313 0.07100490085798916 0.07091150869132665 0.02108273180581881 -0.09485586528606672 -0.05582092252026077 0.02494731760109963 -0.008464646460809078
 -0.001612305503671169 -0.04335127043813362 -0.07039688712828022 -0.05963844487210469 -0.04265099508469289 -0.07012151441051367 0.07087158140013136 -0.09188828281240265 0.08847464490970783 -0.05267251592126089 0.057195943695596 0.01192204349937516
 0.02039508740183586 -0.03536980829861892 -0.0007336395072163604 0.08314535502566517 0.0281103789906168 0.02317255298834456 0.002395487727770762 -0.08764088122646264 -0.02140122536222239 -0.0845862063111264 0.03711743002184037 -0.02141681243799033
 0.009090430348779127 -0.05890617639897675 0.03002292968343406 0.08614625132314987 0.03959783812250442 -0.03612020252844238 0.03541126601930006 0.07575056445020864 0.03403153244670382 -0.0651946320594553 -0.05012643371018782 0.0485580587675806
 -0.06623467634709571 0.06723177118588394 -0.09781089663494939 -0.01410221775843466 -0.0657737667719093 -0.0139590613284683 0.02672061278479626 0.08635412437334516 0.02202471712729677 -0.07758330293110165 0.01231821328627314 -0.08826211581222115
 0.03232383531021291 -0.06044386027489854 0.05852359948393887 0.07138166210829058 0.01463057887474369 0.006119737096026867 -0.06280578725226321 0.02307132852215318 -0.01751383688424188 0.03827150958780698 -0.02415872292316322 -0.03490206493122525
 0.01008293018146786 -0.06349158840192176 -0.06553076213504927 -0.0093920585835367 0.06042631114976516 -0.005859841503686153 0.04699097432890045 -0.04772103500578406 -0.07736642292349902 -0.01139443581148615 0.0711603354919392 0.01225986603301947
 -0.08585262630865199 -0.002903879307333435 -0.09175995280498898 -0.07848869012975318 -0.01328220518502948 0.003688067438947409 0.07724234901521182 0.06421311046470354 0.01547630695855998 0.07224228096831548 0.08775636006594784 -0.09161833089609447
 -0.06137659405073678 -0.06572300023344374 -0.0237150554801277 -0.0004058724374987055 -0.06524280664062881 0.06820500030965537 -0.07149957766432913 0.001513470842912465 -0.06812847402933961 -0.05137985689211545 -0.08006493920320032 -0.02817065994405141
 -0.0897335184688097 -0.03981424986378836 0.04739464778348035 0.04290354269060928 0.05784838194318817 0.06233055793114073 -0.05357044242417889 -0.06532259436829363 0.04657001561592961 -0.03957158926719317 -0.07916318621188247 -0.09719910457553271
 -0.04831845019409099 0.03279169637716386 0.05792303903603022 -0.01379287149655989 0.05662725717333075 -0.06089976136412082 -0.01070945770679307 0.0511939490932628 0.05171988453217502 0.05789247436088096 0.03640992002763968 0.0466926759875437
 0.02309950341594416 0.07755921493503912 0.06621314543449905 -0.06002769393650781 0.06022730606837309 0.05391670687488453 0.04422670129597611 0.01396822202810326 -0.07395569091202138 0.08792139107309532 -0.009628688552353118 -0.04493914035330517
 0.01969482533813212 0.01371745358605247 -0.08499658457378342 -0.07749053638386305 0.02835427605104912 -0.05506093444159769 0.09452876929164963 -0.08485366329847936 0.03305530300840029 0.04770356071371129 0.03171998818863322 0.05076109543987531
 -0.07400613138666769 -0.08039564467724769 0.08289851062102521 -0.07110494429881459 -0.07013351025745984 0.03772824541133535 0.09619245483215366 -0.02437909431951207 -0.04885612015980857 -0.06709440948610559 -0.04975850091855127 -0.09992845395690642
 0.01701012729830151 0.09974288278488583 0.03908688766599167 -0.02647115033183131 0.08786581921387779 0.02012405833602512 0.01923750061860932 0.05947315867087744 -0.005120706049374438 -0.0979648483521367 0.09614023663037163 -0.01836618275020555
 -0.09341514156891495 -0.03142508366492548 0.05646554363188921 0.05766465726751785 -0.06280627961906515 0.05999151592734872 -0.06761417329436792 0.008003471192962117 -0.09616846368876426 0.05044500460945239 0.08048190570402794 -0.09633189280881135
 0.08442746015557698 0.05488191856439489 0.05978903061298391 -0.06909750198367923 0.07688132159340141 -0.08898719755143629 -0.06474690818623555 -0.06485909719965394 -0.05005574428770955 -0.06743864792206306 -0.001573743117094809 -0.0247464286830085
 0.02755329072104912 -0.09091249907220611 0.02668174175522589 0.08544683772631873 -0.04426833668864344 0.05345399048017824 -0.01410798309715812 -0.06254123412342621 -0.03103473475474662 0.01305941653114658 0.02028173773199657 -0.0633063717300672
 0.07216494947452776 -0.07230984138935263 -0.03160322303899307 0.0970898369386127 -0.08165162798201725 -0.0748994083561685 -0.09586579684622902 -0.02816698625605038 -0.05176673635129345 -0.08452866284345677 -0.06797230643727897 -0.05269727473404783
 0.0008698782902087504 -0.03386156025468683 0.05481144328909024 0.02597442908984018 0.0002574922500189203 0.08654119981208472 -0.09059332210641036 0.03222221532332298 0.0203811678357653 -0.01501284383858723 -0.08434900441124035 0.02809982282242812
 -0.03203967508932924 0.0499913774055343 -0.01238572632130243 -0.05754513892146557 0.01164654102819174 -0.09416076449766524 -0.0966122328785169 -0.03951128968030465 -0.06689617776986528 -0.01201438886763753 -0.04545559375862593 0.05714087682455044
 -0.03602298092754762 0.0648719455543427 0.09500379710254242 0.01070964088454844 -0.0108506355831634 0.08844381751633448 0.09621397381178709 0.07101101456009293 -0.05451989440808879 -0.05836689130551242 0.04639130135883196 0.01352108725321791
 0.09625508988600923 0.01790728139131928 -0.0978441006064233 -0.004514658316376624 -0.01934797503472364 0.03117211668786998 -0.03269972390008252 -0.02100935764790281 0.04237029567971876 0.04447340610956993 0.02738128809957446 -0.05727411947727837
 0.0350850425266088 0.02853905056876738 0.0704579429910889 -0.07598061784512355 0.006414295152740238 -0.002960188793943608 0.08206949830498977 0.0177474898569034 0.01907193789424513 -0.07543010373939341 0.06449397053330644 -0.07003244168956346
 0.004771840838006941 -0.07197223849851403 -0.07070021642479168 0.02471013713804751 -0.03745433189601745 -0.004242211698702189 0.01749670517294857 -0.01830349601553924 -0.006007474432397408 -0.0650798454712407 0.03613928608708905 0.05283291450207714
 0.06407657608421402 0.02647773279421778 0.007475116204837789 -0.0007401112908286128 -0.001885778622848833 -0.04390021275449246 -0.07613272566957574 0.05519826918696652 -0.01074768587170503 -0.0523133863685589 -0.09058482394136411 -0.01604674307133681
 -0.0581269405571255 -0.05697359970078319 0.09211426734449904 0.04928062894426613 0.0428088891018821 -0.09904441613339705 0.06067071757212603 -0.04446563218137176 0.05966584842353864 -0.0411305306908599 -0.08639426764329527 0.0831829357224258
 0.09433831569404111 -0.09853926912306495 0.03325105345591683 0.02121808854997458 0.007060509465352041 -0.07363261617572329 0.04547653264418922 -0.09261868205685428 0.07692811057102769 -0.05000428840292159 -0.03919984873861117 -0.0707265059182748
 -0.008935323410178719 -0.07954591907944461 -0.09819840272263489 -0.01844878159520016 0.08834299041066554 -0.02494108293233889 0.05890709134188896 -0.0725170695696921 0.0712063862940438 -0.0678867819411168 0.06225796693382399 -0.05756447959134316
 -0.04733529421608288 0.06014118963560741 0.02103231450940457 -0.008036146907536387 0.04034044314545088 0.07392437111462707 0.08086840591923436 -0.03293957135459984 -0.05487013278816148 -0.01061112524727642 0.01874808967983702 -0.0678675415134857
 0.03381981792211747 0.04716270413379015 0.08815186938683886 -0.0747745244191349 0.07621048382279599 0.01962734021797752 0.009159788640965116 0.06879083080234544 0.03598033499491404 -0.007226031330490143 -0.08555657937722161 -0.04830458188226211
 -0.03517638586547731 -0.01292596533713747 0.03873731163953362 0.09993714352929456 0.06708118319215753 -0.01349393030947563 -0.03861025420215863 0.00140236577364708 -0.08360248569069222 0.0302582002383586 0.02578162456849861 0.02969745008310903
 -0.02235105373994885 -0.02957175810582023 0.01850939657248769 -0.06606921238845698 0.05315320941353069 0.05778180205223574 0.004325543320766026 0.02656637764721709 0.03293310603428717 -0.0988498749827021 0.02391663179555961 -0.09093108218447117
 -0.08378588005841292 0.03121935287609717 -0.02183424138434101 0.02686333014836123 -0.06566469474648656 -0.04654674317421723 -0.0338154749226886 0.04465772173112795 0.07556978621244009 -0.04237693352926541 -0.05945630381107637 -0.04111688588059886
 0.0655833102894246 0.05787414604535976 0.06801439243343871 0.07306870772095289 -0.071177737501121 -0.06457126850491832 -0.0489818565881294 -0.08843266684809153 -0.05202947405800341 0.09516476539902638 0.08650157722244375 0.07477834987494478
 -0.04219194600859092 0.08254568336556975 0.08486399376562112 -0.08513656611754725 0.06377807752514539 -0.09995127037962039 -0.07930691917083296 0.02952012783056196 -0.01617385778298618 -0.08790450460027999 -0.06494978194581569 0.02107164144770823
 0.0784295830987482 0.06037740903962502 0.01375266057684996 -0.0661475571685044 -0.01634851794270499 -0.03622374515524612 0.004317449930701864 0.03793869614621867 0.06282064006042259 0.01143208038108397 -0.06994331320808489 -0.05687337276631205
 0.0457798109853057 -0.05690089572584379 -0.0463743227107413 0.02603615838497902 -0.0797760225324986 -0.04906220734316746 -0.0810801525734702 -0.07483734921343332 0.05032030545919994 -0.06336576495866633 -0.09271359615115202 -0.07614701010808317
 -0.057730892439658 -0.03088636203550245 -0.01666408561150058 0.08979119877056424 0.02943571254990235 -0.03935622243817613 -0.003173192704830644 0.02209803511125825 -0.09921219786010571 -0.07184296583771732 -0.01149364549432366 0.07339966763241501
 -0.03558804983100074 0.000874230489412528 -0.02880777115703176 -0.09037750882403747 0.04255045750038067 0.09348310359036818 0.06811454033756206 -0.03237198772310725 -0.05632896610624597 0.04595714965591677 -0.07921675577588569 0.01136063178523768
 0.03157936094477504 -0.005989565090866997 0.08463131032622337 0.083142262350798 -0.09777002863898544 -0.05838628299297038 -0.0615418914188132 -0.01679255676349303 -0.05031108774491612 -0.09736160728319936 -0.0318626041384566 -0.00669238029718365
 -0.08970165173557855 -0.08260438270026615 -0.04991844603352395 0.04024030969969117 -0.03923774587943133 -0.05784794633721845 -0.002641346821702861 0.07420632835606827 0.03385319466776565 -0.01279313449895901 -0.04583991071225294 -0.05264787582648058
 -0.0823469869070505 -0.08606286569872776 -0.04915648672887626 0.05513897948700827 -0.07711197348020191 0.07030634094211768 -0.06064230012880344 -0.06900364731726033 0.07442600176317599 0.0557035943316144 0.08543375126249422 -0.07449388030386232
 -0.0740163310406609 -0.06121951197818193 0.07699129440608898 -0.08615614545544985 0.06879677652986471 -0.02683377992996103 -0.03102943655989171 -0.0726420596817922 0.05991533017560835 -0.05667055090890406 0.07643480934824889 -0.08243785306352133
 0.05329291712797346 0.07488681334844183 0.03715186237815055 -0.08891417828967042 -0.004627887693049212 0.02418797257014564 -0.02744926464322887 -0.08942233702009639 -0.02149063811512067 0.04950911955298601 -0.02840790839684212 0.06704559481092887
 -0.009618342241476563 -0.09394669159161406 -0.05016799626422998 0.06086678056684 0.008053023040919635 0.09572937301085538 -0.06601240745045391 0.04522035922264039 0.0282092497829135 -0.07177595408537027 -0.05221020175721395 -0.08874610704472412
 0.08941014973923156 0.05102791710811336 -0.04564282383031923 0.01957687624408992 0.06061761256614404 -0.0983772286927137 0.03312885905384097 0.04414188544776176 0.06714869451810793 0.07799727898445483 -0.08953146648073118 0.04998239684582312
 0.08029112977901171 0.07416664732837386 -0.06210345144453035 0.01642147840720543 0.07398894980203688 0.0373775524745853 -0.07421876896267951 -0.01028772605024536 0.06014622080627705 0.05449990810121974 -0.007476134481253366 -0.07824082868618726
 -0.03622564395997864 0.006528962130713967 0.09469367073548041 -0.07018344066401838 -0.0435387369533694 -0.07208962301803068 -0.07962114291366781 0.06420885616972125 -0.01678780186841365 0.04900332034266019 -0.06809593381945464 -0.0241755780497953
 0.09720347236179028 0.01661917908510277 0.0163321092680655 0.06362499160253729 -0.04443736704099725 -0.07640419962955995 0.07044113131703825 -0.0319778330776145 -0.01944744554340136 -0.002493576097113329 -0.02189454817945426 0.03650827421449054
 -0.07389465878666003 0.09426069308590171 -0.03589483852851888 -0.002880397747639735 0.08001156865532613 0.03046715392014904 -0.05166100742832519 -0.04982040488825069 0.002379599202896571 -0.09004524610750139 -0.09626412292309912 -0.02471709830444516
 0.01194096307051366 -0.08819057568982015 -0.07242290208595997 0.05764652795457406 0.05204322068256279 -0.08057724408735065 -0.05506953953315562 0.07269290777359111 0.03477371326462644 -0.04042883705932458 -0.09325468297346858 -0.009811193650611769
 0.04465290565708138 -0.09028288123760879 0.0725913972964172 0.04578675535194648 -0.01638969342631272 -0.07539160129412549 -0.0808147002842672 0.01998474453241535 -0.08984961449018196 -0.09171259641737906 0.02239615533445234 -0.02196539202481779
 0.07573047057447696 0.09637895822848191 0.08395512219479576 -0.02325076195633352 0.03824780175476411 -0.05668608308177728 -0.05885833468224227 0.02980241038314618 -0.09218332377927316 -0.04400418435338604 0.05669764458719648 -0.01764962232193532
 -0.06933999679233957 0.09018620397627528 -0.09851586767466376 -0.04630494749020887 -0.005113819415582851 0.04800138910961743 0.08292671794071488 0.0877313409842406 -0.01415211914609694 0.01142585026694216 -0.04979972103806923 -0.03180253060515498
 0.0816911714406735 0.04238620676777574 0.01892199231390797 -0.07781586076666322 0.04370344967395268 -0.01039551873726983 -0.04833144517075477 0.03796688807842691 0.08580652326037883 -0.04274812807535836 0.07289577183668758 -0.08224112794584652
 0.04126658177211609 0.03439555855646026 -0.08353516409744488 -0.0792961161283956 0.07116222773275599 0.03835457299724868 -0.06434539645715953 -0.03714462418235452 -0.01873871757921239 0.08427737088041914 0.06727067416038737 0.07280863643537056
 0.08386456697002617 -0.06485519746702378 -0.07575493402203227 -0.05367074904276247 -0.09017809693272565 0.05829029946478873 -0.07165980693013771 0.05611170500469689 -0.09843434610934602 0.002326766650119369 -0.0626442920374447 -0.09987895134053006
 -0.0432612466322064 -0.05875687720658182 0.002304580452392985 -0.05523008859379409 0.06929938796393151 -0.09339357306968599 0.007323425813150777 0.01061764067856381 -0.08250331575483598 -0.08741895002992792 -0.0501022592512974 0.02555655973863916
 -0.09483384817875334 0.09315819441825524 -0.03429289960210881 0.07018748915228354 0.09629822131191851 -0.09910184961566022 -0.004960079613775481 -0.006363093696978753 0.0271799770290802 -0.04826884513255304 0.09537531222025672 -0.08561722068430246
 -0.0926608700275869 0.0892655643733947 -0.00988557873749317 -0.04425269071940927 -0.03350118328071798 0.04785102245522002 0.05611955898993284 0.05047024551166623 -0.08518354705084101 -0.0103594099003205 0.0970688594132377 0.008088013230407379
 0.05654933499276549 0.007604635152721584 0.07794525330909016 -0.03196583254360653 0.07603453495209109 0.002114650265745935 -0.009793320408181691 0.04923712997453553 0.04446159766891702 0.02560745515752433 -0.05008039273263651 -0.01022069871751451
 -0.01680614452221157 0.0856453091498689 -0.0005954612184111141 0.06639715698474322 0.05710384542946975 -0.02540013481660458 0.08193151755164682 -0.02431716089490371 0.008909126755843627 -0.01343532954497587 -0.02989893624409547 -0.08045633574699906
 -0.04036215638957005 0.04878140160650132 0.0756285941779897 0.01582420483164833 -0.06835373851660209 -0.0902302780426536 0.04126070696501211 -0.09996214950104647 -0.031645755999393 -0.03243771345611163 0.09258993763454212 0.05479971615442844
 0.03364499968683091 -0.006660371871085605 0.06874344177838326 -0.04458179157360546 0.03711708274128747 -0.08768441831002376 0.02676948624411452 -0.02225008007592591 -0.03842670266099932 -0.0791966909131641 0.01803454612095776 0.02315575397692475
 0.01972884476144884 -0.02853657512809592 0.08610538097753215 -0.08369935151585883 0.05460877061179523 -0.04500349305131125 0.06220258287877709 -0.02706418820817974 -0.0372503746211366 0.04000760916663665 0.07995569729829344 0.05101268513181545
 -0.03992725463772517 0.01506560791432307 -0.02811132097154151 -0.09656425088327654 0.03743057676918221 -0.0245705454981637 0.007486000335995974 -0.03010789070363788 0.08607553678255184 -0.04023716437877209 -0.04214045108878652 0.01110279177278328
 -0.06730344525265509 -0.06151701559041692 -0.06166291905926721 0.017384965172263 0.07051685952667558 -0.06703078520146477 0.03115900820724027 0.07999550331613686 -0.02937060214452367 -0.034169474658602 -0.06750610751382685 -0.03130971530249213
 0.04817942833206418 -0.03463678395497242 0.01141137197704278 0.06167541933118911 0.03452478973201289 -0.05246280895837202 0.05310970464489534 -0.005808792874026386 -0.06569082498509432 0.0785989075236829 0.05018380892317395 0.04654203013936387
 0.01329230610689296 -0.07894992152902147 0.08690986002837345 -0.004692735848003143 -0.08369782598007908 0.07071818296191071 -0.003651717999817367 -0.04568655492995747 0.05061700923007592 0.02826257333601268 -0.09865402456538194 -0.02479972972395247
 -0.08954549517658132 -0.04820978492286415 -0.04310804197622013 0.03808058887954671 -0.05477551571988816 0.06921746686614352 -0.04315355033989387 -0.07975713212496016 -0.02162692730013514 -0.03359906968263461 0.0212468571510408 -0.04845130217175825
 -0.06902463171969588 0.08074738517683447 -0.06843160970507969 0.08166975457887996 -0.05654061365153584 -0.05891773673296156 -0.03854880039307262 0.06939556994544813 -0.0668329533203936 -0.08094220873154268 -0.05267902552187635 0.04713078830940165
 -0.06362235930804561 0.09659979055133053 -0.01823874380374674 0.01064217842696094 0.0191581594078741 0.003404151070798139 -0.04582661368201119 -0.0292566241606078 -0.07080424188686753 -0.07516112864855452 0.03571214604909329 0.07118905046747684
 -0.01123441383723431 -0.07760396687097897 0.01362070504962357 0.06069477964388978 0.0900434553505875 0.08279683945359148 -0.03858041380227858 -0.06689515878719973 0.01082912215334186 0.009734101313732563 -0.01904531684288049 -0.05143766040239836
 0.09589344145464501 -0.002381386316099202 -0.06042507284754439 -0.07921719113080883 -0.07795359318801669 0.004157877355733766 -0.02094735875411632 -0.02734191355078247 -0.09462982275877387 0.07993863521396558 0.06547028009608213 -0.06519518590601939
 0.07759811176170323 -0.07660686084630136 0.02055744426294293 0.06765085691990719 -0.06689504937874219 -0.0532065635915484 -0.09696294503062175 0.05029236870774514 0.01830080978099605 -0.01296730425513853 0.05522415186036633 -0.02409405312617476
 -0.05229360926214927 0.05345972146187736 0.06289059128350274 -0.03624259038280805 0.02340816100304954 -0.0009167295346491078 -0.04680630505004901 0.01478320012250407 -0.04888045481615965 -0.02589443390143466 0.03521854444789085 -0.03528113226330325
 -0.01917858634093719 0.01761577983943201 0.07544494434483448 -0.09642937661988715 -0.06431381369978731 -0.0544943494249276 0.04176960653322664 0.03882693540757043 -0.0866210909571027 0.02554619155023269 -0.014901682883131 -0.05582395731498754
 0.009248173708620147 -0.04222697092770659 -0.01124328936876774 0.02634937678191834 -0.02235884614290208 -0.04904349982820508 0.03028656902940835 0.05741690383407577 -0.07312079655208509 -0.06775454263502356 0.06770569618254127 -0.08667752031731421
 0.08416517875025095 0.01964850029542309 0.06616307422287043 0.02748791309514864 -0.02984347726213497 0.0138199500079174 -0.05196025427697241 0.07908047116722483 -0.02452398099787598 -0.01166515451384274 -0.0496975953894698 -0.03161660120875029
 0.07227116411598974 -0.01932288360969971 -0.04627698622107634 0.00397879066467452 0.0295382646439985 0.02230731926105074 -0.01740030788024884 -0.07215117991092787 0.0109086347449175 -0.09250286246985662 -0.01081071448825169 0.04308820596800805
 -0.081625463217043 0.02002549200008222 0.06967872671845274 0.07900833077535499 0.04005053606675382 -0.01112212446579258 -0.0262575622516147 -0.0130660769737586 0.04508110735557561 0.0001830758251087639 0.01232072529428685 -0.06149930200315291
 -0.08744460607989041 0.03567960724490671 -0.09953600301445228 -0.05206593966738361 0.05502531936312724 -0.03863849290375489 -0.0840141019888882 0.0191451279072179 -0.03768301816929601 -0.09003888245872187 -0.03171705540048188 0.06941262054170549
 0.08642020678822643 0.05748530071716426 0.06275343548269774 -0.04378882920086566 0.06427879584404639 0.03461337163767933 0.0444351826940155 0.0754833480202135 0.08752517264178244 -0.09767857553562383 0.02809693658786735 -0.0009605675549609755
 0.01243710302492358 0.03717556399142868 -0.09853857730386348 -0.02866568584154722 -0.09129305985422706 0.09749865902063101 0.02261229266861278 -0.01074629083305154 -0.05919119420821865 -0.07182087728048123 0.0673176597899928 0.08585976978840765
 0.08654827920397701 -0.03860389930580454 0.03077713452060954 -0.08867432962108651 -0.0595307999599296 -0.03063045264387429 -0.07029086110190291 0.06290539388520341 -0.07212159729436919 -0.05804351619208871 0.01338528666943391 0.02510104820346423
 -0.0470364442974541 0.003484481230934297 -0.06125603911009556 0.08656782952681041 -0.06976542428298739 0.01249834398687248 0.06281322204573497 0.02532877803718586 -0.03990188730425736 -0.04254465586679711 -0.04226276340380445 0.02519781193167225
 0.08198674038780349 -0.03806036665375138 0.05000012345493521 -0.06535701067897567 -0.07400547414394276 0.08286057526471738 0.01015128383178392 -0.02992754049911669 -0.0132733307444694 0.05402931413890463 0.08495215691219143 0.07476591792427634
 -0.0004362060608160551 0.04559044688845396 0.05681934546218353 0.0905340176847049 0.08360773882549397 -0.03947295328964663 -0.08807723063730805 -0.01451525654661195 0.09126299130756341 0.006019900391683985 -0.03257640412219566 0.08653025795360136
 -0.008657545800281899 0.02471359947348348 0.09814605473080204 -0.0498974418113379 0.09256434922802451 -0.07389632422305614 0.09084826019348521 0.05591764459150969 0.06081773833743029 0.08731622537093905 -0.02236841685210306 -0.06285731917304954
 -0.09465289835885321 -0.07455767171370239 -0.08653766470024872 0.01470623385633729 0.07771322016154911 -0.06781351368630151 -0.04895027388483569 0.07483261923916462 0.09923632651123104 0.008786748546037865 -0.02503671563997595 -0.09676957250403137
 -0.0551916425431728 0.05291403821283466 0.08092168291649277 -0.007504403699666817 -0.05632734581283604 0.01461114969399809 -0.02964941058668821 -0.01647970909684718 0.02817535792362075 -0.0110201678337159 -0.08936313234978718 0.03532135243066467
 -0.0350978294865178 0.01800318715420997 -0.04717543140423185 0.03308759744177794 -0.02733277893700524 -0.09554317429868016 0.008544911756308365 0.07147437776468243 -0.06486436394490802 -0.06351851961095123 -0.00076515106874539 -0.09146766970905219
 -0.09802513654804525 -0.05910456788771373 0.09846520205862025 0.005717402627564747 -0.02816102888651689 -0.05959790909633908 -0.01645766742610816 0.01763781748592889 -0.02874311286996777 0.07335497781766359 -0.003623078862905485 -0.01377725478087682
 0.02232091506314457 0.01652014729941957 0.02085073630029395 0.01191149399694594 -0.04847302005307853 0.03376448980544425 -0.0852960939667229 0.01669015615545019 -0.05239344082579592 -0.02612981632804842 0.01840610642453189 -0.002401649988456461
 0.06489441193928436 0.02769397996630751 -0.03946900907971719 0.03993336505988232 -0.0003721492320599984 0.005262378779415669 -0.04082580324816659 0.009808573590578878 0.01112330035456048 0.07655908398735628 -0.08615130864259381 0.07186977681831411
 -0.004998006752219161 -0.02798275964657203 0.0978699202163538 0.02395017363088452 -0.02570517906858699 -0.02178726791717803 0.07141722803710257 0.04749844970234113 0.04165172738260703 0.05631272084889666 -0.03177692582577246 0.09571886097320875
 0.08630859231347746 0.08905120568174388 -0.03659298535942222 0.04994098253034251 -0.0516633820792885 -0.0793439078289957 -0.0006261239979158117 0.008320193292092146 -0.07751027647099379 -0.002872592144523081 0.09750784543538313 -0.02224742766480516
 -0.02179667994621413 0.05271235301969318 -0.05456428886809296 -0.05228339163531081 0.08569057754047379 0.02196693785398765 0.01687950035027405 0.09557130965189989 -0.02462879454032188 0.03152477862448946 -0.08744912493176968 -0.06860113813216681
 -0.000475171859650167 0.07196024240850235 0.06196685653316841 0.01625254196214065 0.04062521554668055 -0.03081234784714545 0.01860956944498771 -0.09923913712136227 0.07972179032805279 0.02031649943534886 -0.06945296032103504 0.04987369067719652
 0.04791038118242452 -0.05146996849033852 0.01594130136913394 0.08971413181432253 0.09233380858445847 0.00356697571915654 -0.01552835107908411 0.08786239030024295 -0.07779232829630608 0.04225917021173778 0.01509722779802754 0.00201341265399238
 0.05719284872800559 0.05432146788194361 -0.02019320700786251 0.03151958423693013 0.02601210203458801 0.06343454908848187 0.03089978559765721 -0.07741424414735595 0.05143498300837496 0.01516284124903491 0.08508719845870519 -0.04884157384380847
 -0.08303827152487597 0.08378046930702801 0.01991078707054621 -0.0393219940251678 0.01076597327284079 -0.08860221300651694 0.04163263540379167 -0.004299606039389073 0.06413537811843717 0.01184000090701043 -0.08455040578447712 0.01471443202798313
 -0.05834735347879286 0.06419132900372634 0.01855445592979148 -0.02091784316986102 -0.03455954216291869 -0.02950592870920007 -0.05992434235005163 0.009071828239021681 0.01998462729926431 -0.06054803504394689 0.05142130603594949 0.02242306775832806
 0.05862113428706339 -0.04405344255081513 -0.08073774062729863 0.07831558101706215 0.02684051646577912 0.04285678273790736 -0.09434568255445186 0.06041779528795571 -0.01467859436202833 -0.02270619854061282 0.07620728709472341 0.001388221364086034
 -0.07083556383729829 -0.08979173932779799 0.09800435009883979 -0.02597334658772411 0.008841574460098894 -0.02982414900975955 -0.0112094426776569 0.04369631064274485 0.02677960593142442 -0.07000016685505414 0.03003853851892255 -0.01252619606485773
 0.07116816783863231 -0.02808714622810672 0.03927755774034686 -0.02608345460053271 0.003829247852899217 -0.07586700399819557 0.06629357997821569 0.04519238743093767 0.007275653092668047 0.06001795276704622 0.05012630668192058 -0.09894632034395852
 -0.08441037391831542 -0.02176523875777416 -0.09068433518181 -0.07501703305899592 -0.01605816964101527 0.09637365337435919 -0.01995575086232951 -0.04337807890721432 0.03834122255835876 -0.05502535908112027 0.01037267617207678 -0.02916485197028117
 0.04584982848722502 0.07157742041110454 0.06723282191325516 -0.02402661154901488 -0.04705123572985742 -0.0453472053123159 -0.02961251340566619 0.0494702430754258 -0.0334036595134822 -0.004859616492884994 0.08016750784432802 -0.09840326866233635
 0.07827344330316335 0.02000010400937616 0.05793685570286142 -0.09196920857096436 0.004728769497787083 0.04436655228889294 -0.09696471198967167 0.04329873475032767 0.03477137233657648 0.08815263993503614 0.0491723412340675 -0.06856905666406
 0.03140641752344703 0.08768043652640337 0.002957104125963256 -0.01359742378685622 0.03786592009229545 0.04734688378530699 0.004617982820031591 -0.07934002962733189 0.04121481259497109 -0.0352375111212813 -0.07424704435715662 0.08898128697597235
 -0.04420001794261776 0.08292971380731753 0.04651041071890433 -0.05984609147536143 0.007996966057930543 -0.02113519992512133 -0.01485018266948729 0.01204047521808424 0.04495846336873319 0.03245696827225583 0.03534770192758116 -0.05677329902091685
 -0.01785691831818473 0.04669846736174266 0.06405026136027081 -0.01036794230791779 -0.0600199661016969 0.03787540669308731 0.01088351028920775 0.03576628737525642 0.05873629163902158 -0.05474428769831269 -0.05842579425670568 0.05430218760312897
 0.01900652132900364 0.07922923809094237 0.002613351835999173 -0.002107106269978537 -0.06206891259509204 -0.007135572356830794 -0.08928613116634944 -0.07633585993243919 0.02298893484239133 0.06502053366421423 0.01618586065667864 0.09920279766572457
 0.08212173625908953 0.02482456951945548 -0.01333716490261089 0.07916994270050162 0.07796052120675642 -0.02354526158700264 -0.07146827409934428 -0.04283412336734395 -0.06022428273654096 -0.02564284296778623 0.0524053350456021 -0.005759817014016747
 0.07290233033910598 0.08125515390931451 0.08065089043179249 0.07815097893428669 0.01913826532343199 0.01423944381009493 0.01851999574457316 -0.07741043898370815 -0.09062058632889129 -0.09817698424761716 0.04313487992080484 -0.07490460469485742
 0.003748724042525645 0.06558495181784668 -0.08876128375360415 -0.07713394065345766 -0.015578514278971 0.06857580496790205 0.08494366329531478 -0.09240106186742898 0.03887475680845481 0.08310733504320669 -0.09564412877266559 -0.01492505015907783
 0.05072380857924763 0.0722401885550544 -0.06363644139903618 0.01259271480861313 0.05522960850687034 0.01873869532904071 0.04810221379756949 -0.05840106971359306 0.00277212709507231 -0.002621613632359146 -0.007487398275971793 0.06600024576469243
 0.006616798175346134 0.01782727496914986 0.0394032858149489 0.05870169156635172 -0.07012836108976951 0.04271223008587505 -4.434143914623656e-05 0.01187247827222296 -0.09573089549288069 -0.0449326034339599 -0.02419758229601779 0.02522888021180261
 0.03973789298613048 -0.03730339171095369 -0.09516980751424481 -0.09822443735451558 -0.02147913799323352 -0.07803398000117209 -0.004066454152324178 -0.0310455948670974 0.07337897302188984 -0.09538782138713132 -0.04613798149885377 0.09298168031749951
 0.04377124957103068 -0.009906658209275915 0.00448276567828361 0.006532006919339833 -0.03916077340244237 -0.01750801904108669 -0.04450798216413915 0.008180949028408782 -0.08806363230048986 -0.04463422981026188 -0.04767581051594604 -0.05199732956670122
 -0.08708301429369385 0.001656827384712983 0.06201856463105063 0.08112861646654876 0.07378489386170548 -0.02924330531683482 -0.01814225693418609 -0.05139777545555747 -0.07643985070043248 0.05869377584969956 0.07183017208163325 -0.05171873723923696
 0.07609727732893432 0.0727417481042863 0.01446686558917824 -0.09854886486626004 -0.038342896477046 0.09236957622882919 0.02554254232032624 0.04233430828221277 0.06967724034120804 -0.0001117182220732177 -0.0190541677695826 0.01132739285142562
 0.07188396369399339 -0.03104757566046655 0.06937754892297107 0.01446789558308734 0.01122264264170122 0.0272589094160772 0.06770291824617941 -0.02036308856736863 0.05713880522132722 0.07255285430008523 -0.04274365533918511 -0.07506852679166776
 -0.05225399725323058 -0.02795548599981951 -0.06109142773442867 0.08278640874342499 -0.07484038376064377 0.08264728821624029 -0.003577949862111809 -0.07129833576476993 0.07141348712404871 0.02933660609687153 0.09092445882892303 -0.09414068206211162
 -0.08433983235358888 -0.0476236102452216 -0.01526068260492458 -0.01313744896632849 -0.09378050266146892 -0.07309278126438257 -0.02627820786540259 -0.0008749711503933111 -0.04928204519223657 -0.05539641063991053 -0.08072539453474842 0.06639368968456666
 -0.01153404705826405 -0.04380749164480379 -0.06515623742427258 -0.05212519125260332 0.07456436106560194 -0.09733566458853372 -0.04722669903527654 -0.093715771845213 -0.08437623776246343 0.04816695929739237 0.06824460334090682 0.01956378165951836
 0.06940026373059813 -0.08388234822735711 0.02673853712961355 -0.008349696091709713 -0.09050107601763263 -0.09940115685318082 -0.09559196304091037 0.02642061926820116 0.04383463462468379 -0.09590764417623136 0.008638221279667874 -0.02900423127017454
 0.0946542392910352 -0.001485767971718593 -0.09346655175050748 0.09648821178148462 0.04093485932789317 0.0605771948681956 -0.07847494717968508 -0.06459409084523829 0.09651874082043496 0.02067661883897873 0.001143811872026945 0.04938669177908153
 0.0551529863640132 -0.06867182697802804 0.03240847471069266 0.03190573888613962 0.0793617427813271 0.02893166940340142 0.0821846680636118 -0.09683308996803161 0.06758766163156613 0.02180459680457966 -0.009068577061856403 0.07548899202060808
 0.09795046978015587 0.01191428659711966 0.06448055194008206 -0.08924312564271199 0.01477564438726264 -0.05178605466915107 0.04093495963917698 0.05076162817214597 -0.07034247762848622 0.08035708511442585 -0.05892447387617178 0.0394977388027416
 0.08005175983653945 -0.09965833431524984 0.0007973034859168893 0.01751320902393956 0.07014834124950839 -0.01997059280946281 0.0001044308938258354 -0.07792879191118635 -0.06389473209258076 0.04597250395139077 -0.01724551115668208 0.02069258144285917
 -0.0315210465291032 -0.06976494093884635 -0.003314240155616072 -0.02742133914566179 -0.04942656948002947 -0.002858144103033228 -0.007391921035751287 -0.07539101878038967 0.05409514840595303 -0.02271439430108603 0.08775368211351864 0.02223548995683314
 -0.0101782450478223 -0.0285616658819545 -0.08673777812692733 -0.0368383490816953 -0.02454328119268928 0.07000427030020714 -0.07904744368901052 -0.09947167786949529 -0.07966086292786513 0.07095346682648651 -0.003154053455428421 0.03597008321371747
 0.006567805902865015 0.02617135922573494 0.07084844907928523 -0.07003104484860005 -0.07160899005857443 0.08548545550196349 0.001452140212730324 -0.03701874652509295 0.04341550842538328 0.01644835283027216 0.009269596541061187 0.0896579123407058
 -0.04378908170031565 0.02625188384643587 -0.05507543453943681 -0.08990018719369379 -0.06280444232145022 -0.06494767582953279 -0.06137992558681839 0.03370396802368714 0.01501891131702997 0.01155744813534756 0.06495545206136186 -0.06984533395799192
 0.05119077704870653 0.03459035672260674 -0.06428871332147698 -0.01157134474119928 -0.07137687919655611 -0.07236282753351946 -0.04657509985611824 0.09845939163163719 -0.06314321808560452 -0.03003175577475835 -0.09591070839875575 -0.02331473274505404
 0.03493378913238812 -0.07421933012706425 0.04861444849238922 0.022209314341088 0.02599914603643802 -0.04706822551343516 -0.07880214539195368 -0.02423530443028286 -0.09235165093821418 0.08428828097250049 -0.06176874758029271 0.09723428306306012
 0.07088686634952759 -0.007203379254547199 0.03279332555334497 -0.06256548775889492 -0.03113400547375277 0.08547771730316098 0.0358259183959472 0.02549221130603488 -0.04659667409534837 -0.05126650646665573 0.07576734306874205 0.02417962087883632
 -0.06727416193988883 0.001636325190645868 -0.06050382688042721 0.0747394736196256 -0.06763732565236991 -0.007089980198559429 -0.04545485212031689 -0.05392700329946413 -0.06918364960127132 -0.00393062453281906 0.03120525235246044 -0.01495959859867733
 0.02922753179486287 -0.02309450646031599 -0.0488263165953473 -0.02153016180932962 -0.02395122862119445 -0.00556599230041778 -0.02102318241058863 -0.03998489096361871 0.07955550303187139 0.0333605818330448 -0.05167657569558116 0.0459359301390769
 0.07658262452558756 -0.01402102143295127 0.06163856682221669 0.04234704510651099 0.01412216849139732 -0.03332058717931528 -0.01774934798873004 0.00318516462134126 0.02115040388596383 -0.09128423528779887 -0.04670688204639785 -0.06765995908473645
 0.0629771781790289 -0.05553700720617369 0.09697878839337776 0.05297761833349465 -0.0909288176557599 0.0816919078800725 0.08672966348185876 0.06603115955503336 -0.05941821443577203 0.002735684254922516 -0.0532714895832905 -0.03103880238703832
 0.0588897878251653 -0.008025628782728181 -0.07968441963000188 0.07263775283068244 0.04499597663624139 -0.07199627654912322 -0.07143989278826543 -0.0739035304987347 -0.0732468394597644 0.09143166110744808 -0.02770534485770908 0.07811428831661396
 -0.04089320510959537 0.06011395201903028 -0.01734578458303221 0.07517178780803521 0.04750380722914579 0.07482665801976668 -0.03660237849067761 0.08878491569410948 -0.08295042545266366 0.09217162982286342 0.05547234060407596 0.04969764230332446
 -0.08647437439813382 -0.07675119634600167 -0.02298256200536791 -0.03537094139856757 0.03704930346001853 0.02800174705572406 -0.05284753678201612 0.03678033325631289 0.07168113900502207 0.09288553865860047 -0.04656007238771179 0.06614052664821513
 -0.02569858823970467 -0.04234430046831307 -0.005739713579182959 0.05652198313224674 0.0889129594247737 -0.08523456811840199 -0.05071582716811542 0.003791464232525826 0.0420059800773501 -0.09137997508054958 -0.06630313574380388 0.0819729344229578
 -0.04988712008937092 0.03641659002758557 -0.09049550725636096 -0.08985734347997525 0.0005296517060745243 0.03635973448492699 -0.05505247849597933 0.06570112165850076 0.05625174953124445 0.08020279047287951 -0.04521045518893853 -0.03768615986096441
 -0.02514827644524706 -0.02657170969771347 -0.05831214137983504 -0.04158583680014937 -0.09108061863699431 0.00794379530736164 -0.01315063936612051 0.05418095528938605 0.05849826213824585 -0.02152339699434153 -0.05876335683983273 0.01450064967124354
 0.07148526459405677 0.09563106202204 0.0607656800997827 0.02751966614199602 0.07445657180551535 0.0006326341230763477 -0.01398653644361826 0.05562994271645913 0.07179899895695002 0.03399262319600438 -0.03237470138899588 -0.02817401871909705
 -0.05873773856893817 -0.03447164618092075 0.06945806758197956 0.0123486718117691 -0.04566815203125449 0.08147685779421776 -0.04894258869501777 -0.0217745078054514 0.06311356438326604 -0.04945442103169989 -0.02081893452537681 -0.05662558159331205
 0.01136471165986168 0.01415829573115861 0.01294059598141979 0.04541915280438988 0.04864165547870941 -0.01530838431172213 -0.01820919520776297 -0.08465838926152722 0.01075180696771669 0.02151275018386692 -0.09363167054142962 0.004273084176295794
 -0.05461012378608222 0.04723501439399624 0.02170235742791997 -0.07456958551230825 0.0120903396560698 -0.08669543263995665 -0.04310876984724291 -0.0199303685519773 0.09501534575181458 0.07539040322265556 0.04567773854408069 0.0228701247572006
 -0.06225136738588963 -0.03767824361264641 0.0593603131619341 0.003081947979642938 0.07199248653861925 -0.01178386587633834 -0.005082264144068815 -0.03773584347415481 0.05158843785980458 -0.05219514241476445 0.04426163165689309 -0.05363357122734624
 0.007162831359921976 0.05799626491630425 0.005188436382677741 -0.05768656489530814 0.04578162289821225 -0.07460993344258121 -0.02863304402505544 -0.07148385241262194 -0.02504611814625914 -0.05541114971526515 0.009108830315702018 0.02568942755911846
 -0.02983394298725314 0.07411052974445617 0.02239597433033833 -0.07251758315102697 0.09143372760331511 0.001519619486201204 -0.05732754087627613 0.04963937477723157 0.05556602978416328 0.06427195077643466 -0.01488860682182644 0.03872188963109649


