# Created by Octave 4.0.0, Mon Oct 09 02:50:22 2017 BRT <wander@wander-S400CA>
# name: w1
# type: matrix
# rows: 200
# columns: 12
 0.01858098600965388 -0.02651422647690553 0.04860260497745314 -0.07722834799376954 -0.04538499987141255 -0.09884129137178872 0.06857174392167101 0.08231191828554205 0.01034468478590318 -0.04369028162862842 0.09776071076741666 -0.07971629682893838
 0.05837201572953438 0.002780729459666148 -0.0524124485536487 0.01625937498123345 0.02650408249438657 0.09708181607547348 -0.04476184147353469 0.09170961522228277 0.01936185996584608 0.05919495021881171 0.01952450019186555 0.02978820300423329
 0.08067115134618177 0.04447724979930062 0.05911851931339623 -0.09434908367477879 -0.05399827036821178 0.09787916606579936 0.007225624798942953 -0.04895243409313187 -0.08220864668021478 -0.02404808967519635 0.05261226350323478 0.04261280582295962
 -0.0226110080352013 -0.06530716004343286 0.03292173635378176 -0.0238202567612812 -0.03608241972838365 -0.04246106179542299 0.00557217024685952 0.03940443148813097 0.07253049628811895 -0.07712240994161457 -0.07610955251892915 0.06828533719483793
 0.07094359937603684 -0.07091087768659447 0.08924091242803175 -0.06995751694137532 0.08493569790450617 0.06180917121459567 -0.09284071672957259 -0.04705169087938258 0.02375059208385924 -0.07635800068842281 -0.09175741315269725 -0.06981235554863713
 -0.003030218153538405 -0.02384400994002413 -0.083048772739858 0.0222899019111695 0.09795517015880278 0.06831041355143883 0.08293284128673928 0.05042250530591888 -0.09536139231267189 0.04772702849506497 -0.06265733703131116 0.04608127921686561
 0.002163864089009926 0.07351588674252993 -0.06988289328247951 -0.05985834124321285 -0.01510157044893225 0.04764829498641907 0.0208933129969818 -0.0198231316696814 0.0947868636166008 0.07569343514874347 0.08065158062807848 0.06187825569393823
 -0.05755253768326864 0.03054258084333333 -0.06983392909477912 -0.01136099414787353 0.0002502100461869994 -0.08642466551138855 0.06018876861747233 -0.01095193244152083 0.09189437551944901 -0.08423333694926702 -0.04839873050674665 0.006761100762665076
 0.04711484882015024 0.08692893812629557 0.02651237248047275 -0.05911459986679316 0.001009739275608365 -0.05313948070987219 -0.02951238082622559 -0.05879186338024472 0.0236619836207564 -0.09492440075269692 0.07349017265435179 0.01524631065044264
 0.05313220731572602 -0.007625862731325123 -0.08290384778018164 0.07750421735368487 -0.06765097662105014 0.09828540324168045 -0.04683709343787978 0.05592854032998609 -0.02133257822685462 0.09815350769872713 0.03744990857830888 -0.001709372549688046
 0.01279990914532596 -0.09597285642481264 -0.06223823001685406 0.07437281171478646 0.05966609994560126 0.09080001302700585 0.0144383153734076 -0.023127608605825 -0.09050620178395546 -0.0812063929493681 -0.08878590129773901 0.07457101139901423
 -0.02786211707502312 -0.05081633597078707 -0.02336243652346731 0.09354985846802907 0.07887180726955612 0.04157414073557458 -0.07783061035633114 -0.02459023724875928 0.05468781725218194 -0.03941523230293795 0.08027844367690182 -0.04002542686194443
 -0.0012686001363649 -0.004529047134522526 0.09392888984980916 -0.01967739491716071 -0.0502594513673368 -0.05476755690381655 0.05451178033624277 0.04683757463980351 0.003216288139168438 -0.01798694763980466 -0.06748268001903399 -0.01324069491610499
 0.05942194171105028 0.02875621004532833 -0.08415698666425654 0.04786246129603411 -0.05169892330075482 0.04833826569472885 0.0379604723842934 0.06151770062994733 0.02057583048580358 -0.098425549380098 -0.004714543070485411 0.08757862778643166
 0.01755126528881538 -0.05271640190830854 -0.02473573044676612 0.09417061746739777 0.0912019321079878 -0.03298727160972623 -0.02502200530016778 -0.03750772970563326 0.03561594859354128 -0.09856778129386241 -0.01973599445639072 0.06160791445271616
 -0.01675758280590298 0.03925722553357716 -0.07838575752909066 0.05926767589987689 -0.001607211180850443 0.05125329357281239 0.01523790558072979 0.01749067192433666 -0.01959694186447883 -0.0749226515534276 -0.0007594558508586952 -0.01825387702072158
 0.00672441283127867 -0.09240144858045145 0.08432716791050029 -0.07368246113898495 -0.04268690118764473 -0.02153494743647252 -0.01833116946105216 -0.0564090689295727 0.05423772157963294 0.05716550550804053 0.09359261323086143 0.08293837993374686
 -0.003474254622468517 0.009885818637300398 0.07914812006655367 0.003934100799083032 -0.05796867220480472 -0.04318723857975976 0.02324640597025787 0.004601749900487034 -0.03088767467973394 0.09446479333471614 -0.08138526708037427 -0.04727927192157943
 -0.06012089293350808 0.01094099700087228 -0.08111677017556986 -0.05820750101720566 -0.03252944166322289 0.090414036526099 0.02319951922336419 0.06985698432256993 -0.003323372584238843 -0.02633996270971796 -0.04432199185847242 0.04624375660225505
 -0.04004245791521951 -0.09967916240934704 0.06804651958511046 -0.06764715649707348 0.09171568465761112 -0.05910462728424479 0.09528227739581407 -0.03970746329170682 -0.09557253599354724 -0.02436401553440787 0.05046204184938249 -0.01099657188693225
 0.09030712773996197 0.07087110289058771 -0.02084053667275608 -0.09908612605099507 -0.00974377248553257 0.08412810268611279 -0.005701592904692354 0.02828633789174256 -0.05122113690240798 -0.0653896711865572 0.08633459494303511 -0.01392425418308602
 -0.08480651356181609 0.03070445048456238 -0.02939140649264424 -0.0677399747597997 0.01477485765441031 0.02401751261174441 0.06428821832728504 -0.03944691536359518 -0.03291881519952483 0.03926163298243399 -0.09898274565496713 0.07725651146508428
 -0.0411962938354383 -0.03490713578002923 0.08002562721044504 -0.07038624027283573 0.02299113834816488 -0.09805515538398987 -0.04216118815592068 0.007517654970328219 0.01821230757447689 -0.003483629255168111 -0.05120554194135338 -0.00551566303479753
 0.01352304018262659 -0.03722932330192898 0.09373729089741878 0.05263446691160054 0.08403503652813168 -0.07550710929070087 -0.0168095658979909 0.07140884779253145 -0.08010962726112662 -0.08627158010196778 -0.08671036916446651 -0.041942429747379
 -0.01222712153857654 0.0368713590806766 0.008523186771370761 -0.04882011532925043 0.0522879657249582 0.0119712443874789 -0.06761582961305521 0.04314338533938686 -0.002124976166509251 -0.08880450593046367 -0.03782736594095723 -0.008937219480831246
 -0.07237282432407507 0.09471006720380656 -0.06373855310441101 -0.08543248363699422 -0.06794779564331677 0.0961124944951835 0.001836935109621129 0.05657169016821353 0.07023092044101495 0.09910997752013925 0.06264591382240292 0.08124443155621788
 -0.06697961683130593 0.04395710691949922 0.08402931304080283 -0.091974319576989 -0.0993069969483235 0.05873234317416018 -0.005639961031683544 -0.07090670496990886 -0.06920318691443844 0.03954811123368379 0.07461313442043882 -0.06812478023888727
 0.005365685180139329 0.09106284778955542 -0.09351280927638783 -0.05956399794279774 0.08142014580363863 0.04255697787558049 -0.05030149255162228 -0.06472893375664068 -0.04996435463232879 -0.09599021639964449 0.05739345975531615 0.02110309128583183
 -0.08917479475930272 -0.01408378294464264 0.097832142468601 -0.002077652766923829 0.02973861295619409 0.01428580188422623 -0.06630775930093699 0.02124167068304858 0.03232371501334053 0.02803466685583891 -0.09217917330210676 -0.03465261069773144
 0.06281272685502179 -0.03857559700814256 -0.0001988189841018867 -0.04932685976991561 0.01992844273693958 -0.0379098144339188 -0.02551790181752299 -0.08033908350315483 -0.09004968910060966 -0.08696413939941913 0.04596441026446091 -0.07205997208590972
 0.003870663543232553 -0.0507408723264447 0.04341658996037775 0.04958355432243755 0.03044733051438767 0.03259768758741877 0.01488234899128879 0.01801182404495405 0.05200805899992056 0.09008604198498932 -0.03688110199367275 0.09748682172683845
 0.02497175954370021 0.06617985104049195 -0.03841721540616358 -0.01004967323290448 0.004140795032673394 0.003475368067553108 -0.05409308082146681 0.07861084487495987 -0.04109025066090177 0.04426423575953289 0.09880889694841824 0.02326118176745862
 0.09579136401947272 -0.09852056968325588 0.02558115877527017 0.02260576423709937 -0.04878736574166764 0.02818489452100922 0.09828277292314608 0.04899640146621134 0.07700773051893905 0.03051378871820687 -0.04270327177725485 0.02017277517922163
 -0.02366100470667933 -0.01133528328280817 -0.03853922721274929 0.01387602247208364 0.06901120861378604 -0.015243598216267 -0.08985032353807462 -0.06894024220519772 0.03120880111647004 -0.0701891050510426 -0.01571682727064118 0.001946619597123694
 0.04957309939579663 0.01305126843265406 0.008087598694808323 0.01097008506914465 -0.05140266445615108 -0.01329422835219976 -0.008718530110045739 -0.005596968599770186 0.006930982527913659 0.04613340426606119 -0.05764503268065981 -0.07333100112451238
 0.06355538594968493 -0.09317429073619622 0.01322810959659657 0.08595377722983819 -0.06040303029968627 0.03481292016896559 0.0485762249955369 0.0863316109964509 0.06050051083038319 -0.04943702819414508 0.005788182576681816 -0.07417194065679453
 0.03404273688290585 -0.01855821025566681 -0.06330115133447668 -0.01179865134944356 0.06178859463039321 0.06259644275914261 -0.09579936464830215 0.09689510928819425 0.09645665644427651 0.0795101352725153 0.0343962458280655 0.0145998995205768
 -0.04951214045330411 -0.09382510250791236 -0.08165829748852731 -0.03352795587272514 -0.05175281794355477 -0.05514314361677299 0.06762442513805353 0.004424915877998953 0.003135106393302764 -0.03925300351151017 0.01676760544149429 -0.09012052277073956
 0.06522993643377831 -0.06721906622056956 -0.03888466925382862 0.04172688364903046 0.09232670684026745 -0.08389208601348427 0.0625670653970489 -0.0692123878766301 -0.06118324009961584 0.001200461449306342 -0.04843761832792982 -0.0114522489054967
 0.07384142126365273 -0.06927026839827333 -0.03333467397962529 -0.07068588237373835 0.08664128930081252 -0.08398240013874071 -0.0491029925405858 -0.06418807409403707 -0.002615763123031523 -0.0837446016904531 0.01568926596063822 -0.04337104340730941
 -0.0663835292717648 -0.07761092124962876 -0.06349789090278732 0.09806814772146366 -0.0427484449237893 0.07133220242162194 -0.01780295195769523 0.03631978420131859 0.05962924514941431 0.01435573083419409 0.08959470593021221 0.09111835015426967
 0.0215838299109898 0.03297594975250742 -0.05738765309733677 0.01869445529520974 0.03184977717813256 -0.07247610059768145 0.001528920130189751 -0.02530851138078292 0.09353852297802842 0.09646970925365628 -0.09818822945370273 0.05568813317333951
 0.04197724852847731 0.002314324176740754 -0.006691134285676234 -0.06569397724657541 0.02817251451802358 0.08404975459459749 -0.01447734141495352 -0.09386900751805442 -0.03123317843800867 -0.03420123074839702 0.07462331907612074 0.02188790258336806
 0.02444039064665778 -0.01155295892002393 0.04514865256913581 0.09218120165261742 -0.02676101310755627 -0.08361977476475374 -0.08345510120360493 -0.09792713410871343 -0.02265640495915087 0.07366149616109513 -0.005124277937945648 -0.02436478951002849
 0.08039460064041051 0.0009677719281117741 -0.07691586479465608 -0.08928583018063334 0.07535167563739725 -0.04794528878629011 0.09087794888433601 0.09581113458683713 0.07475792739350257 0.01181535917845666 0.09493315289956614 -0.09148663126243513
 -0.08950063030801045 -0.0624907726648469 -0.09823312742003731 -0.07946004926614053 -0.05484405463369052 0.03879871857538536 0.07272248459103867 0.0103429914076478 -0.0619178419994232 -0.02627025735106986 0.0548752308587141 -0.06012672732439618
 -0.006933808367168046 -0.06739955347139401 -0.03862745362653787 -0.08584109778236219 0.07752678505754126 -0.04434374729561263 0.01871174914799785 0.08645518985190465 -0.02182294171096893 0.07710599122798054 0.08953332741081754 0.08565631677659472
 0.05434771031917618 0.04467847430459626 -0.09440087120096616 -0.04537589757788801 -0.03488800561847365 -0.05558221735766568 0.006207658772363372 0.03280686110232917 -0.06871307115168425 -0.02397794608499756 0.06350147826177302 -0.002864614062348739
 -0.00827784380482853 0.07842691541684438 -0.006181474077533722 -0.03831716460359626 -0.09872574231646765 0.00455669749344112 -0.04998489687858433 -0.08673340339494708 -0.05344292157254243 0.0846770658024428 -0.07205307956816417 -0.01901539988082525
 0.004982040188880335 -0.01801097327798583 -0.01106729706082962 -0.02878130537310161 0.04711306348565011 -0.04036895704935232 -0.03071384413082218 -0.05300803664360289 0.08181833794839169 0.09809021569624093 -0.09949974853488054 0.07831748073309475
 -0.008129222366159525 -0.01082332027273686 0.01827902975597698 0.06373978216035017 0.03307581255229369 -0.09618502719247742 -0.0460165012226437 0.06242325769054746 -0.05079151722408862 0.09081039510946098 0.03770836255793825 0.06671487912947699
 0.05812777557656218 -0.05798245982140681 -0.01283512670950283 -0.006118400377247479 0.006235498015905463 -0.009877255928332496 -0.09315917289064846 0.06873165587302005 -0.009198413529595037 0.02697315066351341 0.04715238178071848 0.001627221193026412
 0.06035957513238294 -0.04877248240307025 -0.08886452013700841 -0.07734242162869699 0.02959744281961588 0.08849030260851518 0.01392401615333183 0.05253118599251247 -0.002239460775649127 0.03989723514054602 0.0680987392570562 -0.05653880469577021
 -0.09985010733703945 -0.013462957691331 0.05689230517633342 0.09266728595645676 0.006419995628476435 0.06203494019947178 0.08021402493365326 -0.03937739534241663 0.09027746743999177 -0.03099566510695748 -0.09925904042985989 -0.08715354557191873
 -0.007513933023612612 0.008360575300393774 -0.08072628370813544 -0.05723563468056928 0.06162064243165497 0.07272592647566942 -0.03917503974180722 -0.080493757856965 0.0433296251966741 0.05318956614013268 0.08112199079874169 0.09318544043081575
 0.01359657932257488 0.09056719749776995 -0.04924526195966374 0.009767265152582125 0.06062446905219004 -0.09015343388699983 -0.04145013784681872 -0.07471156567686063 0.009023483399284313 -0.0184358910277951 0.09514738820730251 0.08359290293334085
 0.05000731593805099 -0.02414729930112833 0.04749658693013475 -0.008227770690064667 0.04901384730418096 0.06874302216208836 -0.01002873000315727 0.03309664874833293 0.01799831995114783 -0.07027759898526366 -0.02809000067868381 -0.03529359032571412
 0.08423022111244696 0.08321119968387117 -0.06566425776941831 0.04462813538261029 -0.0466779846805831 0.06288513418399877 0.04367517293649176 0.07957070011222442 -0.0667904494441455 0.001964185087033582 -0.02236795065067322 0.05102131622307843
 -0.05174624691455031 0.09494450360209608 -0.05931776858571206 -0.07447793695091828 0.06612695668098933 0.01042380840479766 -0.01749578073691788 -0.02657743080060769 0.02621120876521105 -0.01819137961183367 0.06108933272802372 -0.06614845864059794
 0.0564760545935262 0.04680496031920364 -0.07716825630529123 -0.04270522527017348 -0.06128858411654826 0.02548341545138288 0.02959003988814296 0.009609191246997523 0.07223758504070213 0.06874909446402086 -0.08646814587826561 0.01424618475033088
 0.0236330938122308 0.05454186036960623 -0.06296920795278672 -0.06298127994714173 0.006613567090352504 -0.0432947930489232 -0.04131825909364083 0.08496281597013608 0.01433684113010847 0.05172997911088767 -0.0293201611736361 0.09503431714193339
 -0.0651861159157511 0.09576487508505654 0.05198520237788309 0.08898572724240891 -0.06348813600280104 0.008552995372616973 0.06512841860313703 0.02768122033865583 0.04501285280266876 0.08521225098876223 -0.04492104443863331 -0.03278458727577106
 0.04255315702899268 -0.06651549924119504 -0.08250466699392855 -0.0457696254636626 -0.06429558870061322 -0.09685115368967386 -0.09115922513206882 -0.009243226580030434 -0.07662614725550425 0.06013006774276039 -0.0875128434494013 -0.01127198039368787
 -0.04417416244824336 0.03681818550975274 -0.01474937436550795 -0.06193805947163941 0.009650374766238243 0.08064166993262323 0.07921194106295257 -0.05964600044804835 -0.04395323993754793 -0.09776804620930858 0.05220993473557534 -0.0691837347569797
 -0.05867735324650111 -0.06502345365115922 0.06459596703542472 0.03816817349844834 0.03851049425628236 -0.01358732770688297 0.0009452745039487259 -0.06984573898049988 -0.0193745892671377 0.07862678440312587 -0.0704362200668797 -0.06040302268040568
 -0.04115585239261541 0.06202242160859581 -0.04242015470243 -0.04284495884426592 0.07582502217901729 -0.04286197652235987 0.0433977608800182 0.07601702678053232 0.03065882337162834 0.05242024537540768 0.0135858060202341 0.06423173793118067
 -0.01630283952478559 0.006961794534781893 0.06820764840684701 -0.07143529826094483 0.08120580966555274 -0.03446961324457613 0.04079885132677843 0.09811853480114655 -0.0873539040679015 -0.02111583851890822 0.07914010274157135 0.05108785424184889
 -0.06581360874720629 0.08573121477652021 0.07348967737951259 0.02384670442164689 0.04254730012699739 0.09331533369924846 0.0106470672576587 -0.06805100468433591 -0.07843936328645097 0.0178503523199838 -0.07335772696689188 -0.03831033955063629
 -0.08641040989720503 -0.04697644047136164 -0.03161168711897071 -0.01882255409748081 -0.0004701999148148811 0.02004509457035716 0.08538392698227693 -0.01429978485170094 0.06833188505045681 0.05273011887226409 0.05332086854808374 0.09967932822987
 0.01656378267238209 -0.08402002798823906 0.04948639693633552 0.09738833714335593 -0.0293400672219679 0.01111649218744884 0.04433325696368365 -0.01137338182617122 -0.04638889467923799 0.03827326415365812 -0.09910259907733998 -0.05578406273513287
 0.09638315420787155 0.04952488259953444 -0.06095228186559131 -0.07956512874632683 -0.002364969484506541 0.09527261470185194 -0.03421209012912223 -0.01386853365518995 -0.07605576108544132 -0.04867331226741037 0.04725696930598539 -0.06124682605875484
 -0.02345774866258574 0.08504134528078583 0.06709733320232555 -0.0104056646915491 0.03853464680112706 0.09823267990397869 0.02214167454098155 0.008725184726225937 -0.046796210806631 -0.06072859441551971 -0.01920297049153284 -0.01712732840173842
 0.0681966185891473 -0.01314152573844472 -0.09801930096572344 0.09674891007767517 0.07175790641200797 0.09774499327539796 0.033547087061051 -0.04077682423340034 0.06219656913480107 -0.005239968261583738 0.03073575789955413 0.04356769243806494
 0.0812925072740574 -0.03845545669515466 0.07588221423591987 -0.07056543637015597 -0.09804431565795936 0.02974874685214399 0.07889823892285674 0.0007194216308311352 -0.06412398666162197 0.08111113710577753 -0.003389382037045099 -0.006174940449976962
 0.049348558310219 0.08331504526324976 0.0006609076499774352 -0.05042194222422582 -0.04243345074660544 -0.02863712149658849 0.03924383640351309 -0.0379783169690645 -0.09204614215586304 -0.02692043865371657 0.09218977408074094 -0.07867980865594741
 -0.01010003168269959 0.05757639664813471 0.02806725256428577 0.07972694615006173 0.01359488106874411 -0.02856312039946134 -0.09447904964426135 -0.03422736115431525 0.05187449724304946 0.09917071898095076 0.0548703005906577 -0.009800216761138944
 0.00984064229228214 0.04824110966390033 -0.03587561234054364 0.007945496416094835 -0.08748863635990704 -0.01176106200956914 -0.03391126754052444 0.04022714965173996 -0.09353747630334537 -0.007721712475070489 -0.03665872468782513 0.05626857940716465
 0.08420737800688669 0.001964302131974099 0.05357925877857059 0.06415117274820389 -0.07886102063662589 -0.02650442508557091 -0.01676085724863327 0.02090168251013831 0.09233613105409708 -0.03996597930746063 -0.04826035664452849 0.01123601707868205
 -0.08501811984950382 -0.04317807171305325 0.09532012645503454 -0.0498711698216077 0.02550883747484306 -0.01483901588861783 0.02724525922439472 -0.007256727960754467 0.003969947361832357 0.09925864221807243 -0.05667229667980317 0.05019773784790713
 -0.0959581667288958 0.03410089670097938 0.07801968172030357 -0.02798297076231758 -0.02049951116271789 0.08574401579989052 0.06230602711184552 -0.04755400708801948 -0.03461265455926973 -0.04336138488188678 0.0002977439787861941 -0.08986778582771886
 0.03339750578850315 -0.0353474071240981 -0.04464480115953467 -0.07045386648839475 0.06280671123670628 0.06973858915581432 0.08039997625261056 0.09045155761702453 0.04531240516408572 0.08844914758233094 -0.02594932758279876 0.05530969097931865
 -0.05416848146049724 -0.06135448690762468 -0.06983342720226272 0.04200843568611501 0.01904106800755341 0.0324589881140997 -0.002990807605132734 0.03552389135103723 -0.01690368871189253 0.006343751779891244 -0.004392872501695122 -0.05963721301996209
 -0.007369722769319006 -0.08255840302246406 -0.006893553527453702 -0.09354697925800992 -0.04966965250341657 0.05470584524184083 -0.04180513640510321 0.009286639858221243 0.07738154758392313 0.01168067946635876 0.08148237782363754 -0.06888586584757544
 -0.001781591423217085 0.0471221161078724 -0.07838913529108357 0.06017964352372049 -0.07983736067971105 -0.01877911397519692 0.07311628905997258 -0.09966246709121256 0.06771484396292601 -0.04065868259364741 0.02780356389475036 -0.0486585683922702
 0.07774886156039068 0.06863995807868295 -0.05593127920257251 0.0920757501393383 -0.02839342069146986 0.0630946951477481 -0.0438439002016309 -0.08066165211197313 0.0629770956220646 -0.0465049077529408 -0.01619394783896001 0.01730117029205183
 0.01742207958765814 0.02596220610018043 0.03076613709689785 0.07696096422068255 -0.04660149324093216 -0.07970687748919847 -0.03059061505853235 0.004580397072662695 0.02314000210263041 -0.04310302768474038 -0.05475599827892933 -0.09005086238386341
 0.02234381164338461 0.008495509626878991 -0.01808962801693449 0.08523548856540211 -0.003295956734265318 0.0735440204650076 -0.007381437202422542 -0.04411247506789184 -0.05550236961137506 -0.04306510387102119 -0.03355304563733402 -0.05263103532852723
 0.03534872263027938 -0.088772775636003 -0.04319535064141583 0.08503692698889012 -0.00305247323838985 0.03307115217516146 0.03703581027144159 0.0830472238785121 0.08562144021303422 0.01334762981888368 -0.08107096765855148 -0.004249336204260365
 -0.0972613690852288 0.06784686450708646 -0.02393325286555138 -0.02096591991652347 -0.07378740054934105 -0.02678124744069948 0.01743028615808082 0.03512064124666439 0.009442123451891396 -0.01860566006409567 -0.0774928855542734 0.02287429389083426
 -0.006187654035948023 0.08807227420019045 -0.005502750969513054 0.0274058673766005 0.02717295441682013 -0.05758949612239172 0.08071956587329443 0.06154703828389924 0.09210955310947341 0.09170454971283354 0.05015710056008379 -0.08319101989482491
 -0.03721587914826864 -0.029478368704613 -0.004562735101258847 0.08944251629590314 0.05839315454996172 -0.007701778955348487 0.02957590479582081 0.03764984580197872 0.008108451355280447 0.09691978765928047 -0.08561462425176773 -0.001331435386957888
 0.05762791632209585 -0.09416244020806575 0.06696418107673227 0.01148789209773111 -0.09097076871650608 -0.02727282248813251 -0.01144039508705233 -0.05731680093388828 0.06717717052308728 0.02215274629846424 -0.006954717462547041 -0.0619550900570912
 -0.09483702349064083 -0.07537658273758835 0.01566312903839868 -0.0938270926766992 0.04415957349230121 -0.06365339029722988 -0.09173985003061755 -0.0003149350634227555 -0.0501293775376327 0.0582774725730546 -0.06525424660905152 -0.08151788020654213
 0.008865833314004923 0.05765350961614044 -0.008107018613232542 0.0652097108154282 0.04537648549488402 -0.05903783071774801 -0.01496366942464886 0.06949284865368477 -0.04303245314392656 -0.03387110474313254 0.09663864810867501 -0.0626081150313624
 -0.01337495706630575 -0.02889791588074983 -0.06492661145957432 -0.01785385197480259 0.04960869945064814 0.08683967723998517 -0.05827596003070423 0.01251160719815234 -0.02910778093723475 0.07213984273803509 -0.02139809948258743 -0.02643858779064105
 -0.01375624955691182 -0.03518239581883739 -0.08829400724134201 0.01419969050184725 -0.002630487290155234 -0.08438438940135186 0.03257008238330222 -0.09061930657278428 -0.003901686917447383 -0.05267964279550121 -0.07383978253023557 -0.06554489179349363
 0.05499677601055439 0.05190880510821377 -0.08441363694351849 -0.007731221884076628 -0.02886281369894389 0.009670095982796847 0.03072406600365726 0.00205965874708218 -0.07863648022040472 -0.09115750599969098 -0.0576441707779343 -0.05765172111994527
 -0.07429234469033802 0.02533101443069843 -0.04702940807956663 0.07320840157472086 -0.05372015902672153 0.07136856575740225 -0.06975059095558972 -0.08537311827822171 -0.05097939302958833 -0.02058334035300227 -0.02656124243665446 -0.03651178796721849
 -0.07921098340768293 0.04182319373910762 0.01719897103700116 0.07907991700996514 0.06951454333641888 -0.008273425992940328 -0.09659679751894565 -0.06682086130398712 0.07749496815444842 -0.01532798761891639 -0.02007155995758397 0.04017607014655572
 -0.06299278965457028 0.07843436760368586 0.06891337767850811 0.0762070696613619 0.09886108839684998 -0.09489883808807011 0.08748089661118252 -0.0167382828321628 0.000802301935699079 -0.02941050657682746 -0.003530733947011658 -0.05368379290380391
 0.0007497670566918718 -0.06945959739979059 -0.05439247445651309 0.0811036000615861 0.06251224453894777 0.04703293032808636 0.02721047177196503 0.02861240461384823 -0.0131292457119362 0.06679845483382232 0.08734023267213045 -0.08130748284416686
 -0.005991252726360835 0.03149446133407957 0.05407452057641024 0.01936118769286832 -0.06513776517308206 0.04422249106221482 0.07914004281518236 0.004212341162971353 -0.0002968171683682408 -0.01948631264009387 -0.0650810606370997 0.04995536219823959
 -0.09674506077705633 0.09543852628232127 -0.06812712943370841 -0.01670108585907738 -0.05233152025453457 0.08300869322601795 -0.03955670363832677 0.005110405399534196 -0.002282447636442753 0.08737232841189732 0.02163511944219651 -0.05990522536738595
 -0.01607200150172804 -0.08264253943459576 0.06434206344093757 0.03386695262740896 -0.03004000243714353 -0.09996532438767626 -0.06041763862111295 0.09158834406243818 -0.08379321808099044 0.01952693753403356 -0.04272114066807499 0.08337934726228841
 -0.07309066849180768 0.09356616872397719 -0.05252374849811949 -0.01416938304771281 -0.09479605962756181 0.03810155082881528 0.0820418377441704 0.01665627607367219 0.06188291430144807 -0.07371834258116684 -0.09876414602678929 0.05739859283572865
 -0.02030877488721336 0.07611718917367291 0.07712079605454988 -0.02559050106368747 -0.02678551323068487 -0.08574974148556119 0.05073406576970124 -0.05614393000605901 0.01479704994279948 -0.07719823890569334 -0.06589287122997069 0.06207950752161948
 -0.05050662987159093 -0.007175877490717367 0.083499389176102 0.0619984388819321 0.09664005341687196 0.05693313217203524 -0.02101657025585027 -0.01734017438144496 -0.0251921338960923 -0.04648567679719212 -0.09172308659560022 -0.02912733551952415
 -0.03020287420379077 0.09484356299383437 0.09404078269323085 0.004917469822286219 -0.08126818881558201 -0.04344123558887391 -0.05750038847400866 -0.09481319226695052 -0.09497930514251045 0.02272530091663587 -0.05017158990769441 -0.04609475533907396
 0.03427121944274489 0.0007497059887913576 -0.002395705869154774 -0.04951463529134618 0.07811744742109558 -0.04011201039225442 -0.07940834154606746 -0.03528723774124863 -0.07097704572693957 0.057124336728234 0.08697368813713088 -0.08642591612052361
 0.02233014237916528 0.09788579176236331 -0.02179988095567695 -0.03348703780677829 0.05220950717197223 -0.004258776693507133 -0.00870108709768537 -0.05035790548784515 0.05950219864024411 -0.05673949614873321 0.05481830098578391 0.08887364087978755
 -0.0100600114736852 -0.09730822845912619 0.01372186766029089 0.04868188467919057 0.01104217946026927 -0.0227901581746483 -0.07319932831393799 -0.02334849152251378 -0.03556680070248346 -0.08892021866385544 -0.07597549439261043 0.06830436438191298
 -0.03490501659478178 -0.05424603090452328 0.09991883624302159 -0.06685369632967343 0.02061830473992088 0.04241594843156044 0.06945533895483602 -0.0459964372819707 0.01434305421323127 0.03777739159758539 0.0893917268939283 -0.003112890463494847
 -0.008830988660797331 -0.01781702608663913 0.01136398830793028 -0.04738741536490851 0.07916914064067862 0.08268287667687998 0.06084550263659777 -0.03138556048473086 0.01180406424633909 0.08647162524890062 -0.08997769802013922 -0.07245237815258906
 0.02838727172248462 0.09658472605920584 0.06639426177314126 0.008939426655708571 0.09540877924423838 0.05599870371453794 -0.03316364016157464 -0.09337055379627857 0.04590017215145936 0.06805287351901068 -0.04558042268749726 -0.02272044786291844
 -0.03728172512617682 0.0362165136323882 0.06520124952428499 -0.09112395213855018 -0.03889243545644624 -0.03958699421157518 0.04722695647078426 -0.06006018283632203 -0.03458996101381259 0.003193480252949257 -0.06235761569763824 0.08325652967840114
 0.07183056938290644 0.08441880570242485 0.08009563072587911 0.053023013400016 -0.04733629471364503 0.01397057543996841 -0.02362851342632608 -0.009009054026857866 0.05522704382023969 0.0775744587387619 0.07668557796646777 -0.08747475601378464
 -0.02198957991889353 0.08380836596070593 -0.09213710312785395 -0.06992154606156728 -0.06098304295221561 0.07896118500464894 0.004238357707631812 -0.09381673691098702 0.09838913846045241 -0.06384691101450804 -0.0113814219728333 -0.0883460458098916
 -0.08161358819664921 -0.0721420424643673 0.02668842840359151 -0.0865197642387939 0.03486827728694697 -0.06765575083996225 -0.07337596919141492 -0.03107476455968333 -0.02658214285002834 -0.04595013063185226 -0.04185801163821898 -0.06388708556297873
 -0.04085582906310207 0.04235540933813348 0.03856894475062364 -0.001374221188263303 -0.09940261873611368 0.006236262705160242 0.07153620957772222 -0.02329732966720383 0.06358707529177138 -0.06602020210926912 -0.04488648350992076 0.03928513230486283
 0.03572133289569382 0.05330548996566739 0.05126638804097791 -0.01425979522688683 0.01672920039383823 0.08025491777166915 -0.02303851925131475 0.0315142344641379 -0.06290919389972396 0.07547250033835581 -0.03840151606893397 -0.008661912572717256
 0.06561371032956856 -0.001322779704387309 -0.01304398267015962 0.06633821670596285 0.03747247610286483 -0.05826990484057443 0.08495294576122045 0.08024949419815594 0.05286231253148557 -0.01200195406448702 -0.0202752786144952 0.08478806835843827
 0.06474235208093773 -0.09637842004317572 -0.05148618872739263 0.04532463521405616 -0.03976743452899489 0.065150911910245 0.0406654659716465 -0.04938563821005942 -0.04292572870601787 -0.08297672822558501 0.01794743726244179 -0.04220068661615545
 0.09052724435123269 -0.08703804149386729 0.04232289633189826 0.09609860052482916 0.01324047872288994 0.01831370580473882 0.01228913374447618 0.04572040852314654 -0.01256119807090229 0.004890074516802984 -0.03437526537300536 0.04373844180961331
 -0.06010996648956685 -0.06065227943348007 -0.02849718515520493 -0.0312502665064356 0.009718639137604845 -0.09301495333165621 0.05483004720280987 0.02249570804528145 0.06403679592847397 0.03122131292330893 0.03430207667108992 0.09223230404789282
 -0.07811896366771243 0.0007040339376726268 -0.01551442901307488 -0.06434291058778235 -0.06396166834488537 0.02437697051324428 -0.07078806662665901 -0.02853146575576612 0.06652972805474303 0.08461837895856347 -0.09084759933881222 0.08868760546139617
 -0.0154243062134059 0.002973987970294134 -0.03590123380423139 0.007802458374603888 -0.08669732826592071 -0.08836690222176795 -0.02564794051699987 -0.0297296396291258 -0.009384453866332826 0.07575721353798207 0.03578281108736397 -0.08864840204836534
 0.0493324193452423 -0.09200901148852736 0.06587731673169731 -0.02538130368762136 -0.04909559213714235 -0.06833931877956746 -0.02259372640948788 -0.01603751279613942 -0.09696964645454788 0.07633954673868198 0.00821872731422342 0.07980441826309309
 0.07817413031889703 0.06615084339135993 0.06434693093818897 0.02457314518788549 0.09889068415671773 0.07612946015272215 -0.0556594415631995 -0.05824074081627061 -0.0100186265211035 0.08616764071420824 -0.04518409502463427 0.09756710587747755
 0.01820764841017948 0.03983590170803741 0.05257899503081986 0.09985707897030058 0.02400056330924179 0.06638995166456224 -0.05839283964344967 -0.04636891193121774 0.001372446596360155 0.0950742141490088 -0.02081581063158905 0.0558635784234903
 -0.03203862805576883 0.0181908175889636 -0.03269606226042349 0.0930016213711411 -0.04516029775592691 0.081506830351561 0.02527286253037325 0.0719853288857227 -0.01191223689038551 0.06502288488489055 0.05823304183763942 -0.05414649523741911
 -0.08076873907897891 0.04208871766765848 -0.02076977786331075 -0.04961566627890212 -0.05791557655955187 -0.04578582747130343 -0.05062912866723507 0.06140188426604895 -0.07344202295513781 -0.01219432042714465 -0.04252848575464557 0.09391057108023726
 -0.04574232645548443 0.01289885180396851 -0.07565750749195911 -0.08888873160492332 -0.07400197996548594 -0.04827999845398966 -0.03037662863254337 0.01505823340221879 -0.08294877796390193 -0.009822144776517563 0.001076095524135207 -0.07961225085174163
 -0.01052632690787308 -0.01264802181063934 0.04685949137583473 -0.07296214699079481 0.0927700728191545 0.08193650589059367 -0.07947417412362068 -0.03281728605403494 -0.08000069349031258 0.05653634885436784 -0.06919996655456415 -0.05172805289440895
 0.07832400252152993 0.09383234318696754 0.02498234931921442 -0.0561634502572754 0.0181996316285801 0.01228365016410533 0.0333117515254874 0.05783533076409539 -0.04063205077046507 -0.09529867202674702 0.0756842968247062 0.08679123214190013
 0.0645591467425228 -0.03248153056032697 0.02016806514267208 0.09481294393936343 -0.03933925667569491 -0.08080741016123731 -0.08484456459394707 -0.04467906055868692 0.04051538460947202 0.09317884519164421 -0.02540304163304156 -0.07605695231567511
 -0.0613659680468435 -0.02786684675909228 0.01930047129231305 -0.0384914307375669 -0.06358509170696182 0.01984171633531592 -0.08711314242646818 0.08302399305544184 -0.09799984782329148 0.09714858079548444 -0.09192570649397233 0.06226711203067406
 -0.05755581250064995 0.04253278008085234 0.077387304959422 -0.03649003256048153 0.09778030041780572 0.02258004309430554 0.06265875288688605 -0.05924244693253492 0.05854178232892404 -0.08566227694530057 0.05409238502421265 -0.08806515338531877
 0.09821189013037379 0.08289562675065834 -0.0539268511715246 0.0524986853845677 -0.08961823479915748 -0.05733209928161057 -0.05151546705305567 0.02379556747042114 -0.09111255757137271 -0.02757202772829805 -0.0253364462380614 -0.07220765715772134
 0.0899613180046738 0.06203122873687872 -0.002968469927402378 0.006461009135230886 -0.0575052066739648 0.0763153906393213 0.08281068199446931 0.02577160785002147 0.004179788310224447 0.05119763699721513 0.02641087288402727 0.05608632578363179
 -0.0484941432300796 -0.04327524868017673 -0.09209492919425592 0.05091641579784903 0.06467331358818326 -0.0004578666877669557 -0.09136441006182394 0.06930036170165074 0.06891470951705642 0.03966529942059885 -0.01513629424121218 -0.01521799038418079
 -0.07960476191843992 0.01813414684388608 0.04493716348867591 -0.04253430790607719 0.05716711166389499 -0.04514196714669502 -0.008379907233902834 -0.001062762174221715 0.003873523284389127 -0.07549668257998171 -0.02129080537267612 0.03910289212922255
 -0.0007584663349842341 -0.01580548903486015 -0.03924064046670583 0.05705153059508447 -0.05939843007101595 0.03637329587214966 0.0791976128144459 0.09036072039642551 -0.03246544710316017 -0.03323229163635338 0.02115102192448855 0.03259904178886966
 -0.09551673410168326 0.09707882038155555 -0.07239280812157935 0.04408031528647521 -0.01804539027912913 0.03384565888643928 0.0907826439874308 -0.07244859674482589 -0.04279594635263543 -0.05393978435774952 0.0415640748408217 -0.08895925410198902
 0.07582848564211062 -0.04162268597230504 -0.09094137097052808 -0.04588674850706828 -0.03931125128214642 0.09908915115650627 -0.07053428802480782 0.08544969313975184 -0.01560694101811294 0.02278416926088597 0.05767673755765923 0.04230375946336581
 -0.08578150345069799 -0.02700863651812641 -0.01944650199936805 0.08612023132158311 -0.04892552398931091 -0.08501583517635319 0.03067511083119917 -0.0511239892412151 -0.06358529004899939 0.01472536969448057 -0.009539429665203727 -0.03765036781048808
 0.0910822728874193 0.0503221010413048 -0.006430035607565401 0.08590760457053156 -0.06397353024008025 -0.08481394515046027 -0.03581333785455926 0.06024123968043615 -0.03050334812389437 0.004722689345825135 -0.06345988649551282 -0.08139273736294698
 0.09948954848449207 0.05956134513074762 -0.04054010103151765 0.06810188546984344 -0.09465142574362732 0.03129973599131364 -0.0195552087948441 -0.04774369407989973 0.05131296452615225 -0.06199158510545743 -0.02985564429288098 -0.05718482485298394
 0.05506116827986321 0.04837781734350716 -0.03634656353125255 0.04272988932036104 -0.08358951594304992 0.08743654937285222 -0.06365856616230117 0.09671855978844038 0.06383743358039171 -0.001350275084763389 -0.0001416942131246823 0.04840547031056028
 0.05984813384752294 0.05342042917758147 0.08753996625946267 -0.02216820054351566 -0.004365137102470981 -0.07542574873566676 -0.0450099439093595 0.04693252188946412 -0.04881849427195709 0.02966158609845063 0.007704943347114801 -0.07864590259539743
 0.003314709209576078 0.06771436327508093 -0.04689568755001425 0.06201337690683492 0.05029164372253556 0.09273412545083976 -0.03429214522858269 -0.08661844026057497 -0.03728507102256433 -0.05896712155876999 -0.01862566808828298 0.05951078949959099
 0.09178351909125901 -0.06067292195481208 0.05457660073428625 -0.07629081043590503 -0.03694569022218649 0.04811964689589712 0.0419217378237205 -0.01587573213112495 -0.0892050806781909 -0.01292867664436025 0.03534450926408669 -0.06554665557955565
 -0.01604521119688264 -0.0492471031743358 0.09018012733397035 0.0691667456670039 -0.08739073387211224 0.04408478617556472 0.06235212248075392 0.06730102631262469 -0.0277781288102341 0.08235269635522321 0.01646250788090686 0.01849622221069189
 0.05448908602554184 -0.09276211835311073 0.07699379770945902 -0.02894649927855746 0.01782111262229938 -0.05462694246561605 -0.08650252043838529 -0.05164148772243841 -0.006883485675326567 -0.07156485978774635 -0.03546851959181095 0.01553932085410295
 -0.008964200899611349 -0.04892106912395203 0.0448429647531727 -0.003513647366089626 -0.03860703772440854 0.04009091276877827 -0.002829240083226839 -0.03782210020621743 0.06846575624612322 -0.0592161165650501 0.01472471915998874 -0.07138189951364939
 -0.05403885741890135 0.08025245500838007 0.03921141125582081 0.004174642490686553 0.02439151436987035 0.06273590670572249 -0.0254828903984817 -0.07114450154380771 0.07867722953792544 -0.07551481879430534 -0.05901402705164038 -0.06788978584489548
 0.09063841913398873 0.01142390121040789 0.03960521614971932 -0.03596623847110227 -0.08310839692690028 0.04475238569325785 0.08364591371154945 -0.06686204113707567 0.0145220235751569 0.02803212526624255 0.01196501908461922 0.02474878702171632
 -0.03239545216848387 0.01648497849664657 -0.003757870403341912 -0.04078785245218354 0.08833074779913147 -0.08921702841063599 -0.02544595343057851 -0.09728941468052592 0.05445460516712691 -0.0577388275917912 0.04524071406699798 -0.03497819228038085
 -0.08372821477585141 0.09948665849390548 -0.03092411315412284 0.05316457922245049 0.04720332086766932 -0.09863492508779279 -0.08795780478039411 0.0878165742336301 -0.05856367016629404 -0.07111721780676476 -0.03050732803281372 -0.05045671908049111
 0.00381737954821533 -0.08474335925739597 0.08133595561739218 0.005870861635284857 -0.05157230893623382 -0.02270639099356045 -0.08127026192006068 0.05153754376491212 0.0861820982997358 -0.06549242777290078 -0.05181059198975825 -0.03648705969450522
 0.03144656186544642 0.02285751935218708 -0.001948120763984179 -0.01064747128651386 0.07261701340992152 0.02458185104226913 -0.001356067517051557 0.07049607217331952 -0.03655871440354867 -0.07077854547624382 -0.02436222064102776 0.001671925265109925
 -0.002528920513990215 0.07548764819640572 0.06680859674971568 0.07703317030666829 0.02286367140671208 0.01745206287999931 0.03447252993183766 0.05595606523290952 -0.09566639819122137 0.03168049844383375 -0.02379352293812977 0.06180159173051311
 0.004640158853512766 -0.05362856822344159 0.04892485472223992 -0.09454369531287625 0.009535453539624011 -0.04367672163582278 0.05022425862351088 0.07752058513687579 0.08122993617287061 -0.02195749795948941 -0.09583555109424391 -0.009345656057367049
 0.03869635475929095 -0.05119346984729464 0.05370146943671972 -0.06711319708885771 0.08383992177007257 -0.007580687400870756 -0.02071196584858227 0.03110500449039633 -0.09888977356556806 0.09646898347500998 -0.003843566712496832 -0.004711332069263857
 0.08087871612450259 -0.09864033821662378 -0.06241808344450478 0.02706624735003588 -0.08699584195527832 0.03012505780568772 0.07250681740533912 -0.04534117498910292 0.02085613269756108 0.03832760807221552 -0.02397988910976709 0.001908681187483399
 -0.08932008379472206 -0.01175499529096444 -0.06071010073769467 0.0433389072572283 -0.06051169054256617 0.09770043941185449 -0.05417374973282022 -0.08569420107448548 -0.02662958691433112 0.02225209001193303 -0.08765947512879492 -0.05043034256603422
 -0.03709747014527519 0.07154101465461624 0.07012772570293777 -0.002472679667340785 -0.005287446339853813 -0.06813239070916405 0.0328400908737031 0.04265075591729567 0.07486486167697093 -0.04657217810698121 -0.02278261546620311 0.002473998291443874
 0.03972402436781727 -0.08371715969366672 0.03909026373656646 0.007348482576446116 -0.007613654918186788 -0.07280932063913978 -0.06266392619495903 -0.09322987183593556 0.08334646562087075 -0.04475618832987559 0.06065301163129697 -0.09567937733995424
 0.02024579355743457 -0.0520498681170717 0.07134356096852132 0.01657260221631376 0.0687538772872448 -0.01390987877699644 -0.001374499269280599 0.06605646207589019 -0.09649035457155501 -0.05344076061752116 -0.02130872916744221 -0.08622668663455428
 0.07171973044574875 -0.05772008688036176 -0.03339575090252013 0.01217405567997192 0.06974887281946549 -0.08189050402885191 0.07856075930246648 -0.07836576015225113 -0.0198085900638105 0.008504402179378617 0.01364022661401847 0.07530816530623774
 -0.07314860784520658 -0.0907986065949495 -0.07964219577052604 -0.09674702400084094 0.049545284473382 -0.05007922435812348 -0.01083449837354632 -0.08618122522712261 -0.0378798420842503 0.00742625803280976 0.08257202372829062 -0.02616956464922394
 0.009358178734704237 -0.05912099188671044 0.0610687503406864 -0.008470908096192165 -0.08275206041320628 0.04274589453993088 -0.02353874774821066 0.0008747189400554883 0.001962738554006332 -0.08336882334442705 -0.01332114763086259 0.03610158575687722
 0.0004835291157781613 0.06077913144668579 0.01312389386197152 -0.07722136351055425 -0.09259973737965334 -0.03646439891174717 0.05940726802735341 -0.01617022444595023 -0.03225576111312221 0.08781788444096769 0.09125909651175149 -0.01396771859161759
 -0.08112733075665991 -0.08211864593318767 0.007984614663136186 -0.04461743261652375 0.05314793394577288 0.003252781832868451 -0.03757622385589875 0.01377236132613302 -0.02179499294988509 0.02085599843642479 0.07620239164472917 0.08605606052840156
 0.01650440916640361 0.007468063639460912 -0.08624097966945514 -0.0548701223633194 0.03214894780817373 -0.02995616222829431 0.09160721419252069 0.04516419989391501 0.009483626526677863 -0.05562079981469142 0.009498706366545595 0.02936567267111723
 -0.08041191662131295 -0.03756692875210287 0.08845189665621073 -0.06761017489075173 -0.01134908818437738 0.0562340110429875 -0.0848704254827912 0.08014941224704536 0.08661509279699139 0.04768746748369973 -0.09378484102932214 -0.09899540682822705
 -0.056653921184866 -0.04433315747763055 0.001902480613115737 0.04082551885490657 -0.05077358449705386 0.02805126382730899 0.06867439738156383 0.04814216879039446 -0.05898945334754188 -0.03416721725420943 0.006067908778356459 0.07424482512003469
 -0.07826900778673189 -0.08280806481022041 -0.01430327062220874 -0.03668495487383333 -0.08498655804765509 -0.08793570587090717 0.07252544045733739 -0.02363471628793942 -0.009778849385858171 0.0697418121349978 -0.00973594175387725 -0.005271871881584636
 -0.06460334134605869 0.007672143786929903 -0.02249719283581328 0.03996200954148976 0.008428908292089268 -0.02487989982254536 -0.09289677095612896 -0.06635220871661096 -0.07014587888612017 0.07608956312076701 -0.02327184056430484 0.09748797246013333
 -0.05909229719804371 -0.05168663102418462 0.06435887226562487 0.04477141347428298 -0.09071427586013771 -0.08217035361860109 0.0574379140604982 0.03264554252997554 -0.05831214954258369 -0.06355540509179919 -0.05598874054271831 -0.05515702945176956
 -0.05716105827879653 0.03258953682563798 0.0985417753665126 0.04696880881225665 0.07333695624764425 0.02887877528254301 0.02380456354405762 -0.08606015606975993 -0.05260966361841418 -0.06833315796569697 -0.002153249647610572 -0.07149796258219962
 0.08759765791203158 -0.004537549832029461 -0.01307887818743952 0.09496801560337825 0.07144148917931856 -0.08688803361889086 0.0448489570790627 -0.06910301133466754 -0.08889320977689763 0.05599049801877554 0.06230011323908449 -0.08308640743805856
 -0.009410329389840752 0.07349474585065233 -0.07729911237386561 -0.04562584100909638 -0.05056529602699122 0.03065059879395052 0.01633833922148349 -0.02514201738307902 0.0245479286425494 -0.004785039340940558 0.007608891192908196 -0.02717650707155207
 -0.00534700946473711 -0.07111183998318726 -0.08292362689547825 -0.02319643094341627 -0.0021991046733605 0.0278467562635123 0.06800739498155992 -0.05128784615765469 -0.04649087544231129 -0.05092543133347147 -0.06196290174570952 0.03347384497832917
 0.06429228375754056 -0.08950998277410264 0.05116395645358626 -0.02472139024275263 -0.04501243210323635 -0.07119306503735209 -0.09381601552344471 -0.01782916941059919 -0.06258072687533223 0.06901891918515887 -0.03856111100007525 0.08340493456690826
 0.06779590235631414 0.03971435829612208 -0.01726611779539519 -0.05448191999208266 -0.02848304950880469 -0.0347423872717994 -0.03535392813060964 0.08999077779709758 -0.01190613207862304 0.007780152488593137 -0.04791797924168727 -0.03767458893157653
 0.0289466858555148 -0.01915811241784583 0.08527811063226348 0.06519052195742056 0.03636143129177113 0.08008740996157579 0.04178818319446015 -0.02087658322964811 -0.0002394483720063872 0.05950763042639373 0.09152305822858228 -0.05674342527269662
 -0.07800337919233621 0.08821605662279577 -0.01053323787737864 0.09268444038063431 -0.05593909985055289 0.07605526746499791 0.07414244244930299 -0.01503561531572797 0.009206303763618709 0.05535235331050015 -0.002373019036664994 -0.06775305300043445
 0.02658191582317035 0.008424887211927135 -0.06342454176273291 -0.0199902022322881 0.08088890689147099 0.07332341564564143 -0.02001490742325986 0.005076698500175489 -0.07089350393832539 -0.06793561094836943 0.09009779849089353 -0.02458717464470726
 -0.04277383423586493 0.00457407737046471 0.01440546812563234 0.06892809797447408 -0.01295058604551952 0.07011644005935791 0.0004497067308518454 -0.007816126116496749 -0.09462395344456755 -0.07836199468462014 0.0530035091308822 0.02743918561291264
 -0.04933788113556469 0.06867697553280927 -0.01408643304518892 0.00196169958071131 0.009958756914902958 0.005847137174158037 -0.04478377005736753 -0.03471959628133957 -0.03937610098601955 0.05515046543130711 0.01179808663665749 0.08584403373319902
 -0.03108340009942054 0.05401187424989626 -0.09566486419623466 0.08643533783976823 0.04375767984690471 -0.0673183905715152 -0.01506738251149217 -0.04873917740909207 -0.0926038262723808 0.004764157834231703 -0.06912966787196595 -0.05118923149275113
 0.0453791977996601 0.07393371803682755 0.06744740483695918 0.003827337181068868 -0.07638096188615288 -0.04959201109201902 0.09362691100818094 -0.02211220088290838 0.08116840072567313 -0.03779464275803125 0.03116024247135429 -0.0666223730887663
 0.09428203267368004 -0.06119459408328581 -0.01011609115633219 0.02284545922782603 -0.002654048091205979 0.02213183276930888 -0.05543585006505937 -0.005980564869855293 -0.004982005326106681 0.04533770516114927 -0.07039749703048587 -0.04620244379127506
 0.0092254352356516 -0.09733472239105187 0.0780802386321888 -0.009168405491563364 0.05619191815701693 -0.005863984538366132 0.005528847657405953 0.0002901291120838978 0.0777774971124979 -0.06702968536569548 -0.03044214251900962 -0.08766485571747007
 0.006882658519834411 -0.05828576090010182 -0.04436662058150179 0.01968391750862782 -0.02927405447454122 -0.09622803329744634 -0.01575677948840531 0.006337084930427395 0.0522719290983214 -0.07655440928556927 0.009183144597563087 0.09235141803238198
 -0.03822874262643022 0.04667528661994882 -0.09343553819621754 -0.05944922921397437 -0.001758429227961628 -0.08764725351410405 -0.08927951568741366 -0.04326221485972995 0.08880788338790549 -0.03221482976625716 -0.004569343257224162 0.03746230790684524
 -0.07700852292566837 0.0825215447170361 -0.02815910453049703 0.03883862651499856 -0.07126641569080092 0.03124341536144337 0.02532652290015655 -0.05269703698959388 0.03892745143112522 -0.0710609844399816 -0.07331366493056572 -0.06236039736354396
 -0.06984495511502806 -0.01152015503022018 0.05384417358632726 -0.06918327837092081 0.004419561903342889 0.01102542966646665 -0.005696067993986559 -0.05508185179706326 -0.01355516399383322 -0.08012264232348995 0.005145458774673914 -0.02604314299770091
 -0.05664078730104728 -0.093645760519578 -0.0015020852939433 -0.09293317292965882 -0.00543623732197672 0.01683659676336224 -0.07970745302639254 0.09559630634961139 0.08435536813044689 0.05447192436916687 -0.07483718940719503 -0.07515360006444517
 0.06454818582040187 -0.07088416357935449 0.04246579090246 -0.01720053054574212 0.02389587140906033 -0.06317771573979604 -0.09783198330541842 -0.09523422206892226 0.04868513771636249 -0.06581366744408379 -0.03645207912765763 -0.06914172281575359


