# Created by Octave 4.0.0, Mon Oct 09 02:17:14 2017 BRT <wander@wander-S400CA>
# name: w1
# type: matrix
# rows: 200
# columns: 12
 0.08762818071956077 0.07007741095314771 -0.01241661212407787 -0.06408824092049334 0.003177760546506758 -0.05054727412079973 0.09374520501472525 -0.04090885994921922 -0.007258453862198117 -0.09704473758491002 -0.0316103830789717 0.03184023521609572
 0.09878778845721492 -0.09903593260863246 0.05529324551052325 -0.06208935083211137 -0.0346815130467733 0.04681680184177933 -0.02384172400930504 -0.003825326194096174 -0.02465883134016564 -0.01241588844921061 0.01215553316453929 0.09342351496966414
 -0.01419792328942418 -0.003192851446490425 -0.06416891175870859 -0.06243689844542425 -0.0827536106925045 -0.04409391213341697 0.06161472900897261 0.0421864463381923 0.09604455184597357 -0.02840914131967817 -0.06063606708709196 0.01456199229264117
 0.0894094927557961 0.02257848099854656 0.02017946748005625 0.05371291614950507 -0.05906051129766063 0.06444624919561323 0.02205351573740429 0.07735886351291052 -0.06036114771784286 -0.008279510092400674 0.05319850743438745 -0.007733740143872264
 -0.02863213296886311 -0.03179319063702843 0.07806026899358406 0.09922108927023662 -0.02083558938003539 0.03417119110620662 0.09672678183919567 0.06263394932929958 0.06430146719705235 -0.06841770904056566 0.02986260931567694 0.07693529265296919
 -0.007059063372923266 -0.07412036315107279 -0.01160255503693407 0.01641809787205777 0.0473434423797027 0.07861891515510819 0.04722430328357111 -0.07199515551225071 0.06043108584086382 0.0852192527609392 0.01798737595789746 0.09710492236855148
 0.009795178895642187 0.005938528806026008 0.05836628154284268 0.05337170787955992 -0.005039629663096221 0.01437485031631595 0.03976073445723113 0.01265578619610572 -0.01905449020993678 0.005064123714311308 0.04125039544823775 0.05438810194965413
 0.06976816289201204 0.04560008136367916 0.07707178572390072 0.0737256682620184 0.01076806221199691 -0.01232597997639497 0.00214887031796171 -0.06651140667364122 -0.06877047070905018 0.03761868375817101 0.03624700266714739 -0.05120118061667946
 0.08196765733109074 -0.02658731066043883 -0.05532542509283039 0.09659097210688181 -0.03394636156538897 -0.0111240385774086 0.02341439394094988 -0.01328529086838638 0.09920951194581082 0.01997787137114579 0.03307094448546774 0.06148057514252336
 0.06493494338269168 0.0757881484346859 -0.05530726380099502 -0.0117840251113429 0.07795724152047173 0.02761412185512163 0.01692783203995778 -0.03463864616688023 0.0921361451843524 0.002992903063275848 -0.07665987912282779 0.02325602329165466
 0.004184246670691477 0.03319017707241778 -0.02171365761183794 0.02239128229356582 -0.07876582854975056 -0.01539650858356621 -0.05022962816755686 -0.08246567858197384 0.02102121096014012 0.01070280466448499 -0.06742156653625161 0.09391520082187052
 -0.04968545416585662 0.003198006825977734 0.02603271007094404 -0.03908269026243189 0.07538746388196482 0.024206602418876 0.0566786568201274 0.0943023631835628 0.007556730080360924 -0.03028051435124936 0.06990114997668836 0.0575562042197176
 0.08621147088087255 0.09298413390954693 -0.01886171041886188 -0.07443762283871055 0.03274531746148959 0.0748201322018944 0.06436393972449858 -0.09301227402591979 -0.008053413240502627 0.09293330650794743 -0.01855368756201331 0.07096613394641671
 -0.00348107737883642 -0.08433859382173305 -0.03776997661756004 0.03664737601649704 0.04418657725920913 0.09848489650691014 0.03285372115356536 0.002814352524527955 0.08182482222821333 -0.09384315807129037 -0.04234746031480036 -0.07663658619704698
 0.08664817733510383 0.04984575458588564 0.005541383173952474 0.03575450018455775 0.04984757893127764 0.05016546912488937 -0.05538929861309795 0.04259831561685307 -0.04092815093834316 -0.01722274142802595 -0.03289317810462987 -0.03417994383964597
 0.01099687628645604 0.06434308655948875 0.07897578972940439 0.08830396126080239 -0.03264397698313272 0.09660504615609497 -0.07870469759650722 0.03933053834958189 0.07297771429521002 -0.09010015062426044 0.03414494715410493 -0.04404590912245318
 0.03462135399924898 0.03958874027078854 -0.08185828092404195 -0.009550206905436634 -0.02155405315770673 0.02234351482554582 -0.09037294285863286 -0.00453726820796746 0.05078960694193613 -0.03606574881051404 0.06489702217285603 0.08805204039784251
 0.005763385105761465 0.07192064928367656 -0.0152791082624494 -0.0224188940704614 -0.0100003871224905 0.07279742644948251 -0.08897926734384062 -0.05586349864916668 0.004297442798320186 0.05869441242227111 0.03442718368397713 -0.05204843148326041
 -9.420577025799626e-05 -0.04555585758178032 0.02047697641491501 0.04420874584911316 0.05171164386931038 0.09991757740623627 -0.07785985692623081 0.03060628752905159 -0.09147731405543189 -0.0784491881994544 0.03570740777005618 0.04076117683551389
 0.06629667646521373 -0.09685318564510774 -0.03283376257902113 -0.07036803707629055 0.05899193218665541 -0.04398491918216642 0.03833793934679269 0.009910864375224621 -0.09757810195554151 0.03363627482546741 -0.07937091896416354 -0.02703191753217259
 0.08215832666092859 0.0290810374477512 -0.07967655056559639 0.04556844466025806 -0.02188705102844507 0.04311180382018198 0.008063026247899147 0.02048169229014955 -0.06365146371699615 -0.05781875396608173 0.03362558803994448 0.05439903227904266
 -0.03747526589740037 -0.003548025422693959 0.02394284154290942 0.06747077968285659 -0.02773736897193918 0.04235022786458428 -0.05161114364352905 -0.05205245451056523 -0.05525798769434446 0.01767290871984764 0.02937961967929678 0.002264764436989725
 -0.01898618606567916 -0.027086786291279 0.09740129177420129 -0.04998113728350223 0.04677319745214065 0.09988917388191129 0.008840810383261039 0.04080515368490933 -0.08256681771042812 0.01915749870362363 -0.01228606003401395 0.02612757429757137
 -0.08026660096667294 0.09451481858686644 0.07294173772884169 -0.01127470340381381 0.05457735019547785 0.07079262040485118 -0.04457547183016321 -0.06953981022680611 -0.03457392417522807 0.07339852124300719 0.07847927694343701 -0.03039142771459466
 0.09793606524045326 -0.05848819643088622 -0.0441039408112396 0.03479112409147489 -0.02069900182078482 -0.0076729724737752 0.07362939225563259 -0.07512746507480828 -0.0438088707864551 0.06029661354569224 0.0648656270642271 0.08205947629527907
 -0.061443096272047 0.05971064115495739 0.05821074484124833 -0.0004101624923282948 -0.09616892035627027 0.03700564827559866 0.04963710175833558 -0.02166631224658616 0.05690666932557503 0.06175276836945862 0.09204917715544333 0.05325395336457628
 -0.02797413468730611 0.002279389191326461 -0.06385809364788445 -0.03429777823144421 -0.08238903270528702 -0.03967069136327347 0.03302789790149288 -0.03706145727729442 -0.06369960840058088 0.04736465052318656 -0.04513379675728867 0.01803461735257054
 0.06100560212437167 0.09900730758997089 0.04864478408317902 -0.04427297851859625 0.03737711359012857 -0.04987606580784968 -0.0676084137750442 -0.04979666086007881 0.08426993456902604 0.01246168464860804 -0.0811794632896924 -0.06969555444573911
 0.02509175318939466 -0.0131517237885925 -0.09091017693828826 0.05350371887718761 0.08185097255700069 0.07127817882515455 -0.04788594862019999 0.05915797798076525 -0.02646191828552266 -0.06723691651642755 0.01770129791465669 0.08731132241725123
 -0.01379377989396899 -0.001417227795801418 -0.09949775139422314 0.08393909669877422 -0.08223556734279906 0.01027129454295175 -0.01448775229051659 -0.05063714687389213 0.03911723402701484 -0.09357707527762146 -0.02664959292899406 -0.07973826918816074
 -0.08056872536308257 -0.002323654512914969 -0.02450925101076938 0.03727753000587436 0.01464529413043955 -0.002691833410607872 0.07005537864246744 0.0008274371887347642 0.07830791095966597 -0.04408640207767988 -0.06211993509063675 -0.001676495727873067
 0.07230088483595554 -0.02005114911699807 0.09265917072188873 0.08711121386257234 0.07063292549790454 0.01455537194863672 -0.05503951516195674 0.05591044206370241 0.05114980794568944 0.02990601441020119 -0.01387157187430289 -0.07953065275446355
 -0.05298809271765145 -0.08357103092251067 0.07796908351502149 0.09841786658444329 0.04553874714287937 0.05155032121249378 0.01147212644462417 -0.07483513657535545 0.06958830559981408 -0.009738577747453431 0.09271724602516832 -0.04834687057275381
 -0.09891917732786493 -0.06331276238823089 -0.006566710898033276 0.06253629603473768 0.003328663934041104 0.003030591303668825 0.02999832277124748 -0.01781043606545066 0.03590210980131531 0.04501098581939092 -0.08882765757403092 -0.08770132963062258
 0.006363630606258913 -0.01283193771795527 0.09996806953035572 0.07118125129869501 0.07293203987126143 -0.09306861059747591 0.0326490255562028 -0.08982554525030362 0.09799950479952224 -0.09580895334018477 0.01364471781498484 0.04819164692615197
 -0.0217209223146044 -0.05820293371519142 -0.0274898268120462 -0.02960169341037271 0.05314218648988595 0.02967790477560256 -0.09333577162207071 0.0758355577105887 -0.07951001612311612 0.06537187070760522 -0.09403118044893601 0.05503738436766184
 0.08798122897561153 -0.08918400303691092 -0.01495173517480536 -0.02818029069102336 0.01011279400722842 0.07617258769327004 -0.01359001837143861 -0.002515928195960193 -0.03005156062636224 -0.0238709501576789 -0.0858581349335612 0.05759881123571661
 0.09708891899551714 -0.08918925672833222 -0.01224928372655178 -0.01416948472633538 -0.09862432258889832 0.01915437169472481 -0.09490186636198658 0.0312963037421892 0.09011632943756506 0.07842161079169727 -0.003806228229686445 -0.06856725694221247
 -0.07712618619671274 -0.00888839333610579 -0.09682990427753628 -0.03410324544425522 -0.0953717649502932 0.0362213441524368 -0.0600787377525781 0.08399492393474844 -0.09466946312418469 -0.07490445345750109 0.03815227105203725 0.007789403131867129
 0.05518304108533725 0.05476409295010704 0.07870233505252866 0.09587325011900391 0.03612974297050672 -0.07623220012003393 -0.0907638457743432 0.02061417615605425 -0.05061477681617613 -0.06886545805129779 0.02280424439783424 0.03092210187312369
 0.03431473712738439 0.03869200137439097 -0.0714473708565285 0.09225565894245391 0.035261318656087 -0.07503547237744965 0.07372704343766162 -0.01653900193473731 0.01029864430472709 -0.01585160120551019 -0.04311658008285274 -0.05930307429149163
 0.04844864478083702 -0.06756107894019127 -0.06872320290728641 -0.09024132008549839 0.08046510298109619 0.09364679113721669 0.09724408918475935 0.05488536605677172 -0.004178508076843737 -0.004206512582357325 -0.01026251266802113 -0.0209473056333437
 -0.06188147403667802 0.07357037608529568 0.06893079368225949 0.05408408318372354 -0.07333191938790892 0.01529345334408003 -0.07048259304240911 0.08943611752606337 0.09078553843919918 0.08532400271125765 0.09447324018375208 0.009556398066076291
 0.04447696925097716 0.04530101593680227 -0.05620318695643577 0.05023696212167569 0.006762438428439529 -0.01553924481984527 -0.07527982726516629 0.0393080221533845 0.07517129436845307 0.09810379266978417 0.05785147316289291 -0.04928008296600054
 -0.01446651326818346 -0.09270815010823578 0.03170851401851721 -0.0658353492677527 0.0003866953866448475 0.02770802887478743 -0.07492512656896004 0.06140501243765381 -0.03032315983250508 -0.08864058528907626 -0.05607735535392452 0.06666125283343002
 0.0009820411359859199 -0.008951174408455664 0.04290685536381236 -0.08557613741808784 -0.06809237749102412 0.08678602223071089 0.0333134302102247 -0.0359678011659513 0.0962368172476766 -0.06085027596605922 -0.05379549337305173 -0.05129386904911357
 0.08090434214249073 -0.08325372956786589 0.01260342036355369 0.08857186978825632 0.05976949116682587 0.03458132257027258 0.08159508481787639 0.005173232695342339 -0.0361705390050549 0.0494228240672871 0.02717198160117518 0.01610936610780053
 0.03607987974200991 -0.0577375145077628 0.01847808499153074 0.0269991927467739 0.08255988829888589 0.01353496233262937 -0.009515830728307501 -0.01212703308800195 -0.05832063103277468 -0.055464695487138 0.05083469495127887 -0.05997120236299555
 0.07807237401781628 0.02022721923811859 -0.05422185639604546 0.000587551185302182 0.04108013252439713 -0.005785905097437399 0.003647423462219662 0.0409458404639384 0.09276084059157633 -0.02313975541302514 -0.04180683036445602 -0.07799540147035335
 -0.03222184050642109 0.07394628718520066 0.02124600676593957 -0.05705156702796012 0.0330702280448186 -0.01984973547685422 -0.0002972772672489854 -0.06971216357278909 -0.03409116038962766 0.07619115310952207 0.08342513641746349 -0.07140515955512292
 0.01647199597413809 -0.00510655742791935 -0.006864220444860403 0.0521671160261987 0.03029102861262881 -0.08364811132908857 -0.00502445070666438 0.05597390058162391 -0.07701478644600535 0.04751733322552235 -0.07912244702105713 -0.05225505300666901
 0.06498981373528159 -0.07666793190370455 0.08078583336842002 -0.0515334812408956 -0.07467674014386921 -0.01739133000046225 -0.007502314949198077 -0.05505686059541651 -0.03443604635262007 -0.007416943732168974 0.03064151444324983 -0.06940650725331425
 -0.08206563474109063 0.05359441358808967 -0.05109140684627415 -0.07894415506588312 -0.006958141302164406 -0.05580849251664399 -0.08301194790120911 0.07761553755593673 -0.03716650949219323 -0.04020040642181097 -0.07205651943676611 -0.08949528008081246
 0.08229707790336213 -0.01624848466764929 0.03472362349472438 0.05551783498934668 0.08533035105008985 0.02908655018060338 -0.01174937719876873 0.09603924345061479 -0.006774599588233551 -0.03268632300833324 0.06976976580517685 0.07104972119287406
 -0.04724372322538008 -0.09048696344350239 0.05113070791934035 -0.0463160639112162 -0.0002301269970596959 0.003386279091262101 0.03066192708856619 -0.04569952445364468 0.09450958067609139 0.01737194649830831 -0.01880674514923672 -0.0009868468493248461
 -0.0942579837631702 0.03911862207964489 0.06819502848096121 -0.09300727465620078 0.01860358145442702 -0.09490835556423835 0.0632646938686931 -0.001369821163717505 -0.02874518903897981 0.09342138452302889 0.07450162644866892 0.01440197628776871
 0.02276727701299375 0.09758960905795436 0.0195585763785768 0.01247393661185787 -0.07432586500157647 0.02501129735145174 0.09971950767733112 -0.04289232387595984 0.06166775778626413 -0.04842541683551457 0.09631116206874507 0.05993986782077892
 -0.02764565368844082 -0.04234565333499224 -0.0001650677758959218 0.0979491306894433 0.08291550469971709 0.08670284621386812 -0.08731969727672262 0.05190867413240893 0.08271391270460465 0.07591534019649324 -0.03855381514184545 -0.04094446999095326
 0.06471295816794995 -0.09473573909590705 0.05374533211809254 -0.05924105052489429 0.09693160787255686 0.05262048007613762 0.04338008941785149 -0.0360496148548604 0.07600274190605683 -0.07131465225072268 -0.01568952308836999 -0.0515637258821683
 0.009331406908081735 -0.02697296251414104 0.002747900964148745 -0.05308381203452642 -0.007193987671180319 -0.07282638941441916 0.01224504674003626 -0.09545477297437301 -0.01131654023219507 0.06382934689487055 -0.005651411796516168 -0.07439027683548786
 0.05654091275115733 0.09757415789602827 -0.07975931980053824 -0.0516610037677585 0.01359539427683279 -0.08665208120587803 0.09243992078008983 0.06250727724536387 0.05334145161820156 0.09141475308106725 0.006268123367335621 0.009960438733691165
 0.01103268774896567 0.07477515888054201 -0.03933814380021298 -0.08570883544788144 0.05250394420933999 0.06585451064016382 -0.05160368061633162 -0.01326087357634152 0.02331957071069746 0.02623180878908887 -0.0376195499865395 -0.05096627247173894
 -0.09407463986221547 -0.04635298322233078 -0.01981809208152809 0.01846017990743598 0.02039462729622424 -0.07624415278633276 -0.0785176107691568 -0.09987546773367208 0.08883456092791905 0.04259304978436598 -0.003333881885675752 0.09128748915424573
 -0.0628999882081982 0.08792137102018208 -0.0691543155205278 -0.05103203625264516 -0.03183194641113611 0.02355607961155619 -0.07524713596428945 0.01470387492177241 -0.07673010755342199 0.05025403659964198 0.08869727882920592 -0.04506003958830621
 0.08171403316186152 -0.07796745135492189 -0.004860192081216158 0.07049166841370239 9.579053833033702e-05 -0.09394766285800227 -0.070608983916627 0.08449653330771412 -0.05669145832104899 -0.05991802108518963 -0.01219415986904927 -0.05531956873533722
 -0.05546535448476186 -0.09887329475683426 0.001532380362890079 -0.05181891697001972 0.06600205335375772 0.03349432708128855 0.01119157995140105 -0.08837948690837577 -0.04226376328956102 0.02648271061351884 -0.008760788519249579 0.05488761494950864
 -0.01255668155883802 0.03655813641702133 0.08632868202082436 -0.07854979660640757 0.09456763511433811 -0.09003599770074899 -0.01649090286200058 0.009912215983000072 -0.03830360336543309 0.06332168492025442 0.04103016140639337 -0.08972834039619704
 0.04255740738886468 -0.0681042607556159 0.0712675259898374 -0.005911110054599447 0.007157203108220517 0.05579681205979906 0.02690900600643625 -0.0296327557176652 0.05193792735932401 0.04902199639158383 -0.01120474195353388 0.04446048449616158
 -0.03511302927890274 0.07229022289314224 -0.07903667993379117 -0.09364799341933502 -0.08321960267592148 -0.05528093315611197 -0.04991222245708035 0.07026061106967502 0.09364421774757778 0.02020006942223022 -0.009174264827494921 0.004223323535826135
 0.07370960133178861 0.009234508363164307 -0.007769481107950157 0.02779555483008045 -0.08775868978026259 0.06170448396823688 -0.03237795019378184 0.03563294250598731 0.08141742000258928 0.09461527034377223 -0.04702659416569521 -0.05153311837596095
 0.07912506462776264 -0.01139412675871253 -0.05932295528707855 0.002460525380991688 0.08123411923030985 -0.03826095061969753 -0.0278182812277917 0.02040549045732361 0.0663693784151311 0.003916256006486971 -0.02810569728020944 0.09062523998041278
 0.05982076158177316 -0.07547028237941202 0.03029193689616724 0.07181342697216617 0.04115491571416857 -0.01642076560851788 0.07094250579309869 0.05003172308576337 -0.01075051615652886 -0.04428213372485391 0.074305610523073 0.01233023174356238
 -0.09282833923823468 -0.03792324253168126 -0.0529988788942286 0.05670120093007722 0.08052133781145682 -0.09064843210411717 0.02976334847748924 -0.07377997851332241 -0.05925157480318294 -0.01526656518744471 0.006621583657022326 0.08283070149161784
 0.01686381322531982 -0.04569853925592654 0.04092603637433337 -0.07313919753563777 0.04743994958004119 0.06293789811112513 -0.07944887803348205 -0.05990425276362332 0.03273085513223156 -0.0544392936011967 -0.09495155827993089 -0.09412802729073956
 0.02702252132106159 0.07013860700686511 0.09744988051179998 0.09271658346638439 -0.09052894536055948 -0.04404160521381743 -0.06000991023816796 -0.04037328362166283 -0.0003054391114387933 0.06437575816743196 -0.01596374698870409 0.04571734601562236
 0.05408949202325436 -0.05460224354464746 0.04829281741709382 0.03801225515850917 0.00718900710595323 0.008278463266783831 -0.05527882461800521 -0.003991044293123858 -0.09826304262119519 0.01394861446981779 0.01450554110249673 -0.09442909560148238
 -0.04674899993564482 -0.03002165359960439 -0.09760748696071457 -0.0006833390063084033 0.05983760777937239 -0.06470256162821678 0.03766180235450403 -0.02830028112907927 -0.03863691192307676 -0.08641464204303623 -0.03490301543499476 0.05847971224199522
 -0.05997671336547511 0.08264198842408108 -0.09823495770452037 0.009088360513154509 0.0537354783985777 -0.04677563374450874 -0.04203205853620419 0.02899504135576497 -0.0116130892255141 0.09529110536006133 -0.01435822612153895 0.08615076821529064
 -0.08873199391988185 -0.03557451096654544 -0.07636953503702627 0.01201106554634157 -0.02904428217732517 0.02016943148488186 -0.01614950802684892 -0.01808650910833037 0.0127693922200323 -0.005887233612605319 0.01995284290432349 0.07258110316080366
 0.0325537994786444 -0.04624566560721441 0.04641975003344559 -0.06283836770384335 -0.0338890021279705 -0.05464013454863209 -0.02128622624910102 -0.07163155385659964 0.0947959317014222 -0.05844572471709991 0.0597019182666064 -0.03812076845385498
 -0.06197497518472554 -0.09552040856433548 0.03478988075165454 -0.002737209756860301 -0.09506611523045969 -0.04284039377730903 0.09830066767366319 -0.02618224576249807 -0.01370732787138632 -0.02683154604393258 0.06190718087661859 -0.01664522544377277
 0.007175147476929905 0.06056642198274304 0.07103180027399386 0.02239312711065282 0.02869480013263934 0.08589087078972363 -0.007798611330129879 0.01021038085054912 0.02185516202164539 0.09175116470685438 0.04275323448872342 0.02308654616218711
 -0.08866512796828287 -0.05201235131937435 -0.003644580637582745 -0.07301590005449778 -0.02322016125787535 0.09415821329413629 -0.01501556247364087 0.058857585584314 0.003309693376872966 0.07972088832526317 -0.0857620657185518 0.02821147396584389
 0.007935183150997421 -0.05408769126582306 0.06495098540485572 -0.002403837349677473 0.02595125109068805 0.01715879674509888 -0.094074307313042 0.02328480039103857 -0.08495116894134082 -0.06919899873220386 0.04026145298491698 0.06054783104162983
 0.09678757664014914 0.03454477999804323 -0.0072686417264788 -0.09070460767576409 -0.06537069651869487 0.001932183943919003 -0.02343348719143182 0.01696606154723604 0.02318856618565253 0.09669448727500529 -0.09701310822492994 0.05625190309609565
 0.03092262227341938 -0.08408774110349926 0.04162834036465862 -0.03639208805949494 -0.04391571107865243 -0.05908696089136248 0.03786906178352364 -0.02398831305073629 -0.01627242165891846 0.009045567580320893 0.07714246652082249 -0.09113527763688198
 -0.06436508153477374 0.09422619027861104 -0.03015634419626453 -0.02239622820892312 -0.05392692296637197 -0.001424855322272114 -0.05493298645785451 0.069639226878 0.0004704770262284469 0.09250692004372135 -0.02267708517714476 -0.08207711781558048
 -0.04389943979026582 -0.002210294862992429 0.03006886215351692 -0.04299873331169612 0.07677673721049846 0.08816722044822292 0.07113731206167001 -0.09680448993287054 -0.06024753873474279 0.08786470939097543 -0.005369952944022621 -0.05682976765727549
 -0.006104194201864241 0.01154593605627177 0.04555457588732609 -0.03727271601670214 -0.03339715743993338 -0.08498804295254186 0.08642583248696376 -0.07539980458063944 -0.0920146056471416 -0.0373720095731121 0.02452336230620233 0.09044165693669654
 0.04062308387006328 -0.05535070374190868 -0.0192656926561659 0.08476758015481275 -0.008018599557527872 0.07857343827422425 0.02110901327076886 -0.08311711103006666 -0.07960029356582754 0.04345722571280045 0.003359066070627831 0.03583251771711321
 0.07106927401233074 0.09675390122568642 0.0283643435146918 -0.005416774204307764 -0.0893884009450512 -0.04093816327235925 0.04319309679854896 -0.07827889966168294 -0.04155629586096789 -0.03257088537092166 -0.03266535418957149 0.01777807126148864
 0.07385293343229954 -0.03099037444843705 -0.06791677504872679 -0.07681199430604517 0.08109323551587858 0.05503367523475988 0.05685673506818087 -0.06774165326836309 -0.09578690546076722 -0.05343869405039049 -0.09448629489480466 0.00803166502597312
 0.02254419044521112 -0.07296743155122247 -0.02288461747728157 -0.08042675533923335 0.03834597954461558 -0.06919712419195689 0.04445695046452022 -0.04735355102274398 -0.09066602047124621 -0.07711162416276804 0.03834490611573321 -0.08007618091481995
 0.09063882277696203 -0.05455628565397709 0.09980053336446013 -0.07794981230070369 0.09865768971951505 -0.07628464545695758 -0.04769555307734091 0.09745179568179455 0.07411024768279276 -0.04643764346036997 0.06643114463577723 -0.08171885874787245
 -0.01897837984437029 0.0643883542182431 -0.0545685379979877 0.07104913308950681 -0.0445537451102558 -0.03080300710718607 0.06912386658555703 -0.03523388446201962 -0.01811559788700731 -0.09059479144993671 0.07037594871434169 0.01821470409478598
 -0.04527310791378555 0.04983517915809124 0.0244101156305998 -0.03599686943468917 -0.04130735735614005 -0.05728036321958804 -0.02775131061437279 -0.0181082909502161 -0.0935482325193016 0.03002293939320003 0.09687578020333704 0.08882866484358612
 -0.02009150781339344 0.07343036043940271 -0.06729007151868205 0.06391299946919407 -0.03872277590911059 -0.02312056460793098 -0.05164006659435036 0.0116226837476037 0.03375231343917531 -0.02378189632686697 0.04228256900446911 -0.0236782234794109
 -0.06043268690870462 0.06974358306395126 -0.09706786433342666 0.004794655018834165 -0.09901287365615571 -0.07418247394246573 0.09043897282017729 0.08672150758499295 0.0940061517594665 -0.03098392583814145 -0.01603268082662274 0.00431777004921681
 0.09693078101378605 -0.01016753650519063 0.06666620174374657 0.06274299398798644 0.08188601730962444 0.01230564204870932 0.01786647572603137 0.09029574687703518 0.01390857932855476 -0.07914558756104943 0.02637266035864999 -0.06981328742464767
 -0.05130950931558941 0.02777740281869073 -0.040425329588723 -0.02958197661591132 -0.06439504670363749 -0.03441952469289093 0.004784370174334501 0.05310720842753916 0.08006283995862024 0.009904779764603217 0.05014025697060609 -0.04609149158659484
 0.02507138601781428 -0.06820945541476806 0.0188942321670716 -0.04196026717013467 -0.09659366159097198 0.03056898437544081 -0.005319051053207749 -0.03672213561701697 -0.01834422224510882 -0.05869326540939473 0.02654313321813201 -0.02429447157340124
 -0.04982616405313004 0.09425499083195263 0.01922273975489275 -0.05283787538576867 0.08241190876605745 -0.07894471413688725 0.04035548194173694 0.05711809568664428 -0.06920355779989822 0.03954485223700824 0.04158610539777371 0.02934137517960422
 0.0888585900603131 0.02459541217938384 0.0524290005315183 -0.04217627306020769 -0.007184036086674339 -0.09601553524260077 0.03944319684235081 0.06170211394734584 0.04441905328547596 0.05450500285331328 -0.01458138843355719 0.04803945035201404
 -0.05663180822892225 -0.08069320343438555 -0.08862360158112814 0.05340201068313757 -0.05517137676642569 0.09931847856710271 -0.04348525449640341 0.01067096434451911 0.07749076207870578 0.02738279389679826 -0.07499913715449741 -0.04725224494512043
 0.05465988842195035 0.06399454765369048 -0.09679328248816088 0.006332829246786839 -0.07827847423527687 0.03069583122949465 -0.08329783107910753 0.09215133725504315 -0.04685820379323366 -0.09129501923878636 -0.03790626136545884 -0.07513467210365903
 -0.03375383256506627 -0.05820523711592859 -0.03322787798789796 0.08152704335548053 0.08892273409299545 0.007644169813671331 0.03457722190978219 0.05785371783548252 0.03003583476794966 -0.04448669496169719 -0.009640192958547997 0.08402426620286049
 -0.06906641322618991 0.03857802175601363 -0.0007954653295659669 0.04642136240917444 -0.05535160645741934 -0.05870327198991644 0.0666143834118835 -0.08954534541388331 0.04559115646611145 0.05651718078078977 -0.02790761903962177 -0.03027060601629047
 0.048286619091051 0.0711308490829054 -0.04882609334146085 -0.02758604203940572 0.0876947563003235 0.01703360383996486 0.01571365134449036 -0.004677452941218518 0.0567326371449835 -0.0822701906149462 0.05370684032305273 0.08717865210852049
 -0.04947905999099528 0.03292685677936164 -0.0832779524643822 0.08842397197636301 0.09000115861297733 -0.001401653890247212 0.08700230218510713 0.00166323761131433 0.07851458830886501 0.07808719561976082 -0.06367766515832429 -0.08745202285406144
 -0.05388831566872429 -0.05867763744720859 0.04889555534910289 0.07846977101368047 0.0605820420671852 -0.02803523364456645 0.01988303981007669 -0.03210938712096699 0.007719398636325911 0.07075333353509863 -0.04271682747417419 0.04944538807288462
 0.02469981617986723 -0.01837442372794042 -0.00701694724968302 0.08050207810891702 0.06518504279033638 -0.04480701255731062 0.08846156969791402 -0.001675653946418609 -0.04382658348461303 -0.00982289442480043 0.02292762945161968 -0.09186642654155852
 0.07145524891016528 -0.04905546974454342 -0.03419107812041454 0.03570619270765468 -0.003023804075890993 0.0631407879762646 0.04700386547768257 -0.07846126086713258 -0.04905607128073811 -0.06245874229381744 -0.0952557499110968 0.0130848464123912
 -0.04072341763866458 0.004211746532677169 -0.04047768258842727 0.07622377935424215 -0.03742392402531304 -0.09954027354827208 -0.07836124012515527 0.07144840408135214 0.08145865937822502 -0.004101539228562948 -0.05600219132594639 -0.08373405313213261
 0.03411728662153965 0.0538587859643074 0.06646784232142341 -0.05397753977906369 0.004298425449507273 -0.04028432282352887 -0.04704566586011737 -0.01845216770547063 -0.03953246079908247 0.0862108927834779 0.03453599582163894 -0.003690859886844505
 0.04635984811030117 -0.007667002063557068 0.04818673580476474 -0.06851325071192163 -0.04458041303071391 0.01559741914244743 -0.0764356897371011 0.03867861613041473 0.01815539136596089 0.04576750782718014 0.01778673323470262 0.01500875843538807
 -0.01759226488915694 0.02058179588011388 -0.0312723011934211 -0.06405737538727171 0.01992268571548957 -0.02987698197056569 -0.04342610589098778 -0.01981672755452878 0.09077852996863026 -0.07023817982144888 0.02104882668515137 0.081672574223562
 -0.03862860928525819 0.06758723515614229 0.02247193322125178 0.07670234080728305 -0.01270757240878992 -0.0855068608882846 0.01872140430029548 0.0297348736410375 0.07538386760415097 0.05994840974395771 -0.07564937140186151 -0.01586353890799344
 -0.06376967850714083 0.08526355312620207 0.02662137304750456 -0.05752907887334603 0.08880404565468838 0.04107638564796134 -0.07881705896483598 -0.04722437164395256 -0.02031782210071428 0.0801645638619698 0.02087288122693101 -0.09810770467701126
 -0.06790446233352555 -0.05517630039766316 -0.08949886213259188 0.04180075472359027 0.07078136586379299 0.005123209056830308 -0.0809351526049239 0.007820183688012405 0.09978338073708104 0.07728651036820078 -0.09571084363804318 -0.02340342921987523
 0.02738823877147506 0.0646124080664823 0.07740071989150646 -0.06380110990425039 -0.07443099125798933 -0.07999719961469309 0.07658190345519952 -0.05078107045003508 0.09081158470793579 -0.01084171150132927 -0.09970719402327545 -0.0167250092023996
 0.009035346765261479 0.02143997535841902 0.05375341298497296 0.05484531392855527 0.04092694493899429 0.08596821439253291 -0.03828643955356742 -0.01277749272765036 0.06366409943500065 -0.0795704915389297 -0.02328198630152177 0.04048176755497254
 0.08587070912724631 -0.003534804539986697 0.08287354939913022 0.02000123365155011 -0.05445937498360759 0.08574854316071442 0.04307145874165974 -0.08742632186692491 0.08316320212216294 -0.01953451028745337 0.04123017376163171 0.08270412553650222
 0.05911992965839255 0.0113748499404432 0.08227378989022927 -0.03498945957128251 0.08392330546752944 -0.05544005961305762 0.04879856271032498 -0.08990279037971904 -0.06981103207872016 -0.05563162569441524 0.05581020600095382 0.07572776076809873
 0.09604415012354359 -0.04912016900617425 0.04103796909543742 0.04521637971769055 -0.09351428571778193 0.005936332811616915 -0.06807917128698057 -0.08023596823538938 -0.0165244681465955 -0.0157020493743654 -0.08095987884967705 0.001671183792711181
 -0.08490564518385192 -0.09249321417606797 -0.09963657026323029 -0.04929504544636473 0.008317597293079571 -0.02388194179172086 0.08509004294293532 -0.03757699089600247 0.08817434118546788 -0.04238213372839538 -0.04800429269092609 0.07343757894757982
 -0.02864014728537054 -0.03232293387790398 -0.04667999318245052 0.06043768620772957 0.03542198328940588 -0.06517644729496666 0.04434873105665285 -0.08416224975015496 -0.04624023197762667 -0.07032150480051047 -0.02579518379925196 -0.06266641065241287
 0.09347854552591733 -0.004564774894355722 -0.01948390402824043 -0.07512188818024609 -0.05436679571700903 -0.006186838479710036 0.00220847228023853 0.0370071145406958 0.01040887235671292 -0.01381928099398191 0.06649161241263149 0.01045594908101759
 0.02341221726224821 -0.007989999534065456 0.02163781804777434 -0.01152948791197103 0.08605193479628981 0.04176933405976302 -0.07194480649723334 -0.09497255980800849 0.04938971935871256 -0.03352883030309807 -0.005193651173158703 0.00515908549813146
 -0.02404877616996993 0.09880864723259722 0.08580890904198715 0.05127487568708622 -0.04700742012862193 -0.06137771798876558 0.02584907573840228 0.03138247816776227 -0.0671875359171287 -0.08234412418780543 0.0537933223207526 0.009275457004392987
 0.06562337478663183 0.07600959687688486 -0.06715830119879487 0.05856379653860413 0.05013358753282746 0.03216103526093214 -0.06670174381839025 -0.09162254982176565 0.02635292825814398 0.07502261204704816 0.05692154051221118 -0.06182873852812842
 0.01101438658213913 -0.01517850686422208 -0.04338828925474502 0.09046034290772753 0.07506521579423528 0.009387786237582713 0.08843692447856502 -0.08506412698465597 -0.06126277801022306 0.03102913294922854 0.04690402904995045 -0.0850102433253368
 -0.08860878490850603 0.06082653027079046 0.02562627943939311 -0.03275090461121323 -0.09789407212601491 0.08971950616786814 -0.06277641977200749 -0.05693716011538589 0.06092863474582044 -0.0768542896038044 -0.0802446842356072 0.01470992946984229
 -0.05077580525564528 0.01283820635571919 0.00130848994278035 0.0221465724851921 -0.01453691941899803 0.03789347451643094 0.03889845621477869 0.03370493686826231 0.08795784744176563 -0.08673899867927201 0.09734924779964024 -0.007409622839267146
 -0.07375231360019707 3.565621991134804e-05 0.004956548974532238 -0.01161889158580644 0.05761433992977913 -0.08813451543647607 0.01901475299464221 0.01418633853586018 -0.06648494163771945 -0.05125064135631172 0.04197673758422119 0.001540970384536905
 0.03599959382410883 -0.08812280067727338 -0.0002961155751456113 0.02323633510878431 -0.08572714664470753 0.08185372877252536 0.03428217923083318 0.01556578136478939 -0.03813816868076606 0.03126208176444958 0.07454130381160973 0.009404665465639492
 -0.05619607673895063 0.04237819953849895 0.02650109757392571 -0.0295294378655607 -0.05098278791684376 -0.06146317836890413 0.009023403334451841 -0.06690851766767375 -0.08266978400577946 0.09864157201534066 -0.00152320671264862 0.02346567368081964
 -0.02298740006437582 0.04616235546938682 -0.07780913808531414 -0.01541713656660931 0.09983510567673781 -0.05544830218006062 0.09148479091722919 0.05721197731837643 -0.03445553698472364 0.08854285481119945 0.02140596477239706 0.03688873867448733
 -0.07588784811544426 0.08120863393850819 0.04234245635696296 -0.06993514762426242 0.07309349773204502 0.01551795157272962 -0.01433775683953004 0.04363466291877899 0.07582232829103761 0.01161539641731772 0.09639472383395806 -0.08628431621832648
 0.06645961722531449 -0.05214260647650661 -0.02941392272392994 0.05166058940421489 -0.0177136135559489 -0.01264947447751288 -0.08690664605866683 0.03733946541015407 -0.01122983523653621 -0.0003468851651371591 -0.07383648149314205 -0.005307745057864674
 -0.0802966256285757 0.02177206091789266 0.09368849833668111 0.01911985692387701 -0.04051510293657069 0.01325346960794324 -0.03473200360904584 0.09687760843827184 -0.007877930437975453 0.08637510302030146 -0.02253135861374875 -0.08662619815331929
 -0.0301215090604303 0.07941226424448666 0.07669373194846016 0.02520624630591145 -0.05131243268848239 0.08635743310250066 0.09018545735241965 0.09914744036866108 -0.02125107235680462 0.07976583726924777 -0.04966554840748133 0.04428669112503564
 0.03916026299703557 -0.001958033557243499 -0.08739866637949453 -0.002251770722183688 -0.08099536121102817 0.09105025656700086 -0.0135748517804183 -0.0858431477909859 -0.01167250261418286 0.05745979123123227 -0.06508698345230668 -0.06222777831841872
 0.02381946638872161 0.07869363276692345 -0.015612056590151 -0.05072472210383577 -0.07337805166471098 -0.06808591363782092 0.06894297466160712 -0.0660365339732549 -0.0384802912744716 0.08115573682750996 0.04970217060104504 -0.04345037617230118
 0.02519670425260553 0.0507235050187643 -0.09856841542306502 -0.03549698718880913 0.007669289765911108 -0.06093594247258808 0.05985195506087407 0.02436617161168717 0.03177049944396598 0.02792923842174905 -0.07052972669902761 0.005615490385863064
 -0.06252401053087411 0.05863355763579101 -0.002145201178422151 0.09647065452234321 -0.08899314025477498 -0.008510963682452438 0.08350061469409784 -0.01450329847110304 -0.07653859864626401 -0.08050874912047594 -0.08207957054017517 0.09818195164610638
 -0.0360556330337949 0.08742435472674495 -0.03085692113569602 -0.08495928674184632 -0.002677233609626781 0.05879250308154307 -0.04814133222821492 0.0801922446056299 0.009470450574948067 -0.05506289314251433 0.08580346801640423 0.04654329176134012
 -0.08065166913085953 -0.009274074450650732 0.08108642138566349 0.06023819219538531 -0.09477621762591994 0.03984944379853983 -0.04033149251923981 0.04472076280591425 -0.01551048120793362 0.05315047522449831 -0.08438801646970603 -0.07767874044044051
 0.08666454881445843 -0.04337256982319481 -0.04566180409486777 -0.0724240495436788 -0.03409677203130367 0.06553028183950516 -0.0914992018505021 -0.08211393364387676 -0.02660901233113661 0.06997187645158889 -0.04953090610295605 -0.05630028743976766
 0.0574123864831155 -0.07320166627401649 0.005683786575188837 0.02380395079439088 0.06949024084935707 0.08187421549625321 -0.08461687402226849 0.05745431353021155 0.05247411832957571 0.03517502390661939 0.05212146597160525 0.0386790853132668
 -0.008004796091871186 -0.07034483548461209 0.0260473454647302 0.05876972944063383 -0.01828011923285146 0.09793864945100181 -0.01054798212164544 -0.07191850113810587 0.02157256860234713 0.02601865599211961 -0.09506935299418917 -0.02591508634409399
 0.02599521219141626 -0.08254598911230683 0.02282274323448145 -0.05469955285918492 0.02981330743992933 0.05723445711297967 0.05605990651212092 -0.02443383373687874 0.005964081988784647 -0.007265199194918762 -0.05320187970886667 -0.09215230637487959
 -0.07135386801629952 -0.00629746217483737 0.01123773467364944 -0.08639764947419457 -0.02022455243490349 0.07427738494700409 0.03405036592471333 0.005843973337658265 -0.04814327815867642 0.0549941918615677 -0.01552898809718316 -0.01706205181849395
 0.0956257945802583 -0.0475156850391553 0.07251421544722822 0.07357493566634604 -0.03042146484438592 0.06696898998536086 0.02196827177554347 -0.07740967656062341 0.05359922699172961 0.03746030210786816 0.01786404148425613 0.003003130715157301
 -0.01190820258770499 -0.08459168711132481 0.02562471781740175 -0.01900781302909002 -0.05912011033917079 -0.0347047429051328 -0.01549336363613819 -0.05906494576312565 0.08347975008785211 -0.04623121940309319 0.03072744050099854 -0.08277574860600002
 -0.06995586551720416 -0.03462339969195531 -0.09402327689140721 0.05169136803506491 0.0594812276702277 -0.04683041225268537 0.006654887809847729 -0.01931188279142163 -0.03606435216453502 -0.09514619250946743 0.04616264098763692 -0.07088428793535752
 -0.06200561344481398 0.01553261644880868 0.008015091418672182 0.04487217063041585 0.08763411714538158 -0.005240238370148406 0.08563047294267684 0.02864391766184243 -0.03335040455430825 -0.09267519546462806 -0.05412763168449872 0.02353257783031473
 -0.01505484593560812 -0.009281761281878242 -0.00169562415440451 0.0774615701743295 -0.03858046038875985 -0.09412026310328407 0.01768100930801982 -0.07581660831511117 0.02601208750749606 -0.007242388449877998 0.02319641575733171 0.003696509522819275
 0.02216298569151427 0.05233338735908175 0.009923721249465139 0.03818329015618172 -0.0190243758048402 0.04996029259437623 -0.01938149256657941 0.08111316394072315 0.02360449497860706 -0.07659425504982779 0.07238425156679726 0.09215766622053254
 0.09968891320242354 -0.003111275473828404 -0.09105746504652408 0.0845772177619358 -0.03367956233591693 0.08948321676903065 -0.0125701507204769 -0.004899402302884562 -0.0645663354039025 0.0486007255785233 0.01929628103325484 -0.01028264940133969
 0.009236960225919064 0.06595330522281126 -0.02334049872956336 -0.05980710818982639 -0.01763813306825511 0.07695246860000862 0.02406996047151796 0.04688599317466557 -0.004214056221522405 -0.08783387433909919 0.08185693993063345 0.09006902447753951
 -0.05706277477716794 0.08963160585988136 0.0322846911259384 -0.07180153036599925 -0.03186500151906101 -0.07190080222100285 -0.05626402789984709 -0.04399743392682053 0.08896757913799128 0.03002385141420358 0.09477805905684758 0.03620363430331111
 -0.03606436635626137 -0.0855567154541354 -0.02186347475808334 0.06323194971118803 -0.03421837874339248 0.09393223951342966 0.09184595541587579 0.08384519468666379 0.02739367816199934 -0.09292834016001283 0.03966868360286696 -0.07746041072948984
 0.02972537659451718 0.0106136375870293 0.06849064791300613 0.03919728533339256 0.001959677347920019 0.07524773310031166 -0.05465183706550382 0.07133358798598632 0.0981076745612024 -0.02961029781038031 -0.03514250171191817 0.06400520963611486
 -0.02169441878363496 -0.0230188694934689 0.09804549662370624 0.07014548216953473 0.07329344915133132 0.02212046319915824 -0.02708963025684107 -0.08986666679348218 0.0526018298594354 0.04876114754955815 0.0007081955393145184 -0.02281663307078649
 0.06617783845250899 -0.06490516839151747 -0.02181495868632835 0.04645709847993482 -0.04384697677928266 -0.07791556874713423 -0.002266503007206266 0.08148939635959598 -0.003173004682537034 -0.0597980207991316 -0.05500498429741302 -0.02088399631743607
 -0.04501581136132117 -0.05629426222196957 0.09202522341547664 -0.06515516153265088 -0.04436175657659035 -0.02548668764813521 0.09279099538309157 0.02889951362928561 0.01418091607332454 0.05519044241383173 -0.01430034784200419 0.07753076560976319
 -0.07391120003606966 -0.03898565562230016 0.08797106659175541 -0.003798890802686264 -0.006496282932986291 0.007326929240984548 -0.0892272150503101 0.09831456718470974 -0.04950008964382836 -0.08000477561983867 0.04672607401605583 0.07061429537158886
 -0.0013684606167019 0.03378108040647246 0.02575813189586512 -0.04256452676457946 -0.04083945236193259 -0.06757535704880654 0.03524460759740436 0.07116202244236303 0.02226093829187681 0.07554653810197162 -0.0004013504609434448 0.02676850938179429
 0.009225225053098932 -0.000780488500585777 0.04575176425647204 0.05109484143946597 -0.001725207033807713 0.08968274530189846 0.05062626055969427 0.01421775022469152 0.01854507074008616 -0.02410462363793989 -0.03549871365602061 0.06357625985423659
 0.03664711198640283 0.05235164592717434 -0.004103233011279364 0.06335685980936745 0.06841658582087048 0.07512535103468693 -0.02844112267116433 0.09043364223854747 -0.02189473553443198 0.09202651659178154 -0.003698833861698392 -0.01822391482691918
 -0.009329414460930885 0.06232626902443517 -0.06613160440314397 -0.06141126363452233 0.06223539909516682 -0.08182261684186984 -0.02515606511571017 -0.007689907719285585 0.06702567057629716 -0.06954939176799699 -0.06203208666454302 0.01840982259014205
 -0.03180161799721601 0.06129084063991033 -0.09039528412675041 -0.03685394834991559 0.04798686610683564 0.0904717567406389 0.04985066957608036 -0.06269378676325678 0.0650712550782514 0.06323406555536459 0.02832531637295058 -0.09922990262260283
 -0.02314288981901548 -0.02507205223970603 -0.07919377823820418 -0.0597392710745745 -0.01489535816878032 -0.02324485212891228 -0.0299782957564803 0.02141419079936786 0.04405451141081898 0.0177412791849481 0.02872657900360798 0.02894114749584756
 0.03186425577399271 -0.0161549983910349 -0.08009655906632304 0.05252221561864734 0.04220221552416575 0.03115731859179721 -0.04079594751138193 -0.06810166699545925 0.06772356816856115 -0.06173722077798995 0.0627669207280272 -0.06096227559443099
 0.00853614677078636 0.09207370218734273 -0.07380158542691503 -0.02432203164153049 0.0886379706397239 0.07555953804250762 -0.0484023541553165 -0.04615278125674351 0.04291091733386085 0.02653208721536476 0.02486377176802634 0.02924903996900025
 -0.0780435993459537 -0.02051816802405831 0.07683849412902963 0.05536437759107835 -0.0394549169916859 -0.01369202486240448 -0.00854274937756655 -0.06806353251405284 -0.07090606263583969 0.02727076271773032 -0.07422170239318231 0.07404008970648898
 -0.01810364415723523 -0.07326380761699935 0.01884117955462253 0.03525264979413253 -0.08501074166047612 -0.0233702562334894 -0.05744380857763733 -0.08975716854066082 0.01542481889905985 0.009191823611414324 0.08378967310401314 0.01746816541144598
 0.09980890676978102 0.01604901179750813 0.04834178305985368 -0.05143190540113821 -0.03959061579818216 -0.03169782887844662 0.06215059055340638 -0.09588020680373081 0.01136183518829303 0.02353513217876399 0.08928007807591717 -0.006051591361246472
 -0.05003450818330599 -0.07691444306619719 -0.0783843119876054 0.03150023712017253 0.06254723999045553 0.03126739442216914 -0.0152140791252772 0.008896317994805766 -0.01780414487732621 -0.09023139415557763 0.0680265829885302 0.02069616122029574
 0.05162993819267589 0.04725845252904026 -0.03581038561189359 -0.05987033742227191 -0.04203300778489391 -0.07914279474672614 0.0454928719984054 0.01254558759844779 -0.0283101617477647 0.09218307222228858 -0.04007012550857171 0.004723543618946197
 -0.09529696535797365 0.03432616228638458 -0.03715971088268137 -2.42007931846866e-05 0.005865511720423044 -0.09885039814439078 -0.08028931852077781 -0.07530162975160057 -0.03101056105362784 0.07957273509421048 -0.08364359629889741 0.07994284580280517
 -0.04866619002370362 0.08747320790366489 0.03833478171536917 0.06482024744478029 0.04776379939544084 -0.05938276388389893 0.06531036654020703 0.04786793266638323 0.04223764675592459 0.07157603882643734 0.02099146222944166 -0.01225262397806801
 -0.05069130943681456 -0.03363461889343541 -0.08359303763529322 -0.03654867760237372 0.04672260535723513 0.02684109899112452 0.01465531868170473 0.02143004873203258 0.0445736519754657 0.02500241819026733 0.07746244583540057 -0.08844692329027831
 0.02840250327191679 -0.01475378748956296 0.002662932386612152 -0.07143466372155777 -0.0238542179935492 -0.05900738003890801 -0.01453730160161354 0.05138741316137346 -0.06066562677890307 0.02508902091646473 -0.04445149072850686 0.005546523001660919
 0.03167764721938843 0.07782602911332129 -0.08513917923395398 0.07933890233293864 -0.05860829686568833 -0.08137236154069617 -0.09430636194222763 -0.004288378871205839 0.07521321288551494 0.09195004206256685 -0.006645186543632192 0.001311517877564311
 0.08195948024594318 0.02832158262148432 -0.003523260139784629 0.03340200884868924 -0.06963482261289466 -0.06592942062948268 -0.07365980681650824 0.06627467124164058 -0.04649108545150817 -0.09826852747354013 -0.0434718044216402 -0.0114370471072304
 0.002829415116590808 0.07130179804536371 -0.02235753778311916 -0.06828358295088172 0.002773395724115835 -0.09741993149027701 -0.04140271998191578 0.04265833447602146 0.03548674805260799 0.05166810594427804 -0.04929274877449571 0.054377131196715
 -0.003577007721050726 -0.04298998898322118 0.03087128845858153 -0.03435626456171911 0.009276733723516645 0.07040093393907026 0.08979326089377146 0.08855613691103295 -0.01436296938674189 0.09679866326031036 0.0877568409274069 -0.0467936841750758
 0.09166313788203279 0.0568790797300236 -0.02832109725423747 0.09921538522144133 0.09136613086536008 0.0759120624399667 -0.03564848404882212 0.01186207121486726 0.04548827226672519 0.09743309832650623 -0.08444289460440213 -0.0752344082327057
 -0.0638094862963671 0.01477295711947102 0.09388690403616767 -0.08566205103703392 0.003636909841691599 -0.0861747331143168 0.01218100082588269 0.08726900437925764 -0.008614163123810303 -0.07561627421928949 0.081140903818638 0.02932824559829381
 0.04368434753166595 -0.019190298167979 0.09788934576885897 0.04749754128533024 0.02807040758649432 -0.02288760219531429 0.01858729546176045 -0.0717669047343326 -0.0775082904317818 -0.09258162493972628 0.05637749403821621 -0.03818820188420301
 -0.001468576412441039 -0.05214635693885118 0.06287524630911001 -0.07828441747207576 -0.02566860142583433 -0.05337136906196286 -0.03224454122786263 -0.0409090349596028 0.0979467140055337 0.0004309405184346887 0.09427783069584914 0.06044152874535449
 0.07739000012778877 -0.0711379190182362 -0.0491464062281744 -0.05212673681100181 0.02106471630874154 -0.02568790612911614 0.009091488493186042 0.03190745347114071 0.0425858628850872 0.07251296882961214 0.01058299126299651 -0.06551992940071952
 0.09158061448008914 -0.01563495619068488 0.06980978287298351 -0.01584534430271306 0.007266546025686466 -0.05574822161852425 0.02399095813133316 0.08856031891622243 0.0979412497456538 0.03087802315616797 -0.02818265591125343 0.07109789010460674
 -0.08796947452494985 -0.03448833816544354 -0.09115703433500533 0.08487003426255463 0.07230889976725363 -0.0607211948855074 0.04543456626182735 0.02927315174911957 0.010863919073743 0.0219785454620752 0.01034962193833008 0.01040766550354562
 0.07419343914638615 -0.08749241734622452 0.04992120979568943 -0.01359031700775518 -0.04210816576287137 0.08564744124519494 -0.04905799702826891 0.07397442284634576 0.07495285981398311 -0.0003513452803471789 0.09105032819854039 -0.09630236335165007
 -0.08127796968220599 0.0003277880933653943 0.07515492478608407 -0.06667269361938136 -0.04898395448526022 -0.01502538503524174 -0.01439688878361284 -0.05077413641058414 -0.0495550132427037 -0.08991027872322914 -0.07594121732576481 0.07033196351080528
 -0.05049804973188071 -0.03838175616163219 0.03746122674111457 -0.02399602063492699 0.04119889901994206 -0.07667000455917662 -0.01628081742707208 0.07497138700857173 0.007250383970919955 0.04528131216720457 -0.01296020708481137 0.05819764067889019
 0.07298491604298835 0.05526913757257459 0.09884966156532524 0.06801782000051854 0.008981773790452771 0.00157643598644841 0.01939378091971149 0.09077921433341324 0.0005883115130419503 -0.06812667462938843 -0.07719474884285883 -0.09187791366736046
 0.03953610160596183 0.0227097879288652 0.01060120099554754 0.01671306343149473 -0.04863397609486401 -0.08740242258304055 -0.02775928068411408 -0.07622601294561017 -0.0004945635730451425 -0.08141225687464768 0.015901837891987 0.005291668739840397


