# Created by Octave 4.0.0, Mon Oct 09 03:06:34 2017 BRT <wander@wander-S400CA>
# name: w1
# type: matrix
# rows: 200
# columns: 12
 -0.02699431731379581 -0.02905296696343315 -0.03218545002708208 0.01833502356176024 0.03276659966755188 0.08812772888490947 -0.01236981825938886 0.06155305268371367 -0.08584499395216369 -0.006923655714789284 0.01100025236164963 -0.04968327352118171
 0.004222876521044541 0.01100313330688003 0.08294792086753441 -0.04422232969305084 0.06543530418122451 -0.02561803750717115 0.07682222440879541 0.018555409293373 -0.04778286251770007 0.00718488279802354 0.08318119224443951 -0.08467460713707262
 0.06764840473604841 0.02820303961992446 0.02236852273061114 0.09690913211607824 -0.09105657263880837 -0.03763854586188239 0.01852791017578803 0.02889353249375018 0.02219730595892795 -0.006120395738449372 -0.07838001800654412 0.06861138989132912
 -0.0910315398144492 -0.07767398537921599 -0.07790731561816616 0.05638425566701441 -0.06356550725106015 -0.06647721512319624 0.006473344986879612 0.01572697068080489 0.05370976529109603 -0.04737116768404352 -0.004917890505057074 0.001246095680491832
 -0.02674134712494623 0.05810445231371206 0.02978528167215105 -0.07550778093735645 0.05064156321459554 -0.01472269966186274 0.02738074965724624 0.006300196664547175 0.02864152424390537 0.01307668862620162 0.01925680872270615 -0.05867243471904372
 -0.004600740765286507 0.02812201368967931 0.0174350822325476 0.0287295152646069 -0.00886757968686204 -0.08421096773504426 -0.08556243705193191 -0.05311014062584018 0.05507279189858538 0.05520037147329632 0.05324205355237199 0.05198246793268152
 -0.09922122861166667 -0.07821376729535195 -0.01502878894572211 -0.04732302632185769 0.007569540643319522 -0.05952144253941186 -0.06033174446427069 0.07373436645585202 0.06757067241089576 0.01530077051837105 0.03684647929555457 0.08634518221788537
 0.05371816895134848 0.08127582206606959 0.065353067178266 -0.01313956870595213 -0.00414143577829941 0.08383043267383838 0.0756317796350236 0.0585912020578965 0.04993771699148736 -0.01621755369593859 -0.08670371990654396 0.07881039029868755
 -0.06091803485177469 0.03193384150259967 0.09556939796315111 0.04396479296482181 -0.01587383117756246 -0.05828079981035227 0.04218790315669865 -0.01351104383344198 -0.04854772144519296 -0.0472277658966274 0.08452739480713067 0.03406033648027559
 -0.07810355557122906 0.04055146477497343 0.09580091035841773 0.07648077753820501 0.009224274392671414 0.07642336938338937 0.0939922129925089 -0.02052682842997461 0.06169803426297568 -0.02924324694153428 0.06628229886685358 -0.06978374841206664
 -0.08823577168748031 0.04018524020698849 0.09797807632023364 0.01841463740022202 -0.0293425937468537 0.02676154843394377 0.01752467302592045 0.07455198053079262 0.08821544295109943 0.07909210422418472 -0.07499388557408095 0.04368372590219965
 0.06952026863573843 -0.01816296993799273 0.02654980298810983 0.03084666751778284 0.09123368436204812 -0.06350060942754733 0.01097326438422437 -0.07837322474685279 0.01405789107480196 0.0279926212828237 -0.05486977260001297 -0.0338193461741058
 0.04464157533026325 0.09972257756884981 0.0694281827607591 -0.06254450299700444 -0.06187360692657928 0.0009739404085574027 -0.0146693800472434 -0.03305191210497965 0.001892646295089076 0.03851451734233444 -0.07857688530039646 -0.05541969757106277
 0.01525919887484642 -0.08835696421440625 0.04028669109163147 -0.02737370754513523 -0.04909388170606178 0.001228421136298619 -0.02804302211463536 -0.05378338803856969 0.07315368410484926 -0.081811273545909 -0.01027915270184424 0.02033109256218735
 -0.02915526359454695 0.07481025192811527 -0.03914094267448526 -0.006578172723914019 -0.07988601620974176 -0.01067610857107645 0.06300821073687718 0.004793895016720492 0.05164370529998166 0.005475042405629946 0.0104338172264334 -0.003870963596361396
 0.02650535456886491 0.03003190228286273 0.0953662239514769 -0.0233180945295573 0.01325825787690942 0.0720370125827621 0.04895073335826919 -0.0739186682694673 -0.04157775248625794 0.01864719404501984 0.05887476481385839 -0.03307824912024669
 -0.0545938850045903 0.008465798626530852 -0.08728194599599648 -0.04283089191781927 -0.04629079440923611 -0.004530532777264312 0.001934260981310262 -0.02394158529978942 -0.08609797451645568 0.01736187802267775 0.06753873264710059 -0.002777141696478053
 0.01373168399754807 -0.07904176655404827 -0.00664243020848175 0.01506310860222815 -0.04535239674726183 -0.09120235504532827 -0.07871435229127179 0.0300415342215474 -0.08027322029661318 -0.09459819517619474 0.06553312747587212 -0.03990789810795844
 0.0267267365457961 0.06181585613031312 0.01693937151498162 0.07499463493492331 0.01507205771495339 0.09202537229967084 0.02041610392090039 0.02411527997715657 0.07117386372231144 0.04561762917134404 0.01020160255839311 0.0564815474035085
 -0.01014521589400751 0.09489603273413505 -0.05167743548456508 0.08726363742533425 -0.07202598947531917 0.05744395493942564 0.06039116667334241 -0.08323709890904742 -0.045986361608266 -0.07943757427089897 0.03113707670184809 0.03499124709940937
 -0.02541333541036532 0.05537369850133997 -0.01124544399644903 -0.07898185472912782 0.02963976745112643 -0.03321940559399771 -0.05521125302807312 0.04873666000635163 0.07826266284589944 0.06065558279563418 0.03263613587784903 0.09320888956734305
 -0.05394509243774145 -0.01559029965889755 0.08970092059374205 -0.07703645139165921 -0.02400616418387916 -0.06594588772636184 -0.08611562493596464 -0.03952456492785487 -0.07192491287293276 -0.02254432066327122 0.08967302079575179 -0.05736791834639771
 0.03535845827750256 -0.06840637395562223 -0.0294639914829793 0.0996029258071964 0.06731637884509498 0.06585404199242223 0.05874346596009236 0.04922529132923256 0.0875030071609488 -0.01409847885706225 0.05427412443310006 0.09532627063984267
 0.02940178851197292 -0.09352704975951986 -0.06407177839644015 0.02928734623447343 0.05554633373719753 0.02811568526020963 0.07833819311665022 0.01457897493736986 -0.0008864682976476995 -0.03775944202079434 -0.04093871034059517 0.02670024627902973
 0.04383645235691813 0.08332100387686694 -0.050107872536233 -0.03808655808037255 -0.02392818859173997 0.05073793830414194 0.07255662576908586 0.02873219412592568 -0.09922057732289329 -0.02796145205581674 0.05531029152514894 0.06502992069356064
 -0.07769975790245377 0.03828714242435377 -0.02527435161279636 0.08194829969459913 -0.04703556291643984 0.06980631787132827 -0.08007672417011788 0.05919243843858146 -0.00577366237432296 0.0963293637490307 -0.0516868108869612 -0.0495790852802776
 -0.0204025971262998 -0.08276758957910232 -0.02699876564657308 0.05021009481118763 0.05163324255026366 0.05730983144774879 -0.07277092272648128 0.03690470709232793 0.03151467475381689 -0.08993953989223606 0.01106725297106756 -0.08657840535943766
 -0.001217421274923955 0.07163034430961213 0.04394138801394804 0.04428715862678323 0.02878105505449291 0.08892717761031713 0.08318746436504951 0.07540392417643527 -0.06399698986797761 0.06228627385342797 0.05316761602952549 -0.03235779854951476
 -0.09255133012510597 0.0179413756929681 -0.02349021408411248 0.0482287564207948 -0.01831902635462165 -0.08228478924918398 0.07032179837266017 0.09393727438492772 0.06701468543708333 0.02740655406928888 -0.07986354208314855 0.003222811355154759
 0.07398668300770522 -0.03680246171973771 0.03574832806210346 -0.03026194078084504 0.03101990047066844 -0.07395451183913974 -0.08280148006314163 -0.0603889134392904 -0.02320482100992284 0.07185704961352157 0.05667276640435975 -0.09660378182302762
 -0.09377454282355399 -0.0103405897030119 0.08609844820044563 0.01068711026560812 -0.04368209217447806 -0.07615237503479297 -0.0302925293281428 -0.03132348486785705 0.07415256176259036 0.04820508254096875 -0.01984358958884512 -0.03486940733729572
 -0.04715309730559367 -0.01075695844146021 -0.06644886115072085 -0.09067772868344821 0.02093959239288481 -0.09734037585567297 0.01391156653738343 0.05735282266606331 -0.05668362084607693 -0.0825435503399381 -0.05316252293892402 0.04583357633215682
 0.04486167384479395 0.07534664323506743 -0.05051279302079478 -0.06558594204229773 -0.02319306582742699 -0.02103697414352954 0.02788003093229779 0.03825216829859293 0.03465618885180732 -0.05815840372483893 -0.02084254886349589 0.09191989802843342
 -0.002014967591312908 -0.0001918256472465962 0.007355979034595589 -0.0388283736744742 -0.04925826564387447 -0.07289549034405364 0.04913399493225373 0.06361260939076277 0.02244575575438082 -0.09415068522622876 0.07354363452083332 -0.0173013271183225
 0.06878903877478038 0.05831757889448766 0.05322586025507403 0.03251717601584134 0.06614170707912634 0.08756764849949375 -0.0009938079704523151 -0.03666186965628357 0.07977218513469261 0.01201224056642389 0.05819702240249985 -0.07835348918014755
 0.08610510145881384 -0.07850858314986531 0.00576802971203827 -0.005943044693319285 -0.03385764820182788 0.02324252477336515 -0.05784206826007469 -0.07123686390875589 -0.03463150625628592 -0.09804016911853326 0.09240913747579715 -0.07920193128638246
 -0.04060742382987198 0.0515046746368952 0.07730264115908386 0.09424142062188121 -0.03801157705945125 0.08799622134126014 0.04167233240799895 0.04205303804121668 -0.04315974990289104 -0.01070202628567687 -0.07809962971517886 -0.009005172259967761
 0.03500204322659869 -0.01149594739781676 -0.09148621143516422 0.08081416376109224 -0.02268206056833558 -0.04842068435271584 0.002129795567086257 -0.07755443196219385 -0.0763970295820402 0.02747269618197309 -0.005368832061190792 0.08219851283525353
 -0.08630763905174749 -0.07093319588332625 -0.06766419573132088 -0.08770386417274956 -0.07390497164687931 0.08124025703525339 -0.02909606792210234 0.02152174581124175 0.006372267921736133 0.04469137528217779 -0.05836495521005724 -0.02506968326937985
 -0.03001038984302379 -0.06941913274361816 -0.02120023080882513 0.07653892047291083 0.0176202256547932 0.07411789361379267 0.01454139173294593 -0.06845863162048794 -0.08763185876474361 0.0185816788384168 -0.09038271432084001 -0.001820439675451771
 -0.04747807242445651 -0.0364980318247312 0.04204620325700498 -0.02587005043290655 0.0981353274235188 0.07682046600067768 0.07425448798942375 -0.002960996748799655 0.03351930224316207 -0.07266703517991213 0.04554436061248374 -0.055036355570788
 0.03496188927816829 0.05831260916470873 0.07809320175850543 -0.01180441734480411 0.01490989383639355 0.07270627513243169 -0.0238381856896181 0.006165007923360638 0.05103187761519154 -0.009302954334506772 -0.05551030083959155 0.05867668693044834
 -0.03920477802261799 0.03172439628762994 0.09209502401719813 0.00312499217221103 -0.0720770901489645 -0.02785481325971625 0.07315668121205851 -0.03979449158382786 0.06989819175754106 -0.06184851704556954 0.04788730970468424 0.0383866836581174
 -0.04138318412509664 -0.07944114193511098 0.04412689347838911 -0.06514280957260493 -0.02344781579937508 -0.09241198798023077 0.0913318031901402 0.04772800172106159 0.07455158314969182 -0.03785416886199008 -0.01970183417694002 -0.05167864999319324
 0.01396108693717743 0.04737118805802731 -0.03623351313807152 0.01750899289620456 -0.01637010388832848 -0.07998441263457247 -0.07841737299659857 -0.09255184734754031 0.02399664418392052 -0.009884115415206784 -0.08978448849037918 -0.08742321985512863
 0.01680114476160702 0.01067297826555662 0.05990669225809006 -0.08027306392545061 0.02182028101127258 0.08620621046403529 -0.0187756132849085 -0.002537448346183538 0.04510206898684538 -0.03463834641890333 0.0263922695637874 0.07439104783215109
 0.006842586224794306 -0.08664904892238905 -0.01052262573580363 0.02267512986136602 0.02420535871202849 0.038634614769051 -0.09509766917739682 -0.003123995145600994 0.06486692498526897 0.08125042386907552 0.03590803819398658 -0.01494981908692829
 -0.05723743396759976 0.07326124491099256 -0.09464999538643021 0.05236416581620182 -0.01778688129250219 -0.03746923060178776 -0.06240992390926167 0.01324184957361596 -0.08154797312367927 0.03339421238275114 -0.09249387374208813 -0.001530137034081641
 -0.0807071790400673 0.01814227883541664 -0.003943840226941442 -0.03539656259559651 -0.07620604299513423 -0.02195003114978954 0.05341601074229854 0.02610799155881105 0.0589950465988365 0.06032337401423538 0.05479684565659065 -0.0532158337004779
 0.01195119502021677 -0.07878677253709915 -0.0868746139669459 -0.08871560829656237 -0.002858307174247496 -0.08658141497566402 0.04433198571893487 0.05829961945725956 -0.08155954649020478 -0.02228008935046469 -0.01946551887174669 0.06891225538656329
 -0.08025232381203648 0.07091987186311749 0.01459556800605363 0.01096050881031614 -0.01835588488006311 -0.09257979252993187 -0.05070688709717931 -0.03398945780275259 -0.0285736439089917 0.0851800706093476 -0.09939583616493117 0.08349764887069069
 -0.01943124187195608 0.06903663415232983 0.08153494300797434 -0.0793959434410987 -0.03848772768159147 0.08690463769568074 -0.01866202801155575 0.05437090992489207 -0.07370780877951168 0.07442052266323049 0.05272443546196379 0.06563600192401811
 -0.01503478883230383 -0.01003831426057643 0.0545741549244467 -0.04993063507894799 0.01853019510110698 0.05892673009219543 0.09231070483265341 0.05702734634065479 0.04637177326328829 -0.06592118841364382 0.0407281640647488 -0.03255385058437296
 -0.02499901457124717 0.0789753694625773 -0.05159764488563289 0.07963273687486824 -0.02336496260204123 0.005975430078570904 -0.09438985252463143 0.025350430427134 0.06891769452140603 -0.06053320756233158 0.09177891523330586 0.05338149069931977
 0.05615571913137493 0.02329745889095884 -0.05358086125098075 0.07777285986400126 -0.0444695847849374 0.05139126026053231 -0.0002665957023338661 -0.0560008462810728 0.07813638282626484 -0.03860821674821694 0.07560725309028873 -0.02484529510470804
 -0.04724866600828236 0.09704857855337443 -0.09101580494113586 -0.09884733618381887 -0.08175247408262051 -0.07215574753322174 -0.0548665810726804 0.03562340517638285 0.06353039077862119 0.07269356207595437 -0.0417039193131418 -0.0366958177371234
 -0.06925105337350805 -0.02931785543708004 0.03221482920712834 -0.02417736521124313 0.05245341244231105 -0.06460894183071 0.01201416877737442 0.006593283394209795 -0.02942532989410555 -0.03174777171252012 0.05710675931899498 0.03490785852281703
 -0.07346611788898313 0.01023199430541404 -0.01218170607032877 0.04999238580539961 0.02256343087434461 0.0004096844625180174 -0.03089300417161639 -0.004216831209808508 -0.04553171726009669 0.02086741861868646 -0.0590382774890529 0.05651692013937445
 -0.04382737039301091 -0.01582441823216935 -0.08289444597103936 -0.04126083925783001 -0.07228492145264109 -0.09975280102573307 0.01125277774026985 -0.07263855778909438 -0.05593803325115522 0.007603609418480747 0.08008832324534504 0.08771267741238553
 0.07666964877146448 0.01881971887419009 0.05909410224999109 -0.007786493324087193 0.08663757822746337 0.004036191767373978 0.02553161234074602 -0.004207520878321075 0.03241898243881208 0.04293738518273993 -0.08826899194237618 -0.08498665039463942
 0.02583536988846341 0.08505316136298507 0.07306461572391118 -0.01342081840888856 -0.004499085104111997 -0.06996718616311585 -0.02225766575109006 -0.05682998415358959 -0.08790269042959839 0.09357594727246013 0.02841316563657525 -0.03893520756072488
 -0.09644162545194161 0.00551958336729641 0.03198616159792561 0.02431069343374606 0.05240363324511471 0.05457128580680123 -0.08645622692858998 -0.01459964930695933 -0.01817134030486758 -0.09768374116197773 0.09769650021511628 -0.09558796355502654
 -0.07855983532858828 -0.08910502537172665 -0.07303382187763258 0.07989351985542822 0.01013573946793955 -0.07074719549671754 -0.003925417782404864 -0.04081452940897478 -0.08026050083908307 -0.09722898192750171 0.04603225790507445 0.06612574150242417
 -0.0255003094762538 -0.01493545585905907 -0.0229536794409301 0.03833260772799138 0.06244455470168084 0.0347725361481504 0.02428174394309202 -0.004411318100898065 -0.09401718648917207 0.01124261615903932 -0.08166473824952233 0.04911371052690225
 0.01570650213060529 -0.06732552999756009 -0.01180133078647062 -0.09173656406888024 -0.0697647348822564 0.03405872608597521 0.06679550893774694 0.0834298289000886 -0.01929500325890993 -0.02249724073481321 -0.05179080033927756 -0.003110607801590906
 -0.01742360995873046 0.08680801772203267 -0.03119965731770501 0.07296583556364436 0.02197740838123707 -0.03496893113843375 -0.01174003590854519 -0.01092080274865849 -0.03662446598898582 0.05448653132189996 0.05186966412845376 0.001688408658501242
 0.05849388037674255 -0.03579426903241088 0.06107996596752424 0.02661539302259169 0.03398503105367284 0.08081511582239864 -0.0772405084988913 0.007780565671993117 0.03850356140879568 0.002399003426779373 -0.08234001261843865 -0.09195653199494604
 -0.001089908500373243 0.0806060560121574 0.004956728057582224 -0.03138301035319728 -0.09113682558398251 0.03592957760115928 5.139480317672973e-05 0.02727980962071513 0.05962186504979466 -0.08165914779837258 -0.09992035257840283 0.06443680580194022
 -0.09132887052245849 0.02222521424856565 0.04850543272400651 0.02220105223573425 0.08240617573284356 -0.07994824000962383 0.00206516811953654 -0.008631387307206265 -0.003788484774379042 -0.09900388958834205 0.002933032278324935 -0.02771470324394591
 0.01929668979475072 0.05738034334393033 0.04580680374248267 0.04045707029086934 0.07674261316816908 0.03988572523735309 0.03494101048160042 -0.07415570262240317 0.04640617616574003 0.02322911351387909 -0.09920835068289331 0.0836182187207373
 -0.03223222723551848 -0.001416048905447539 -0.05352500968451116 0.02528104734246067 0.0751075610801164 0.06353875677901974 -0.05943361190878166 0.04709521921250776 -0.07340875953286002 0.07561796708984658 0.0479556440444055 -0.056888319553487
 0.03345938229447346 0.003636688018869474 0.09709681811498203 0.07537109388237262 -0.05937102881631474 -0.07638335685902697 -0.01923141720980591 -0.08013813962905418 -0.0693083987445236 0.03542689091032863 -0.09829590896585629 -0.03161936812558262
 -0.08440501187207995 0.06072702136820021 0.03120308677188349 0.05637957324411669 -0.01508831394106012 0.09749982153397632 -0.02475955439814945 -0.02411866959151875 0.01947402223064776 -0.02713368762682976 0.02744641259626796 0.03393742659325397
 -0.08351991905140407 0.005648638797546027 -0.06245559065386578 -0.08070883846249689 0.001136499616845366 0.09872406415183246 0.07461357712583669 -0.07644918645018654 0.08777298016364343 0.001948846782999294 0.04570431733115315 -0.02368281096038832
 0.07979746196418411 0.07266353782132431 -0.04430349390087053 -0.07321497342269342 0.07028071783168052 -0.03906213138263039 -0.09714072097137973 0.09522217848216286 -0.08879382140923617 -0.08008584148475377 -0.00176328961793884 -0.0696399794443832
 0.09993857466775144 0.07199009518386965 -0.07455007399232631 0.09580877308152563 0.04469406616987412 0.05984116770977463 0.01467266727256042 0.04077451681125854 0.006512541193734039 -0.0005316670209444818 0.08018614706030014 0.0092217537530314
 0.06560494990139928 -0.015572675648096 0.009374220795471191 -0.05438163693896662 -0.08813780184270609 0.0004428272553076151 0.02150079786420267 -0.03186984510712425 -0.006336291616449982 -0.07635566998187288 0.08337107318676232 -0.09049620440367076
 -0.02910330080557648 -0.04579426437006084 0.09180952897054301 -0.06455988827713501 0.01630655699551779 -0.0373554846282713 -0.002801959684752858 -0.05468953883333173 0.06974411215634524 -0.01882464274384664 -0.03771637334296879 -0.09185767062040991
 -0.02172831427435874 -0.01054411805166143 0.02318569457844699 0.05244442397050164 -0.01647375479652734 0.01790243499137859 0.0116792992059056 0.08622054995272233 -0.07186667392172935 0.04218086646721936 0.05866495201730643 0.05272998214407307
 0.03720936146010353 -0.09906311984807616 0.009194398260483003 0.094412132068877 0.08758472996474151 -0.005483075395505729 -0.00381988908331829 0.01310955182640898 0.02042181130595851 0.05420499476697604 -0.008876821638375193 -0.06270340798299236
 0.01311532909351712 -0.06697040008585894 0.02915199805289054 -0.01304680980524289 -0.04419768693241689 -0.006607548351313955 -0.06599849227987054 -0.0532494514563784 -0.02005550454960049 0.01901934005044122 -0.02949008471129004 0.08886268132617944
 0.07397495739238269 0.07972132578834945 0.08643322438657064 -0.05298309439396468 -0.03626161955951311 0.05716267718767626 0.0347194002886165 0.01259828513454439 0.02390239010405311 -0.04392985232984036 0.05468245278299572 -0.0253745319938377
 0.04824368464257886 -0.07362278932786342 -0.02999325345529204 0.05112390421314084 0.04145888146970528 0.09916187645177429 0.0377664379152845 -0.08651881840824449 0.0855298713860633 -0.07953642244484654 -0.07187181615174318 0.024324272691164
 0.01280823126719799 -0.003511925951170794 -0.08689480738268457 0.03605576376010719 0.0880796888172258 0.04548498588595334 -0.03317495783598343 -0.07049786529427972 -0.09711365661716879 -0.05941380183750954 0.05933600986130474 -0.07881584178238314
 0.02744866275824714 -0.01393201622609103 0.03947707865873731 -0.01684078588426198 -0.0086455209672541 0.01260388930054808 -0.01319797657711107 -0.06971102391376713 -0.09918570547054488 -0.08807258151583061 -0.05458503437842734 0.07798029451242247
 0.003501486934973402 0.02803146963271702 -0.06483952182744665 0.04209191432317094 -0.03644666606730675 0.07883682968641328 0.0270631013329134 0.05704128756315668 0.01174785039505437 0.05004795516545563 0.01132177329811512 0.0696061682092084
 0.04593622134487629 0.005571197665901945 0.06540828570465282 0.09424651401285708 -0.05115896511346713 0.02431127402842295 0.02377222400451459 0.03867828901798545 -0.06873984539948221 -0.00382215581398429 0.01779453219726275 -0.008603526366635139
 -0.08882201843083186 0.04708828510980348 0.08227230652528267 -0.08271829698754346 -0.003955326803416828 0.07325049467824102 0.02917748506458512 0.07279342220596555 0.007547146756638562 0.001015526031180533 0.01871184184123409 0.06611689449055916
 0.0692286890956286 0.02374594891417439 0.06307952960989341 0.06493996670414723 -0.07179863810412869 -0.05183887632664323 -0.05656550180139987 -0.09896928993935451 0.09770298819813442 -0.09175764760441589 -0.07637564882094028 -0.0632419408348487
 -0.08999115123473556 -0.03801915687602223 0.0389818264093775 0.08038008359379023 0.07115527709671121 0.0208885105564139 -0.0382856240871248 0.05201146537035592 -0.03697219538622175 -0.01792369197976564 -0.09988636188891188 -0.08110321280072852
 0.03898411963003429 0.05810344022991773 0.0905695020501921 0.07056976803048917 0.07910435398128202 0.03053854530534314 -0.02357794765945163 0.01082504012437364 0.06596766419893715 0.07851626719678922 0.03979488559138705 0.002111260650705396
 -0.09086478268482194 -0.07715793876895673 0.05002385306582968 0.08583406714463768 -0.04442548527935095 -0.07106339874379616 -0.0371840595151247 0.05374205589303122 0.03322123773760657 0.09754835609303245 -0.01042480869145682 -0.05725532575010072
 0.08358148036766277 -0.0237808320078024 0.0485565376744071 0.03745523631013861 -0.0265387167752391 -0.03315621287524326 0.08415444086499868 -0.03754467660458691 -0.05743319900513845 -0.07981728107160502 -0.01809185440273477 0.08184249555014439
 -0.07021752121351926 0.07802068248774033 -0.03731054700034481 -0.05252907468488121 0.07572935577076356 -0.004209220468247649 -0.04693425728421453 0.06410961877486762 -0.00167630879276924 0.01432102516218539 0.02522148584538197 -0.05052382657368696
 0.01908327362283938 -0.09342784834062058 0.06521858339080169 0.01583744399121505 0.02473336693420877 -0.06795455981586465 -0.0844986765746103 0.01810406222317373 -0.00678999508563366 -0.09395043551749302 -0.0003800663496632689 -0.06979564756836404
 0.01170380083405068 -0.06453194010550756 0.07274241613234436 0.06438454798207255 -0.06126201724132302 0.04935588661939552 0.05406844586119106 -0.08214125288082086 0.0589591655067406 -0.02923296966993071 0.07770461793164993 0.08159874938600167
 0.02889364190040442 0.00177862429856239 -0.004823118375727214 -0.09727765243522679 -0.001862662032430851 -0.06206200992544245 0.05128285302067959 -0.002264206141633862 0.01230004658201904 -0.04574030960785824 0.05670012014136253 0.05282986324725283
 -0.09893065558520724 -0.08111335142585857 -0.09954935322984564 0.02161049118623967 0.01727387221926717 -0.09017960842434347 0.001502472157981938 0.08271409855540898 -0.09982277848731631 0.01866501752914343 0.08183973772962214 -0.06039592218589002
 0.04872982797923375 0.06725369436018058 -0.002551862383336961 0.08058406488308861 0.02947385300285271 0.04717248884012007 -0.01832649450678889 0.03742914370960157 0.03702643523518451 -0.09113396149137307 -0.09514101653557627 -0.09219245207305284
 -0.01519100797474901 -0.09523592450395277 -0.04395466209390521 0.04905699398902458 -0.09093437830938404 0.04936477870515893 -0.06390070308641588 0.04112980363087013 0.07313918880518153 0.07150647029305679 -0.04894189137227142 -0.02150747462244104
 -0.002596634247872612 0.04333401367763895 0.09574074558080836 0.07235918480605164 -0.002933157595813335 -0.03513626416847188 0.01384413274971996 -0.02392710544073059 0.07724166982336275 -0.03709033576117625 0.02398616866142751 -0.0417506197131723
 -0.03707392929241224 0.02758573961512403 -0.08387759287343115 -0.02402524378989178 -0.02218238783460404 -0.08829509608506256 -0.05763260637939491 0.03148569563335343 -0.06784495621339562 -0.03077892986808727 0.05239603034376869 0.08330287982360382
 0.02347561205433277 -0.02694592541500508 0.0342765043895854 -0.001888853831344461 -0.006133724092098419 0.07826309100195492 0.02906706393826539 0.02344847978342812 -0.06624112398155459 -0.03033984175609629 0.02086273639272943 0.0008942094130673095
 0.02254077484170999 -0.02632440514494082 -0.01274607155664396 -0.003653300616571736 -0.006608783168794236 0.001111064723878313 -0.07942709758780699 -0.05811667765227732 -0.02147960589749466 -0.04604320269344928 -0.08020137439962211 -0.09613988392812563
 0.03567057722102165 0.03996189172091733 0.03379338309906224 -0.09761393086807492 0.008812429153951001 -0.07001895064357877 0.03517670716224883 0.02722857315684063 -0.09490640602447437 0.03095994874321603 -0.04180136975332521 -0.09579132928593756
 -0.02414481911952505 0.03307039167278372 -0.08420043950733985 0.08068299396301856 -0.02937992408089693 0.02326351049785676 0.04211592568958636 0.02162970294981628 -0.07652420910207333 -0.05220581543489792 -0.09464243434457953 0.08451849424393496
 0.0991569180401369 -0.09758253835696297 0.0793233733036042 -0.07769182430826058 -0.07395136676715379 0.02792447869351047 -0.06806356616245562 0.06986264018362118 0.03310562325439503 -0.03120426449884449 0.02557973794753193 -0.02446483016781929
 -0.07319770257682127 -0.0705246583299413 0.09545546827484955 0.06827551094495762 0.05372865330634644 -0.08234664822659585 -0.04560710164497083 -0.06349868099543202 -0.007127434036133418 -0.06494674814149771 -0.0009318162504040467 0.06825022872648875
 -0.0229868607270895 -0.0257856519252247 -0.07304958326310733 -0.03701977759793845 -0.02582798329941384 -0.04394351220732108 -0.09977108815662634 -0.0566202094777791 0.006561175596483351 0.02955403425267547 -0.08811710213533401 -0.07907556409972917
 0.04504211778494785 0.03404736870698793 0.09739406106246357 0.09631181915202275 -0.03779134954189686 0.0298516623069946 0.01740094828956348 0.0542230949271568 0.0233169538109657 0.05226445343138497 -0.06944807126566852 -0.0681486711698972
 -0.02590996769211633 -0.04745630541033609 0.0830612408186186 0.06970829178863214 0.06692492431676705 -0.0527542402383543 -0.08890056191849309 -0.0703153741321044 0.001675612811008739 -0.03211547712073265 -0.01007767707687911 0.06138530017774066
 0.0563710887422843 0.01670277441455421 -0.05121350681410245 -0.08476018476594999 -0.06237482307847976 -0.02312248918511065 -0.0116819291357507 -0.007368460474370425 0.05912162849695951 -0.008152326072842803 -0.06637025478358835 0.04518032933635788
 0.0251714912535774 -0.02983961487136132 -0.04432435696366727 -0.02268135851103195 -0.0558084094801734 -0.09413290113197348 -0.03993726647039152 -0.06583874094721445 0.03804676246417366 0.04592357910713066 0.04290275581272851 -0.05796143331652827
 0.04168729460379278 0.006235323661014897 -0.01387735252798913 0.05854795245352007 -0.06124720695825906 0.0559994386502852 0.02600494320882329 0.08336979897440294 -0.02473261102953929 0.02165791149231626 0.04277616280678995 -0.06248085904379785
 0.02461378541936583 0.005424505555761266 -0.09710703594518333 0.03922165859494836 -0.09992774672141898 -0.007138631403460244 -0.08050229861983417 0.08061611050397663 0.01171280778471433 -0.03731273294267178 -0.05180223682599933 -0.05050983234430237
 0.07953128768335369 0.01144030200207266 -0.0915999123104191 -0.07478194683573589 0.09093019266792646 -0.01262887533410997 -0.07027470200242245 -0.02190045547648321 -0.0491211106498812 -0.06719326606123802 -0.07860168110712518 -0.0007640032954271958
 -0.09904134907228183 0.09633044849787076 0.04422603569163439 0.09373052460470654 -0.03990104093808754 0.08563353991552278 0.04603256611825726 -0.09059861478762796 -0.05019750389327543 -0.04103085218583091 0.004933642230573548 0.09168752951230635
 -0.08091256787977109 -0.01005961125195341 -0.08953083834099 0.05644256440209069 0.02502726056669347 -0.06496984687612507 0.07152086680538533 -0.09138838576407804 -0.01026019143538751 -0.01432811663026884 -0.05816414895767685 0.00231759575411597
 -0.0580032706343803 0.07144698762946455 -0.05674833014004718 -0.08079630908383745 0.08166997734662007 -0.04450634905835719 -0.04163424360433744 0.02238562047147816 0.003663980471533115 0.05830273838546454 -0.01663360798505578 -0.06893057937972968
 -0.07694274846681419 -0.006628276684572304 -0.06557991391529133 -0.006608255917994202 -0.09410472410518868 0.04023531391003468 -0.04761504033512284 0.01194628360091765 -0.08954198278374741 0.01165693170902538 -0.07762914268681573 0.00991398085049236
 0.03769956961641413 0.05847515479944349 0.06692411567941473 -0.0890202282610867 0.03092213947796671 -0.06320727716733644 0.06320131121915396 0.01447744100797906 -0.0440058627444809 -0.07104827452158484 0.06536821240833743 -0.02778275473821462
 -0.03499946638336969 -0.02868773280020114 -0.06429513720815529 -0.09654528275255678 -0.03037154243944583 -0.08957626111054996 0.015380510001384 -0.08417114367507285 0.03740619820501795 0.09283395103748146 -0.05589555085502906 -0.09469345640309305
 -0.04049235326726763 -0.001925011691083028 0.06474149782398786 0.003704699223639391 -0.008876982579139797 -0.005148097849967892 0.006425755441088102 -0.09434996420651977 0.08502556828282276 -0.01854215891530284 0.03768336745378356 0.05892615572645307
 -0.05609067908884063 -0.0353547226518444 0.06462568896003321 -0.01147369938991899 0.04969035252029755 -0.06964595065441781 0.01682600923811803 -0.04186397556674223 0.07204518593448855 -0.05473523805408129 0.04096528882536263 0.05152290977444324
 0.07831053574411026 0.007675796065804402 0.02119161542116403 -0.09892861650187916 0.06272762976212076 -0.05444484270311788 -0.01501317454445877 0.04376681054356274 -0.07817316308498284 -0.01217499963941041 0.007058670732543598 -0.02872564361737659
 -0.01963636272910457 -0.0926040168967275 -0.06111162923574222 -0.006715845906062987 -0.08590484293227138 0.007893427031040789 -0.008562223285373843 -0.04151202767300936 0.004630431216774117 0.04897838302255114 0.09092836690974448 -0.07842502361126777
 0.02787487335096514 -0.09068907823357859 -0.006472700180530117 -0.02916351977139757 0.0837096589006556 -0.08103080891499176 0.04585082090434525 -0.06596725724767269 -0.09065898868189252 -0.001990469826143801 -0.04036226390100871 -0.06458861622305181
 0.04048742002490899 0.05878074053838056 0.0797287301398997 0.01071394797815017 -0.03274927109889034 -0.05773506987824301 -0.007390778217688174 -0.01877606165543247 -0.0129910987670479 0.00663893970478506 -0.08410192587451734 -0.08813274087344666
 -0.05377062322671033 0.08132117582750403 0.03251509114917361 0.06451421119770831 -0.09910199134838386 0.02909690587663261 -0.05602056734376357 -0.09954670797736728 -0.09670512885647072 0.00442286432594903 0.09862902660449135 0.08158732280908818
 0.03059730214656928 -0.05804503531083641 -0.07276627260893147 -0.08703547824792668 -0.07331672537979117 0.02333104112139139 -0.07737680536762252 0.0919390440727692 0.09714231903519496 0.01561661207408718 0.00202293415961978 0.05542305558672628
 0.06631226751209726 0.004214031531542789 0.04340963235996287 -0.03727606080432731 -0.02305080957640332 -0.05457282091147954 -0.073307479252087 0.08268694295074749 -0.06392092290880264 0.04792226173713354 -0.04530573686041678 0.0161717385564466
 -0.07283512042499168 0.08988695316964132 0.0004395974545697012 0.08099165321507454 0.008190931865687714 -0.04248651866176322 0.02807479733153109 -0.06145582489302764 0.03914332535950324 -0.04433331810092957 -0.07445164594027751 -0.0209496215782904
 -0.02196264376144176 0.07064545785168908 -0.08228843789466539 0.001774183267020252 -0.02809457799884076 0.08089897402380494 0.09141303924550168 -0.09441268996876011 -0.01237605992251692 0.01162451529019981 -0.06442312162687437 -0.03236454820812623
 -0.09480870144340334 -0.07349503190710772 -0.05924260446295732 -9.364128759570267e-06 0.06182774158845708 -0.0360016992949737 0.09756658155083178 0.04198219080579146 -0.08325534527997477 -0.05725730573137681 0.06021678088643798 -0.05398614505552743
 0.004863073772748389 0.06426296733691519 -0.07040164085810253 0.02384389989178515 0.08877060182374807 -0.07412907756388343 0.07451702327984752 -0.0498803222085748 0.04718008131470511 0.0937922414865236 -0.00289989412508232 -0.01944566593893425
 0.07924540541853409 0.0332523575881308 -0.06620068057512313 -0.03753186143305375 0.055226657365684 -0.02431459172997644 -0.02080400918139008 0.03104031696184667 -0.06416290940931735 0.09711370198892172 -0.07541093692847523 -0.05961824208667833
 -0.00269599989451616 0.06634086177333362 0.0940769193680322 -0.0930880319299396 0.01696597495002605 -0.0918167744721082 0.05744691252319004 0.07171581496553106 0.002875901591163937 0.03808040240516797 0.0410659405312957 0.0006951661102212736
 0.0856572951844834 -0.0733188420455655 -0.02041524969644901 0.02262289566003206 -0.056178209246614 0.08424843361293416 -0.01255664475664645 0.05728627628522673 -0.09063046965311657 -0.04764972658715873 -0.07431643291218182 0.08314309022632294
 0.08774861179009252 0.0320562783998472 -0.09810055111706451 -0.05532939124015265 -0.05943691011197069 -0.04232122066922725 -0.004166782322210474 -0.07101429973705932 -0.007885033491001323 0.06732480440633906 -0.0202115265543997 0.0537056944686963
 -0.004146775989622042 -0.01931471005901578 0.006377225430959643 -0.03799499627051183 -0.03405642036293097 0.08044659812714833 0.08145386234771401 0.08155735300248307 0.0338333435019523 0.002941337849830236 0.09342140666249307 0.03167992865128477
 -0.0514580759154668 0.007286839276260906 0.03739445505401803 -0.08162756490275488 -0.07348571152628781 0.01774989242644114 0.02281013114591506 0.08409541895432004 -0.07494419839858008 0.06315783657346072 0.05633694617772764 0.02887501488691099
 -0.07525704782475012 -0.01471767422188058 0.02627308343124685 -0.007991398996564744 -0.01581601151962929 -0.003347728699278671 0.08912128208966963 -0.004767910179514848 0.07680749069274057 0.08726044822832693 0.04156777352322188 -0.05569902533352195
 0.07364163194797627 -0.03554336623157577 0.02918950403296877 -0.06529740582956123 0.0351785380257052 -0.09973572076685482 0.0744608315646528 0.06942438787146757 -0.04948589270834346 0.0752804757112219 -0.005783962761971115 -0.01195383877825024
 -0.08673864767443529 -0.05478972206009981 0.07793857691593661 0.085780261251514 0.08400302105095267 0.06334882672932721 0.06979991097727281 0.01978480041637147 0.00983289360644013 0.02980446577246174 -0.07467076621143802 -0.0098714142840539
 -0.01944820081786661 -0.08946065427600049 0.06265187110668402 -0.03635606433812265 0.002551790806272436 -0.009082175670021314 0.05558399365888853 -0.001236194458687515 -0.04185568767594649 0.006754151338848935 0.09245824348541534 -0.08713040964982666
 0.05537643982033416 -0.03510863213757973 0.03685277155915495 0.02433033395886949 -0.08093195812188196 -0.08703538938738684 -0.09498489387177128 -0.07644331384313952 -0.01121704380668741 0.07616324230142849 -0.04867163122032138 -0.04720408934723502
 -0.08527474176979472 0.09799794704454817 0.07198510711267606 0.03571760655617168 0.02872941269410806 -0.09607337935952322 0.09629399187577428 -0.02050801417371005 -0.09597417999093009 -0.05370622049741735 -0.08175952336520713 -0.03467530008351165
 0.09737683796276905 -0.002191550537143247 -0.07645603251535424 0.01766514945490953 0.009683831872272286 0.08902521494537396 -0.0755188882902795 0.08897682183791281 -0.06285347230934984 0.06834519110971035 0.0708242541168021 0.04616494907462518
 0.002583178652343143 0.0463452490840732 -0.07178979344597222 0.01095211416860428 -0.0446947222144423 -0.06628516269965593 -0.05419779914595174 -0.02390215009740732 0.02893383957937595 -0.01269995107111956 0.07442185138116864 0.005581239480260874
 0.08134008541383606 0.005928673256367895 0.01407871831651122 -0.003523163646617394 0.05074596789809965 -0.08806332669595056 0.05920198128594348 0.07876111966913815 -0.09293202832274194 -0.02432444704909192 0.05449536827250911 0.04779047945260176
 0.0541081374173297 0.08637497888426177 -0.07277736733534225 0.08300468524791171 0.01264709245507908 -0.005936117233619961 -0.05259134982631267 0.06130817510253578 0.03484168130933438 -0.07507119291411266 0.07916937771120808 -0.02558387524113719
 0.02944550156354178 0.01169480036311119 0.04190710908318027 -0.0351397372112888 -0.01601630662780697 0.07948199642654255 0.03895557760699714 0.06509499097532867 -0.04320787687786864 -0.002409386648115797 0.02580107685097838 0.03450330619612982
 0.0244899873475706 -0.00452072003295835 0.0527035612864209 0.02800844571116654 0.0873413403951509 -0.05802726988244666 -0.08620016756457047 0.01116060957733991 0.09908970880850604 -0.02194852332197171 0.03586357735353671 -0.02583012264479546
 -0.08296078590822346 -0.08500080301711693 -0.08324679185276286 0.05834713535056643 -0.05445910366107437 -0.0332829376158114 -0.03625985324662293 -0.09275245659940853 0.02135475179486816 0.03450555725881105 -0.03655795882574814 -0.0238652944060229
 -0.08631954516892335 0.05784089950797985 -0.01639493948250489 -0.009091372133292572 0.02192198784052032 -0.0955180553678889 -0.05227650013054314 -0.02659180181341508 -0.04515034087647446 0.06587222961162223 -0.06795799176964268 0.06410178677498787
 0.02281107952509569 0.05014697052681372 -0.03898711813372272 -0.08026836358267823 0.009492027479384227 -0.09879390314289702 0.0412802897935555 -0.08226129274250246 0.0445025196054866 -0.04084188452430654 0.00904068843727171 0.02464486153146477
 -0.05558913818683456 -0.07316774043129956 -0.09029276635709194 0.06037092226029347 -0.03007987946430352 0.07820576089791689 -0.01202054465123623 0.009347326363431788 0.02651026734903564 0.05347120454387105 -0.04842676521661561 0.09991339622742498
 0.07268415630200664 -0.05220143922701871 0.08396341557821427 -0.05213626382075093 -0.08812865308307066 0.04271148727866753 0.02100809485384318 0.0683555239640497 0.05233776441579488 -0.04096962888863284 0.05273868548472013 -0.02481058979306902
 -0.07199801686854961 0.005299070124326288 0.01677680344677476 0.07371685710515963 -0.06334862788488677 -0.09982549235342175 0.02709070641842887 0.06168667995190102 0.09664649971492661 0.01259943661314644 -0.05979755839538956 0.01605945994478993
 0.0798789553682821 -0.03046011524635399 -0.007143457923716609 -0.06077846286352685 -0.07233575419753914 -0.0826135978963369 -0.06426625120806286 -0.08069651903574915 -0.06379910885589991 -0.009818955710735308 0.08703967393421241 -0.08843685865889865
 0.005933618855670092 -0.01642767066992926 0.008731975918084306 -0.04475182462564441 -0.009406091908576455 -0.08896607903667798 -0.02202337795292691 -0.02390211206242575 -0.04919382001747507 -0.01094151704037385 -0.06697127738461861 -0.03447129250162703
 -0.06901900356598979 -0.007496096233582814 -0.03349236825081404 -0.0698447751514986 -0.09356144018011925 -0.05333941544908699 0.05042569262975713 -0.0485080539023495 0.05459675745263207 -0.02235800410070975 -0.03306683194472043 -0.05538403923958934
 -0.01695126387743343 0.07721266100380159 0.05398822564714562 -0.02620222020061597 0.07916194087076761 0.06285116968797488 0.02767500124607966 0.035569067851491 0.03355756335112828 0.07363360933572469 0.03929452064322508 -0.009505024841757428
 -0.08991090001919685 0.08879963892436624 0.0240753540849582 0.08154253168172448 0.05916280505843385 0.002061272387284749 0.07498329368249718 0.05499310065696258 0.09699818829590778 0.03171210846847758 0.09500547671725451 -0.09006176823159211
 0.03584380946794713 0.009385227521056888 0.01026946759465375 -0.06183733656627476 0.03197664833909988 0.05623224823109024 0.007661611139493346 0.04270188738588498 0.0926301739784329 -0.05852159108226217 0.08095533066176672 0.01332018235053493
 0.03152333944689648 0.002166175360591799 -0.0161336739730244 -0.06486180068269401 0.03371075392766329 -0.07527058306360945 0.01792016358467467 0.002274429515763024 -0.08421415547941584 -0.04478008396216552 -0.006816134159836007 0.04696556386533132
 -0.006550861148459361 0.07557278826808872 0.01540868530242437 -0.07404074769451624 0.05532330986529635 -0.09214616880348563 -0.06446448240432845 -0.03689681256580672 -0.035652852317338 0.02162048730001072 -0.05011765183860534 0.09660111867422924
 0.05546775120671985 0.01616187193171026 0.005644807445897321 0.05446588465506919 -0.004039023890426305 -0.02492884850872698 -0.03074712282848817 0.07561707312752414 -0.07931088910228805 0.05980172798251288 0.01663569542878143 0.04085500044761933
 0.02241235039053127 0.0474190691817318 -0.01575378104065175 0.04927831173576297 0.04705566315897811 -0.07638616029864295 0.08679307233681627 -0.08441655946529378 -0.08333389294952032 -0.08371005684061107 -0.06357957935865446 -0.08070980846723731
 -0.05423375668707996 -0.01030527751586935 0.07673272077284185 -0.06038468800104688 0.006098954704673518 -0.01639882090572867 0.05511188539502873 -0.07011568639165726 -0.06237896080849611 0.0905125682784593 0.07865326638764994 -0.0425042898988299
 0.06679392872615403 -0.086056183900413 0.05085827010343455 -0.007454559963236018 0.07408533784391769 -0.01344202513918837 0.09088765339267565 0.06282886707456617 -0.08758977546690061 0.04251313330088985 -0.05037275115220871 0.05781797987720197
 -0.02968522011452239 -0.04677550524095206 -0.06873719374067086 0.03043326200183852 0.03994595654018906 0.06317480945011233 0.03110882813175522 0.02441341281906104 0.063774637463619 -0.08985073924990261 -0.007402215610228191 0.0879919098524958
 0.004734746708300624 -0.07735496761259687 -0.05327779420199105 0.08599805231669383 0.012055966596401 0.08875601459721974 0.04882505134723847 -0.01478708484561259 0.0708418338098584 0.08258450506125511 0.03706190013763672 -0.04740489170550001
 -0.08819593086973278 0.03293298222251195 -0.007342290069134644 0.0648937171171535 -0.04971078171909615 0.02328344750436269 0.06915875274875291 0.05753810405110008 0.02677980720387491 -0.07671800077711255 -0.02158784452573806 0.06191356260221562
 0.04296728731027777 0.09911441490673997 0.05494453731061738 0.06940526028337904 -0.07605593681387603 -0.09062782220247996 -0.04825614029407469 0.02100577478872401 0.08284243637667674 0.02184642967586799 -0.04805250104979372 -0.05203034582836205
 0.03142808542900202 0.03829134296385944 0.08712060955653145 -0.05813791228904672 0.0231032061122686 0.08317029046138114 -0.08180513797817139 0.01001908924572717 0.03034729905799927 0.05559841242735813 0.02601858751870154 -0.07699182671917741
 -0.009526673086297746 0.09358076651344949 -0.0358679600206569 0.0099193075908834 0.09726264969180062 -0.005758983090051878 -0.001072742267881982 0.02143850384122922 -0.06402007064204875 0.004559098431992564 0.09964065561530319 -0.01644479745118065
 -0.01529495819550006 0.04988253363170728 0.07620464013741834 0.05019160768534156 0.0631933441238077 0.04656849316617967 -0.03425705772881228 -0.06825247029176071 0.06585314808073311 0.07159344984448532 -0.02070646911657187 -0.01938306979658989
 0.03003490006044948 0.07197729676934103 -0.04275732302301937 -0.03407486272976191 0.006532619216568156 -0.02008450802815281 0.02976084814186628 0.04140087777162718 0.0120317552288336 -0.08035476965965628 0.09117181709596217 0.02751117895802996
 -0.06020407480942759 -0.05426198688619871 0.0858317616046069 0.09249125197877778 -0.005905520427957903 0.09747450271480312 0.003218795600330199 0.02560917248049766 0.06062469530249243 0.03252069017161049 -0.09189678307088182 0.04056318268367626
 0.0001142697799649123 0.09986324436943544 -0.007319196554297261 -0.05467560079667255 0.06940084197971039 0.07611896787832886 0.09395632074080507 -0.07515942124791428 0.08494614511356072 -0.0629300360918465 -0.09352002287398928 0.03796474442912937
 -0.07144715012319336 -0.04301383057965228 -0.09330267043065685 -0.09347990668644508 -0.09146058983923526 0.001813346054909085 -0.01626197729456286 -0.0745525078962474 0.03169333077429903 -0.05304367169835264 0.02201109328907595 -0.04260634085071117
 0.08367622809771288 -0.0167408436372499 0.02857410210214884 0.09767043749947432 -0.04985045265863467 0.04705746319426637 0.08953653547523119 0.09249772794261146 -0.09237434746046018 -0.03627430927038608 -0.09210228925763142 -0.07113003608668639
 0.00781421790595152 0.04044698401994354 -0.08747862167923171 0.00164100831321265 0.0005154699155706793 0.02698158752154617 -0.06974355692308892 0.01720141463030192 0.09510960228436457 -0.05516886920680165 0.09479316933960577 -0.04763086887508666
 0.06648647156553819 -0.09861611423303662 -0.08525013115844775 -0.04574832792933378 0.07313979800332202 -0.02195945287027665 0.05675579423951324 0.06862665255365447 0.06178463881068499 -0.02062638929677488 -0.03331607664687487 0.04733018173524148
 0.0956968230147052 -0.09437448986412375 -0.06903080031250676 0.09755474105900205 -0.04961661917547255 -0.01275618935234796 0.07032634416885947 -0.02769912455641667 -0.04083449057765331 0.03235113369158821 -0.04699207807495555 0.08737179690995706
 0.07031479322494122 0.003645107688792587 -0.09473884309779379 -0.06879008378159451 -0.01456102407018957 0.01507638477116029 -0.09818705972954 -0.002967129509855143 0.07400719536345784 0.001866382105141423 -0.03858847306248334 -0.02737316564917108
 -0.04265392580587218 0.07717016870163182 -0.03420034056580028 0.09684067366363322 0.09370278935891316 -0.06204278824455555 -0.03074456391218496 -0.06552233166174684 0.07913105332407563 -0.001600335303429373 -0.06922572663562016 -0.08059537731308059
 0.0730183848964914 0.03172807168341502 0.08444545508875376 0.03901956605983881 -0.04847270485290022 0.02179615353496564 0.07978377892546709 -0.03458627316864717 -0.09033227038392716 -0.09518204418507142 0.001404827934563757 0.004539956124210362
 -0.04725437789888828 -0.05078077926758639 0.04372024176229219 0.0662271703299106 0.03530219274517174 0.09668581451375455 0.04736264601593868 -0.01848181327741275 -0.07977821397230224 -0.09167445402033211 0.05664719477688157 0.04431085889778993
 -0.01490147725398888 0.05371901152219735 -0.04777226785541294 0.02737854275894119 -0.09705696866495603 0.06073552409436134 -0.05985835596472353 -0.05646900538377639 -0.009032383366619837 0.03311355272315109 0.06688370680953187 -0.08049996065540097
 -0.06872446930920663 -0.0747892310860047 -0.07456645550841465 0.08461861763508263 0.004039221750715985 0.02552018816716495 -0.04479859479418093 -0.003938660393073751 0.09978233977665601 -0.07118237411808975 0.04867207512183996 0.09720811297604975
 -0.05659794057117373 0.08503978968142414 -0.04840780824387134 0.04414065050597019 -0.04009245102499694 0.07216091069259287 0.05490493179178899 0.06774967520528927 0.04923644780264677 0.01862345283703151 -0.04707208592230928 -0.00635274347451259
 0.05353909448428595 0.003711432496748213 -0.02941159922001807 -0.03807171741920267 -0.07507291715330788 0.02712356950961992 -0.07815295448767678 0.0839782512017708 -0.004476962411458479 -0.001884107612938501 -0.06924643577322333 0.00186591432407128
 0.009668277116134535 0.02814115547603918 0.05945087344802588 -0.002797714741041568 0.03741558121771704 -0.06659945903105363 0.09862415386157564 0.07156355942633708 -0.02352658386152315 0.07189452765376073 -0.09807955232453436 0.07360482457215176
 -0.09963485303460025 0.03873636586419396 0.04171912776904854 -0.04823675084663181 0.05315050624765594 0.02876816417995534 0.02850212169714056 -0.004616576276320519 -0.007810616915256169 0.097516461855466 0.00266619564816864 0.02264559975092566
 -0.07603261152551 0.01344170074392041 -0.04157362456828656 0.02603911399783149 -0.04528512525072234 -0.00823473480517975 -0.04009401554339945 0.02343351433492262 0.06417207450566137 -0.03840599782750686 0.0930479663685635 -0.05249419613109266
 0.03108912122205632 -0.0912471702839055 0.04120154273518323 -0.03406220509325932 0.07304622623736032 0.04565692181737835 -0.03026146939300106 0.05754524151456383 0.08790529984416542 0.04353238633283388 0.0009845917237784052 -0.04310158663552034
 0.06670587228580868 -0.02307818376669038 0.032346124724137 -0.09231675658874347 0.05490682987355971 -0.03797939510479914 0.02372287115587804 -0.04272808944534671 0.07968371550386141 -0.06910748568225748 0.004013113272783392 -0.09623811313005767
 0.0542009372113908 0.02233273590103808 0.007940913926705623 -0.02836413897593187 -0.05405936038993472 0.05859695580971191 -0.0094025273396727 0.02554283863068377 0.04797237034098029 -0.01264549813937274 -0.02001104015119906 0.006019009292255809


