# Created by Octave 4.2.1, Mon Oct 09 19:12:08 2017 BRT <root@mosqueiro>
# name: w1
# type: matrix
# rows: 50
# columns: 12
 0.05841231084976201 0.05957668865016749 0.03567450301955513 -0.006001677939522249 -0.04391766880312663 -0.06872970007361313 -0.09384033273644281 -0.03357262974649512 0.01817339614460001 0.07925927833438348 -0.01613303010467276 0.08185708295672992
 -0.00489136125515556 0.04977243959765179 0.09362467469707805 0.06149109128018121 0.03459579596512247 -0.04083012617036005 -0.01875912588567488 -0.07259684534391821 0.06870066806861039 0.01175301531071822 0.01761937520418658 -0.02300677988685237
 -0.02651636011569906 0.0208417488548881 0.0296902841261576 -0.08580682856741817 -0.0781284298717792 0.0501623732303077 0.08539080476052993 0.04415705608754 -0.06129380382339655 0.0289617874157384 -0.07353473406143723 0.04149312666451488
 -0.04182933687410585 -0.06925155222762175 -0.08239096491295832 0.09195939832101838 0.06783357538433929 0.02460115347737216 -0.01427787105771677 0.06049686760594405 0.09742192320802157 0.01948801491198784 0.0368114037012742 -0.00109668437506219
 -0.07929056818457349 0.04438629498345389 -0.03706859503274745 0.06010340203752559 -0.01458249161671422 0.04657177698550069 -0.01191361881881267 0.009103144393298956 -0.01622011030345795 -0.02817547291710636 0.05544656463728792 0.07436925173254202
 0.009846670688423903 0.05580400100038269 0.05527252102804855 -0.07822097661647169 -0.00304606749566369 -0.008788101440628568 0.05750123706243146 0.05421723405764872 -0.09530690915530006 -0.07782068256840619 -0.02726800448375992 0.03875629939839276
 -0.03354950314419423 0.09685828107660138 0.09534941344469836 0.0828756431676223 0.006325150708537786 -0.01651725817847637 -0.07091468130365339 0.08323948595687655 0.07874203007080968 0.02893007055390168 0.04591026504404233 0.08084384343094214
 -0.05301124353618104 0.08660062519462586 -0.08846643868990367 0.04204779036309553 0.0733165155635932 -0.01384009274906149 0.06165774131158483 -0.06624002739645959 -0.0810404797070904 0.0817736212010152 0.03028511182451654 -0.03659570728544612
 -0.003902081912023111 0.02812681324154223 0.094154115953967 0.04162403720990598 0.05007881683354973 0.01400566585238402 -0.06217565844927721 -0.01840573404125144 0.03924608863443158 -0.0203052528671419 -0.03637945688779133 0.09014787486606948
 0.05297671223666528 0.09894272489245212 -0.02222068300343426 0.001713833993253339 -0.06843144952570082 0.0966324788015813 -0.07269462102543291 -0.05017609145328389 -0.03060612869253493 -0.07368711156037444 -0.02264692811854735 -0.07906290881083755
 -0.0192996219593833 -0.07388598447648009 0.09968862383738378 0.03636151023073683 -0.03735906876722116 -0.08137024240172938 -0.06775784507044559 0.0158159650515753 0.08551283801383791 0.08107524485520698 0.05950179012718373 -0.03752808406981387
 0.008859518361621715 -0.04285866408094294 0.06628521416758923 0.02288832150821096 0.05457470391118358 -0.07028430680171616 0.05117773437725454 -0.01337792190756976 -0.0540538866218839 -0.07813932147545277 -0.06676482262119418 -0.04394077339184793
 -0.03310675682168879 -0.03758524466636192 0.05052811213975922 -0.06309286364640806 0.09664703339110448 -0.09570375793378991 -0.01072713992812271 -0.09849289619255576 -0.03606383868294792 0.05297174057308537 -0.05833297335680076 0.07885139786952763
 -0.01134880427226949 -0.006658357267231838 0.0871675769436249 -0.01414778307336742 0.09572550124834386 0.02848112646212686 -0.01912875337295285 -0.03738066857699564 0.02184005304802501 -0.09361074553935068 -0.09100197963419854 -0.09776731193269068
 -0.02337784897955232 -0.05174591615030941 0.06943156173585505 0.03204726957001175 -0.0301239773827645 0.09641136989461552 0.02080210336239008 -0.002883519101564008 -0.06449406511272904 0.04483895525790493 -0.08623713743889765 0.04122914297340596
 0.02889327347029788 -0.08867045456620594 0.01580968461370032 0.07763738775706039 0.01630285997069743 0.001318972577957073 0.05035943741004939 -0.04349105030419841 -0.08184353378784372 -0.05376534955320348 -0.09385319612079465 0.05151291842301217
 -0.07037873992823153 0.01063202155838794 -0.06808579067752113 -0.0441482683122825 0.09114614475294497 0.03958793536348754 -0.06546579661338872 -0.04549766082668482 0.09148041889214859 -0.03541928316992647 0.007312497680026883 0.09603696775528978
 -0.02674281437168972 -0.06663758200145542 0.02656905363816572 -0.02205818870377917 0.08778245504807478 0.02153982575561122 0.09505185339479691 -0.02738222562742104 0.0674504395779674 -0.06438978905734322 0.009444257742741519 0.04403065530029762
 -0.05478489765908891 -0.06603204868987302 -0.06903266946749435 0.02645654881923276 -0.04453260395354176 0.03163764988502821 -0.08593402316816794 -0.0460683734698992 0.04097309281260691 0.05021288494091594 0.04742484789439488 0.06051608966200908
 0.0007753751293743394 -0.05960232013063459 0.03195996767411763 0.07939896630446261 -0.05782199528804763 0.07934166039890184 0.02955203251186522 0.04530604938608157 -0.03537291881622812 0.0612044959846901 0.01509980661545851 0.07547468552492284
 0.04748184202865185 0.07146195677241748 -0.09597709282159041 -0.006062085139315707 0.009569500990159185 0.05066191087131894 -0.0336022748821475 -0.04330601207850193 0.06697624502654545 0.01949281071150484 -0.05359550600685371 -0.01386078446804692
 0.02336459319968516 -0.07975768338466954 0.06523757618831866 0.0306221226666587 -0.09840626184379912 0.05300386264534698 -0.08995168849402251 -0.01384850899473494 -0.007636396004740587 0.08693528057813549 -0.08661336105585332 0.0852321388762006
 -0.06676977332806766 0.03000509152140357 0.07980886067440371 -0.05730741484531204 0.06604810198319161 0.0648312887901164 -0.09881156667842934 -0.03722097018325045 -0.07409166286247393 -0.03034070252162328 0.0477514359436208 -0.04922048103161924
 0.06496834258426057 -0.01177717922956144 -0.09280798564764403 -0.007454271416819078 -0.03800345230920094 -0.002105475168983059 0.050783558671153 0.003264531129762591 -0.09646196840005324 0.02521885943139812 -0.07384271578779923 0.07846481529517954
 0.07178862418197493 0.03743341649783438 -0.01778441062170742 -0.01775238029757099 0.0126802829472146 -0.04397695572169874 -0.09663254581128357 -0.05301474678421186 0.01322766735082018 0.006086458406375186 -0.006932418924990552 -0.06405541339958211
 0.09765779250742199 0.07659133297642906 0.09741010521818264 -0.07376367943183974 0.02798680146387147 0.0480156399286254 0.05559214778391219 -0.03910597711653211 0.02857732496809501 0.06359752617156433 0.04982958069005081 0.04552407937734523
 -0.04662890372451486 -0.07874675156156519 -0.006653705743588006 0.07876231004974726 0.08580407270160301 -0.08668543390218605 0.002697076360651945 0.01395021292286731 -0.08741455679878012 -0.07368829483943663 -0.08926906132779235 0.0349586409529859
 0.0007677437898984951 -0.08331962061810902 0.06689978052840223 0.03275072420506128 0.006062858621818615 0.0661559805086219 -0.02451883187454715 -0.09297302638882632 0.05896297497538125 -0.04826992644423415 -0.04223014756767728 0.08171519206353076
 0.04663069278458534 -0.0623613234696761 0.0706616429226728 -0.002015831061679671 0.0883561299658224 -0.09672049131072855 0.0790806850084215 -0.02392465395621189 0.08921557743672873 0.04890054694970786 -0.05359752579458663 -0.005965230784324524
 -0.02495483868589045 -0.01731272722695995 -0.07824389473464777 0.04151975141586503 -0.0180779284634778 -0.07502794534625613 -0.04785330032917549 0.03337375579161395 -0.05246336521960594 -0.02169711650701853 -0.02774785235300833 -0.09466650532632316
 0.0879807631075985 -0.0262200132010204 -0.08657893705090908 -0.02111594463075034 0.04537486609191616 0.0410452149218696 -0.09087376361733442 -0.06954799816522474 -0.0478301451501061 0.07617710927687463 -0.02668487022561504 -0.01057521154973781
 -0.003614507976513054 0.06150625189587205 0.04062719171035767 -0.06176092436619784 0.04257320561542782 -0.08494188222809357 -0.04894977393955805 0.009574477893282404 0.009350627974434603 0.09695996355817399 -0.09399764003783018 -0.08128263542007139
 -0.06234900139733854 -0.0369600583756074 -0.005803009556407057 0.03986912934675052 -0.04666736663502508 -0.01057954918366787 0.05030321398808849 -0.05322619656639895 -0.06259766155408236 -0.07860613720028524 0.03890055786191315 0.02880628972379212
 -0.09698825772794022 0.0241754607804999 -0.07114745189529945 0.04768056192221376 -0.08501350686175052 0.03988993714142747 -0.089355536205751 -0.00993525527940628 0.0460596576355245 -0.007188406848656681 0.09801985409200734 -0.01905719405632521
 0.0714263023875637 -0.04313534672405121 -0.09193261554067757 0.05617562984531582 0.0426955435850771 0.02650285904244382 0.001267711631480234 0.02101706538337425 -0.04241337768718449 -0.08986309152080786 -0.06544925507669354 -0.06662347478256761
 -0.01762007757482628 0.03305640941219617 0.01130686945799975 -0.05959583703709953 -0.05631486803465179 0.01612488291373126 0.03257964443841052 -0.0242910493189912 -0.02097971005305423 -0.04973956147730606 -0.07913669460416485 0.0372946258553167
 -0.08577314153595914 0.03370699163245189 0.09096642445761632 0.0315426534906558 -0.06446697123747883 0.01161038568270378 0.09221135380891096 0.08469631912450157 -0.07435907427597405 -0.07685616107678694 -0.08985979259231322 -0.0262281311943838
 -0.0374250779027728 0.08410428467685521 -0.07990639062308186 0.07469991809526327 0.0141408358426474 -0.041368288603683 -0.01569307082313841 -0.06718866183679983 -0.09194725981874194 0.06331596156511379 0.06166394603986389 0.09369945709629274
 0.05855621235873495 0.05782874562079626 0.01642177943405312 0.04240060109508725 -0.04789949872449396 0.01778112771021152 0.08066092415749382 -0.02077149141051017 0.0414810605975578 0.002309456680800362 -0.0002021567721753742 -0.04311461290506655
 0.02418145412222303 -0.01496316647759742 -0.05748615102287503 -0.06531445085890733 0.04218563921226823 -0.06711006127521169 0.02182019649054759 0.04374879814174987 0.007216771300336267 -0.08738957984850132 0.04001519346474766 -0.05975857327668121
 -0.0138601965250388 -0.004928045815142626 0.09341932128466443 -0.03226906953861698 -0.04215544562131336 0.03061364743312384 0.03911696213294255 -0.06544270067393118 0.09694139035902832 -0.06819568184296168 -0.02232953690378793 0.01421549400639879
 -0.01957127535437972 -0.04908894985282317 -0.04775741778619474 0.09609256492812079 0.05046292574410569 0.07675424776825576 -0.0649915666524285 0.004750052049566064 0.02477634508156439 -0.03365094201502584 0.04401693030767337 0.09249124641428458
 0.06507633307279698 0.05160210539373308 0.02934859144647992 -0.02365187554854052 0.00375889834244432 0.05479356828029591 0.07818971948657358 -0.00960292950456737 -0.08640702997435669 0.0676168354712669 -0.02238654197386022 0.008173357155266903
 -0.06023227315287866 0.064160266897763 0.03664026805801571 -0.08071716699418068 0.0748162513761372 0.02565924065469855 0.0593422251476334 -0.07898738055622451 -0.07324566894552642 -0.01835811717486605 0.05179521049299179 -0.06763805659080463
 0.04553634095082595 -0.06832417201864374 0.05112628234840708 -0.0004066225322930384 -0.05902272462877502 -0.02045797630713783 0.05353414758770342 0.09492347025437659 -0.04550488085824494 -0.06908601861415758 0.07128091596236072 -0.08325897274548186
 0.0169459534277506 -0.02809323605244295 0.0001064611390133169 0.03836300408176688 0.07747988252829771 -0.06003919455115429 -0.09521668755011745 0.05172108005735718 -0.05531359935364216 0.06146501392786571 0.05036957176120868 0.01814421992708695
 -0.005759749923517035 0.09566227383197837 -0.06093551832830114 0.06777700908817899 -0.03714189261076171 0.01312675731597837 -0.0006790161822704255 0.043842591930498 -0.09131056740625638 0.02276787512188161 0.09204734480777418 -0.0461268840652172
 0.009330604410736673 -0.07432776939628188 0.07725607135722201 -0.08571049282762534 0.001951761459507262 0.06574577818641777 0.09148013678902511 -0.06221221282845969 -0.007567217199565088 -0.08203783483405926 0.08114491299095292 0.05511251061554309
 0.04170984010057407 0.03533202227265511 0.03890128010689006 -0.05462056397739136 0.0819652598957594 0.02070496695995552 0.02092209458030654 0.01861551959228705 0.02093819754485264 -0.04110214283870094 -0.01138730022382653 -0.06505658728200145
 -0.007195535644388032 -0.09499213519354074 0.06561171070197899 -0.01890780141907213 0.01805656077858069 -0.08316568364416599 0.04957439701311142 0.05929606181323099 -0.03707646833690334 -0.05348859213056213 0.08652805219490267 -0.02155501155394603


