# Created by Octave 4.2.1, Mon Oct 09 19:21:52 2017 BRT <root@mosqueiro>
# name: w1
# type: matrix
# rows: 50
# columns: 12
 -0.06586400762814779 -0.006382674037609629 0.0790073244262097 -9.842419141095626e-05 0.07100574022748374 0.02832472738765598 0.07527710235560289 -0.09132133906355523 0.0471448706844742 0.06764923907397638 -0.004318501498296171 -0.05452526935266164
 -0.01871344425619972 0.02722494586889607 -0.06483792421347703 0.06817793412710935 -0.0427179514267919 -0.00537004356724155 0.07732850188376172 0.07928914812798532 0.0687327381003556 0.009902702037099531 0.001071681328810498 0.04500183628403004
 -0.06119661634077923 -0.04620863664959333 -0.004340592071609292 -0.03632703548734677 -0.08621676953175023 0.06977143845603295 0.001072692135794501 -0.06162128516342239 0.08286956946245969 -0.09936398602067868 -0.09491519439241475 -0.0175424040528063
 0.08786701509222905 0.07596183325807856 -0.001596293707107885 -0.06152796157048884 -0.02719940230503436 0.05892616225065878 0.04711977231028169 0.03832260757156453 0.08850813008225938 0.04696543784683699 -0.04120430634431044 0.0711488161289606
 0.01708039141019266 -0.003021013104146875 0.02281084887434523 -0.08718419077652537 0.04413143879832321 0.009368202490454711 0.03078891427359348 0.07651741182412183 0.03475713676209696 -0.05346019167773632 -0.08627031902512987 0.06484879153933112
 0.03335358553659937 0.07096191354112649 -0.04239680645397198 -0.03674255261643843 -0.05157566295414212 -0.02078056656424651 0.06578581113672907 -0.08675796934073296 -0.06898006205433138 -0.01053446112343406 0.01233752773310004 0.0513743970781817
 -0.05131540470896546 -0.08135227352136121 -0.06646591997427756 -0.09685219808242396 0.008559027837295119 -0.03488274971221925 0.008579351980293845 0.01230852331005383 0.004029398656622996 -0.09198672171784583 -0.0924874536389505 0.0890924794803912
 -0.06071707093387248 0.06989366493464252 0.08743664336907686 -0.006170701549969043 0.0006333323091932269 0.03384209022161852 -0.006469592429499835 0.09743475448762642 0.0285346641429112 -0.02252021433229125 0.01557677297153999 -0.008241942825966658
 -0.06423785181489222 0.04019002158537227 -0.01197034513110248 -0.02273511651016685 -0.01855424150880046 0.07246740925582304 -0.03352048473590584 0.04683651428296609 0.0670626717082359 0.02011973607458675 -0.08248160563830326 -0.05594570631531187
 0.0003807321646945167 -0.04722887993465009 -0.0240124001568662 -0.07660470610627279 -0.00425989829491849 0.01734176271814951 0.08809145575122068 -0.05830380532405809 -0.02589440060644897 -0.04298847697149734 0.06190160328978636 0.03081475425452157
 -0.04196170054522827 0.05750240548366553 -0.04176433255317714 0.009402909518665542 -0.009086358771967049 0.09242737329934977 0.09870863951200703 -0.002781826475935861 0.05511544949831854 0.09107583945388723 0.09761874309075644 -0.08910795354779394
 -0.09550091870264063 0.01426888080163466 -0.01227899326365597 0.09347935974280214 0.06062866695567379 0.06188358565374916 0.09961083366456625 0.02799128428126646 0.08173387728566353 0.009650346482152947 0.0920612994858607 -0.01676111186790033
 0.01289308102685054 -0.0586071506260668 0.09070952750837294 0.05988260720698291 0.08173991888788368 0.06604412580270577 0.06644058224449459 0.06584823040873894 -0.007714260356286209 0.0719639766850112 -0.0582871629582863 -0.003119113445612248
 -0.00263638851366145 -0.08047685535526483 -0.07080437244349236 0.01521297379038607 -0.01567208891959129 0.03788106179866274 -0.01811971739196018 -0.09852772758993457 0.007944256420000406 0.05625791077376674 0.05998167583914235 -0.03204523499553445
 -0.08299829224349625 -0.006012657960711792 0.08076926417337602 -0.03039358385747269 -0.004683586563254044 0.06733398763543383 0.04149303907733248 -0.07002326020472302 0.02451590799829317 -0.0390048940181929 -0.004666458617419975 0.06119112248519878
 -0.06006961349820016 0.05819238468107338 -0.05200562134134976 0.01024947000522372 0.02976168251319147 -0.09294740172266751 0.0789465977615221 -0.08637068026124473 -0.01525888474073668 0.06820054680176749 0.02055568121457765 0.09302847484513815
 0.08007525322416695 0.02195071343935917 -0.04335306637641709 0.09221644544614302 0.05471733481585406 0.06838125479120891 -0.008671459634783427 0.06123262850734676 -0.04219329812030263 -0.0919899062638946 0.07014533037821588 -0.08698553145677032
 0.02265042373370343 -0.03199057017423909 0.03022809935409765 0.02659229581052416 -0.05732903027973277 0.02569482848071811 -0.00824640335407277 0.0549199835863757 0.099969212309449 -0.07041537312841714 0.06224913306241653 -0.009833414894315301
 0.05380073596349358 -0.06468840167325829 0.04758577089998661 -0.03083757467580793 -0.009281169247192744 -0.06121145022860865 -0.02805480393416772 0.05491821061931254 -0.02194253819488753 0.09663576362972567 -0.01384058478720238 0.08538955309680557
 0.09083099223734423 -0.009982880132548361 0.0143214574849599 -0.09338664028204413 0.06889667268105101 -0.01436330438693992 0.02972376408678232 0.07182710727118552 0.08425161561273548 -0.003279127242912988 -0.01342873346277215 0.09533789010910224
 0.03792824751926449 -0.02194029221750683 0.06375677420858214 -0.07625077997612534 -0.0204412438062718 -0.07500888525340604 0.07002136363951536 0.01608914598403761 -0.08516208438644718 0.06534201120697042 0.03837700528244309 -0.07016402766085673
 -0.03069642652487282 0.04774786288208083 0.0373021178624075 -0.06950665884150554 0.0534912631845654 -0.04706269211701816 0.07767042670157892 0.001972408134784276 0.01925437809045147 0.005864419435809731 -0.01468550526777132 -0.03230018572512933
 -0.06570955203910568 0.04547970522626404 0.05114481762951198 0.0765436254198289 -0.06906875490389636 0.003046845089725705 0.04770551606424148 -0.07340154884710215 4.3668348446671e-05 -0.01406506927799679 -0.0662434930607715 0.06889377543285427
 -0.02705688126475779 0.08099007145473597 -0.008812175947073383 -0.05386276598361561 -0.09464252952094859 -0.04711705932742136 0.04424906797928749 -0.002118858529760251 -0.004456262734234398 0.0976154804068888 0.05097807584661804 0.04997532889043316
 0.04869092030014216 0.09167805782123367 0.03027688870492845 -0.07154105199247526 -0.03392813056733672 -0.002299415678133576 -0.0597479032023386 0.06480832473661616 -0.07375727285413085 0.06570916527890816 -0.04730271446747744 0.03756850865977548
 -0.03428372530427738 -0.04349670228824939 0.06790029874392295 -0.04179888600716725 0.03866325603731779 0.03899111250244974 -0.00392255417287829 -0.07623074892915582 -0.05596609337666451 0.04945093890958308 0.05750527566166083 -0.08250375498227396
 0.004860231274954274 0.09487626632386498 -0.03398598216170085 0.0116742945222843 -0.08049169104817093 0.06480311999660973 0.02078581001694628 0.06214343069851866 0.08303158124525287 -0.02695777546494162 0.02812595265414761 0.06244274194650198
 -0.07821179198563945 0.06633665958474017 0.06854229609331827 0.01025702181423353 -0.06181482405354952 -0.03684760655757034 0.05400136036926176 -0.04227864784287078 0.04018699497171083 0.004851362827393915 0.09296106471215654 -0.02563590375133767
 0.08385271958965537 -0.06655029023579415 0.03451914826803265 -0.09806720708096962 -0.06343217030887294 -0.08770170657585569 0.006138853728736543 -0.05148900445953896 0.09105876587570769 0.004077263350869637 -0.09146319205461352 -0.08406237457795344
 -0.07496192822148434 0.04974713728878921 -0.007043965697635116 -0.0615892942999576 0.02858169716626216 -0.06984207752046229 0.004253612606067117 -0.03831973034190703 0.08740902064753683 0.05373224508543853 -0.08309881354734173 0.06135777270728596
 -0.01535545271969761 -0.07254782976802714 0.07069090783499116 0.0820955105644052 0.04803555221613767 -0.08038564094373241 -0.06147627172867735 0.01754953602142664 -0.08009685390175884 0.04200140615299736 -0.09730138722464654 -0.009157677069547759
 -0.03918052158930296 0.04364824131219006 -0.07458322024702092 -0.02993961082961515 0.09317668393502562 -0.01640736079851876 -0.05465600682010513 -0.04248958243304969 -0.05985338703318587 0.03880979234313611 -0.09260392858426167 -0.06401131828566342
 -0.08760322926310005 0.02617464693375898 0.06975938373693788 -0.0194447382015073 0.09050270459778964 -0.03027842367709437 -0.02157276044338424 -0.06216713071165544 -0.09358003739192207 0.08559513663028559 -0.08552941124228479 0.06787062276621833
 0.08762335994143799 -0.08635367814850338 0.03074170326310185 0.03507388348564611 -0.02881147043256137 -0.07794934200503435 -0.07658850293516123 -0.002328864780441225 -0.004666332019932634 0.06777801433490346 0.07743283822997918 -0.0161780204020982
 0.09818250211648569 0.07750520594346602 0.01857290649138714 0.0734877066215302 0.04595129248777008 0.03019432172316333 -0.07742645644753993 -0.03083230873183102 -0.02149036901171458 -0.08241559785501804 -0.0866397777470115 0.0522617416815345
 -0.05655121449251798 -0.01438918322323858 -0.06928367223198717 0.01656639614566627 -0.08261992639968997 0.01300202665318248 -0.003872868994897111 0.06115609394999688 0.04202071724275186 0.08678763011306392 -0.06631631130858207 -0.06639992948029029
 0.007562943051193094 -0.07716362965886353 -0.06067967560681439 0.08421679989258588 -0.07134978162956407 -0.01706264054668184 0.02800806986413687 0.0540323990573614 -0.08127584230589047 0.08915241523849457 0.01377601526336476 -0.08727157372580489
 -0.05834176336438018 0.04472438649189203 -0.05173539698423636 0.007724065935171234 0.08664051036601897 -0.005686832036061559 -0.03852733540991765 -0.01884080831707548 -0.01552896598503982 -0.01971697693615101 0.001862514253996597 0.03075212384015641
 -0.028344298129769 0.04296674482565005 0.09576423654603658 -0.03988004333070626 0.06958062456368413 -0.08331396499720065 -0.03874495456981452 0.01750950828015323 -0.008407702201888079 0.01219294282772818 -0.01799137979316326 -0.08142017611725864
 -0.02632646979653387 -0.08882357242005395 0.08980575508505664 -0.03174486163582974 0.08147625263250954 -0.06702588143558863 -0.03926163055601296 -0.001772013963721342 0.02643002928393642 -0.04683928476382487 0.09064816623191105 0.09790266633559538
 0.01522456910142067 -0.09986491416289722 -0.03343820761118153 0.04272599453784356 0.09388015929223223 -0.004518167940260484 0.01144901244606451 0.05618809463764607 0.009341674811688488 0.01889227359523253 0.08176956725590404 -0.09831724255117606
 -0.08292371520034393 0.08731796810154069 -0.09040487372234915 -0.03440145984821091 0.02118729304544062 0.07003553705159668 -0.07333128837930526 -0.05458754246448924 -0.05252549105810528 0.04287790189088478 -0.05088230998113887 0.08828508892793671
 -0.07731597326067301 -0.09230465972745938 -0.01755693931291268 0.06759410460124501 -0.05919732994371522 -0.06282231116049825 0.09217351838069807 -0.08165247452665493 0.086743189493486 0.03105964230600328 0.08946946619560883 0.01895928032079471
 0.07204659274999983 -0.08742381017419637 0.06319461125262624 -0.06634767922355636 0.01295896084062451 0.09607416602087912 -0.03484888045013938 -0.08222517111997552 -0.0105178646537373 0.09407231113469527 -0.01177359387153212 0.08630344229157719
 0.03349260152231409 -0.02216976905875832 0.05619782333504378 0.03378577093627566 0.01868861867431078 0.03398204243310146 -0.03567392991647124 0.09606685969602716 0.09286342494853236 0.005166032987636876 0.02994280729607693 0.05840891643465637
 0.01155453734588678 -0.02526056845500556 0.08777172117666973 0.082301179244611 0.008694281753973576 0.06440653146322323 -0.059870344163091 0.03739386033279332 0.03678659032799494 -0.08700997948335948 -0.05122110949133238 0.07211507311233539
 -0.001098586886101038 -0.05178993208113036 0.03337439045447202 -0.03899122428406353 -0.08929270984084745 0.0726894973923958 -0.08594325385261378 0.08072807289411196 0.06760381444586483 0.04995493137590595 0.04080900771307336 -0.07446362667120321
 -0.0730495886148979 0.01617593087270448 -0.0649337505411053 0.09826818253899736 0.01430717304625932 -0.04175896228580879 0.08257746432916488 -0.05892568385128036 -0.002988021295246196 -0.08864856738015638 0.00791731029056808 0.01879668967696661
 -0.08983575783187642 -0.01660967139677992 -0.0335429492223433 0.04091427980484177 -0.05559902650767562 0.008636203296749231 0.05955849320444082 -0.09053880803025371 -0.09805486309839535 0.0529309713660191 -0.02245130002879916 -0.089899503932731
 -0.09587561422521902 0.003950609320446288 0.07108017899341126 0.09583483372499255 -0.00345922828166631 0.09342751802503083 0.0947916461574427 -0.06116765394090843 -0.05052476233462577 0.08952642534756056 0.02856733133841688 -0.0006314992258284746


