# Created by Octave 4.2.1, Mon Oct 09 13:24:13 2017 BRT <root@mosqueiro>
# name: w1
# type: matrix
# rows: 50
# columns: 12
 0.0547897404577585 -0.07054529072357509 -0.07726017836489878 0.09211839610154843 0.05832975962011677 -0.04204864936214758 0.08911865380708595 0.02400306480013256 0.06638227993187795 -0.04934184767248093 -0.02632920299592194 0.08112279392591246
 -0.05988724628155603 0.02064092603569015 0.04373679438372707 -0.07082238400868843 -0.01635730833964745 -0.006800886629230257 0.01630849942197958 -0.07685582342824426 -0.04256557663305484 -0.07027056118555927 -0.03556490735433147 0.06022452808922649
 -0.06455266804158455 0.0810818621811755 0.08296928112052035 0.09038971063066462 0.08022527568696133 0.03941145744752025 0.005350720313566121 -0.01520268850875342 -0.08480205195548622 0.03675596369036777 0.00159587027889925 0.03715448877621141
 -0.004543129578683067 0.08019847496204388 0.01544370683191951 -0.08089851692429086 -0.03008299174693112 0.04647223429085193 -0.0657344769149833 0.09458244063242169 0.01295424907987956 0.002390971578773993 0.03327075860587225 0.0855331244842886
 -0.0612990967543371 -0.04934677577121555 0.09925682976912187 -0.07970592411530865 0.03413492663310896 0.07715083951964558 -0.07782697764936614 0.03703188400868343 0.04657311884309534 -0.0601509030826333 -0.07812874122120263 0.09906499465627461
 0.05853493955278574 -0.07995702720061931 0.06170866570214545 -0.08605871353313782 -0.02437067524696437 0.07767730123593816 0.04046144197545229 -0.01360957839774937 -0.06296917260055607 -0.07602199201694701 -0.02178724308364152 -0.0660187251508782
 0.06954698102758683 -0.01191943180921001 -0.08667480285289239 0.04874785622881653 0.04950287322474295 -0.00193684797671051 0.0925191499523402 -0.0456198017196907 0.07523139587987518 0.03171712386515016 -0.07564247024523052 0.02317217335416366
 -0.002907675011670899 -0.02436594682582219 0.05553240141136184 0.06003228263381094 0.01460258942886719 -0.002165079347307503 0.01172143573037468 0.02816194394996013 -0.02855066690245424 0.001398276351995631 0.0576198270339027 0.001680758741783347
 -0.002115442675207233 -0.09329213606633781 0.02378291952161751 0.01432665216601015 0.008666579853001052 -0.0706933224088005 0.07423294876922082 0.07781198585590329 -0.06800355775457362 0.05346247715163996 -0.002563112250292432 0.06216002756346373
 -0.09941754965207523 0.08729394728750195 0.0380626302500692 -0.09112633107777687 0.02559847676616339 0.06780593503130827 0.07134182145321116 -0.09199680647851667 0.006978719896370028 -0.08242429549991274 -0.004788761511903911 0.06319912961684807
 -0.03989471605038607 -0.03689246854433097 -0.006325101331398714 -0.01367413744996746 0.09684316856237915 -0.06305524460837778 -0.03306503127835282 0.09202965338044497 -0.04392131574618677 -0.01979026510497212 0.09735331584285759 -0.09061169007982392
 -0.08541132017187326 0.005291915920211943 0.0801169290866269 0.03033407224020929 0.04785921513836708 0.02641334973513745 0.0839409367019737 -0.01451806601291984 -0.04603912386499799 0.03950371304467201 -0.07101753303457264 -0.01483527168946895
 0.04156065994970817 -0.04002417626320475 -0.03030018695148039 0.06011931933986633 0.01540927379536774 -0.005376121629649608 -0.04738869790376087 -0.02807098387618133 -0.05226673562659764 0.04065501443773845 -0.01283707028912405 0.0396056986709192
 -0.009118888828689928 0.02898892060509881 -0.08318246541084068 -0.0314840941785785 0.08250587556794664 0.0938822911759882 -0.0851068447405632 0.09601166093484911 -0.03877169014522929 -0.05648306178677544 -0.02951085653632539 0.01153274411586973
 -0.05145950810688039 0.07648337565030752 -0.07442149881264128 -0.03661465097394682 0.07956027564143661 -0.07987032648131288 -0.08373152953507945 -0.05275591549991233 -0.0640384265763608 0.03183966927630053 -0.0443673682511711 -0.06861465767016928
 0.04539219982149556 -0.0894156475235531 -0.02691164293080925 0.0875733914615604 0.04148114924663743 -0.05238065771849142 -0.08946852373158651 0.09893998904193976 -0.03071559317518199 0.008652917032674318 0.03706830421172336 -0.01343475145747161
 0.0347569756685267 -0.0647937682423847 0.09681844405942591 0.02992325630199205 -0.07997429592284538 0.02888318195013359 0.0922989272959267 -0.0473492760613009 -0.0283667067911232 -0.07879697088868629 -0.007668630843831209 0.05290303650751935
 0.06791671188124068 -0.002963487900346895 -0.0709192364229642 0.004312271776245741 0.05166167633677701 0.007086374450345767 0.0567394136995881 0.08945057446238233 -0.05265116048786772 -0.0900687184304441 0.002667534746442657 0.01377401778883039
 0.06725483967476842 0.0560827603871733 -0.01259386056067356 0.07223734758612019 -0.07073066595328378 -0.09211911719632819 -0.09223317347041179 -0.01539462704390029 0.0869814114908177 -0.02631791204142551 -0.07720121985702796 -0.07067451630906835
 -0.08143774537318638 0.0509179341908986 -0.07552165189034218 -0.03501010120039193 0.01535084512145031 -0.09107221882553025 -0.09397824941582759 0.02885047020160342 -0.09695767775358018 0.08322121887074779 -0.07133313744990778 -0.04161975134456776
 -0.0821178452248026 0.08921857324577326 -0.02032423442728669 -0.07364588956355868 -0.0187784920730112 0.001633740162676853 -0.03009111608530474 -0.05935986186619459 0.09465501915624122 0.01059007490942807 -0.0130796351517595 -0.04938470579959581
 0.06594757212457958 -0.0330831157562237 -0.009164803828439511 0.08174081790593174 0.02218599941964974 -0.06180620940171053 -0.09561196620741652 0.04549093738155954 0.05692487086959222 0.01404632275417957 0.06154709597133698 0.04102570400625341
 -0.02444700719190608 0.01426388189058989 -0.008669814703325118 0.01821846453494051 -0.07015096406440958 -0.003348099786171774 -0.00105935966293301 -0.02101717068125905 0.05358600955539614 0.06128355847240063 0.01278817782034627 0.008919975061700419
 0.05155715754308698 0.004806584794783311 0.04520683317834384 -0.008659205540431883 0.08113480221096744 -0.07950562335864102 0.06388744579548336 0.02713418310120036 0.07899653761352993 0.01555078707668105 -0.05803416521463879 0.04165262509461942
 -0.0337571673863982 0.09881079505178811 0.08741797511302973 0.07875192677974865 -0.02735594112753485 -0.06664108078071829 -0.05935194430341785 0.06148907089496367 -0.05111132190789706 0.06318611605796148 -0.05852282008898077 -0.08275284949560086
 -0.04972865462332775 0.07936243137678098 -0.07332820516537232 -0.04620277732881034 -0.03758784346650976 0.08398176093587154 0.04839081022523062 0.09715460197643466 -0.03549531315660576 0.009001648340715512 -0.03989479711101337 0.04196011191498822
 0.04757759085456609 0.01939177046122897 -0.08115714035004601 -0.01600606958928766 -0.09209515234113663 -0.08593243308872349 -0.01511869222829308 0.04688836000615054 -0.05719590981707769 0.09214713626861701 0.06704341085417034 -0.06475943210774507
 -0.08678498108125207 -0.09446880953751569 -0.01744823993396495 0.05945351190226567 0.06091272055992983 0.06266689270162301 0.03033697054483114 -0.08852210694787059 0.09983045314000194 0.08640281040743816 -0.03468456405554098 -0.02894410568832194
 -0.04805421540986798 0.02373347786477278 -0.09949388044659879 -0.02324495122313033 -0.09218731772494881 -0.006991159362328442 -0.04733343086524494 0.03091694237941917 -0.07992784729911495 -0.03446885743833676 0.01096067210884108 0.06768174327049248
 0.0059768983991247 0.01881438368578632 0.002747412734404625 0.0233719728712217 -0.04919827697138645 -0.09939363895881489 -0.03273509021279465 -0.02212045856987438 -0.01079874309577328 0.00865775403712557 0.00807206796459034 0.08926779537605684
 0.08025771383366581 -0.06870607290502981 0.00902674516483444 -0.01464827518909054 -0.004511692077354273 0.08711211691963858 -0.06255732867962577 0.0673087026650358 0.05242172257749891 0.07621478795255576 0.04014864759796183 -0.04306948191053725
 -0.03747314926752836 -0.002914883453649972 -0.05576749059765201 0.002018346630614551 -0.08675409378825621 0.06565197612138107 0.02464033485391395 -0.08491709875122593 0.09131338483521276 -0.05094351674408445 0.05014871469237589 0.05865173200713036
 -0.07895068514134841 -0.04899393192164456 -0.07701045064432663 0.08327081448014706 -0.01566282218615031 -0.07508821057868786 -0.004963099785435215 -0.07957882697576765 0.04039556790994153 -0.01176519072357393 0.08154238125726757 0.004889678001249925
 0.02722029735981452 0.03094049162671389 0.0451183383074702 0.02209545430430045 -0.08551599763248482 -0.01060041003102076 -0.09427097724421693 0.05585724231018757 0.03031218976698599 -0.08766863647731388 0.02270643128002867 -0.03200287920430854
 -0.08633783936503127 0.01452170221769286 0.009228667812015257 -0.005986800903763592 -0.04058174307834216 -0.09704526857691209 -0.07315655596772579 -0.01593895555595368 0.03092693400322771 0.0150646022374948 0.08251120017174438 0.0139914107570874
 0.01779986694900453 -0.07363486530018234 0.01273548847882089 -0.01871814493275473 -0.04024964674666981 0.06753297554042889 -0.08160837751069694 0.02594004005778933 0.06408970953431165 -0.02948484194528184 -0.09989149601754362 0.0005582199817752292
 0.07771941541810198 0.003093957097988459 0.06938878088731418 -0.06622338445910295 -0.01364123947028398 -0.02182936285440909 -0.03923927648836326 -0.07140923700408565 -0.06794681428369878 -0.03179751169446303 -0.03270802275613058 -0.04814636970627156
 -0.01872236944162478 0.03076498156762969 0.04888764754997185 -0.01798588689084885 -0.08724219506888384 0.0780088537478825 0.07054467234979284 -0.07170168734941119 0.01610870782567257 0.01840108390712177 0.04554147039336659 0.08784237970674771
 0.03690576080019775 -0.008603255311691566 -0.01034604571141352 -0.05091875444180599 0.01020226046392883 -0.001113676881816794 -0.02142570763947343 0.05523237518018451 -0.00507465046890411 -0.03893458503510194 -0.03130396646722372 -0.07590924330428929
 0.002661564645433948 0.03686425561740805 -0.007611737381930828 0.04310149482334391 -0.05494723944125625 -0.0503864614873023 -0.001259938002233132 -0.09576135334270264 -0.01856320620952025 0.05667766608967115 -0.01937241410351508 0.003814723483866619
 -0.002930485989363601 -0.007002640240724667 0.09897915690385486 0.0750147702177881 0.07292712553599884 -0.0632832251459898 -0.002501924572923031 -0.06312397973228676 0.08804853101474505 -0.05385723612010493 0.07652666376624151 -0.05306658390005493
 0.03015289117436148 -0.03872148944235557 0.05594584182699222 0.01788542464562018 0.01344855799013667 0.05245106778528161 -0.0904085627871009 0.08668151476558658 0.09446459708547039 0.07188932127337436 -0.01853426815188594 0.032721288430479
 -0.04351506529021718 0.07578086925765271 0.05659094510090054 0.08811375229349416 0.03466954662377325 -0.02338991680406949 -0.08386514476201207 -0.02922518388142938 -0.05171337729718403 0.05184584476696116 0.03637895721203308 -0.01932483016712577
 0.09482728714785724 0.03405034591223169 0.04467016937367713 -0.04190901994915835 0.07206749441752122 -0.04901591931915973 0.002042282375777263 -0.01156687623859901 -0.029357257783423 -0.06224347548237245 -0.05957886409485033 0.04090130360189131
 -0.05686191239863686 0.05989744424153895 -0.06396286341905361 -0.07070225753712449 0.05760115841243371 0.05794061220677679 -0.07802043006810661 0.05819384435299099 0.008338300725607956 -0.02469920297938323 -0.08912572476046243 0.05533892323306952
 -0.04376641219742285 -0.01168001624719715 0.09292348400885919 -0.05091598984661436 0.07303565792694036 -0.05385492530729735 -0.04623667419276901 0.06788936365575884 0.04741700905445392 -0.08338620687012763 -0.07172069970246148 0.000882124998545078
 0.03606060859787216 -0.03796331294599867 0.07586969556220283 -0.01775726378666548 0.06765501008933827 -0.08359988317511625 -0.008391716864419363 9.317178681925165e-05 -0.01787809632971618 0.08288945095694927 -0.03910223127064793 -0.01901245925299701
 0.05818754812062008 -0.09774990003988093 -0.06295007040351208 0.09949474931687011 -0.02808718217511884 0.05506894619108699 0.02229995333481809 -0.09097604180805298 -0.0904776250559208 0.07933235466015273 0.08064877301560497 -0.03814673301155193
 -0.07281202126874187 -0.00924730489088324 0.05332238817362747 -0.04761765161260504 0.02939334599011806 -0.09172257319807377 0.09304512401933865 0.03647295918523563 -0.03343638246830566 0.03338842119614963 0.0343974788699819 0.02907994155870064
 0.03079746126450014 0.006843630080773419 0.02338733831642004 0.00433465437236083 0.01704942955977766 0.09156525797978413 -0.03475457008559447 -0.08493759535815575 -0.007728793863137323 0.03715794856623184 -0.04886720589339903 0.0465363437321159


