# Created by Octave 4.2.1, Mon Oct 09 13:24:51 2017 BRT <root@mosqueiro>
# name: w1
# type: matrix
# rows: 50
# columns: 12
 0.0709144360162359 -0.04206955576101198 -0.02969599922066969 0.09156287370539337 0.03385110892342327 -0.03996316617083426 -0.02421770593353202 -0.03528205265224721 -0.07580170143052849 -0.02382716366764079 -0.09659257446177054 -0.07096535158830261
 -0.03930447832157721 0.05480289101145791 0.0002018744077354195 -0.0224936847095888 0.07183703025479246 -0.0004658380041181326 0.0637577573818808 0.06601286398577963 -0.01843813002068212 0.04081081806484915 -0.06010208665531359 0.066315332960794
 -0.03055673444309613 0.08745008385181299 0.0775534773655871 -0.09674803790109789 0.00358468559730947 -0.04409638071935745 -0.0322541081114948 -0.05080952786273109 0.03125054213601039 -0.08849615838203373 -0.0265989309279657 -0.07387738580647245
 -0.01859518280327679 -0.09110662532642344 0.0518188663025082 -0.07260680154562331 -0.03785737256572862 -0.05624045113639641 -0.05815408685066556 -0.00758560869207911 0.07173576490731248 -0.06049683329457298 0.04237274738093838 0.08508754320571058
 -0.01875299997693378 -0.05320760904732359 0.05287215828980674 0.007102646671263549 -0.04946080765935691 0.02020239116571661 0.009938018495344522 -0.09117138268784043 0.01806165958397035 -0.06874493338253385 -0.09001989420362849 0.05517237061553124
 0.08974693493165831 0.09511969571381304 -0.0661188729013308 -0.09546469781078193 -0.0216875343005582 0.003217799600682053 -0.06171489211211389 0.03624001736482801 0.06883233502110936 -0.01684162127759242 -0.077463136380269 -0.0986915133479835
 -0.01107926159123017 -0.03886592222143886 -0.004641730948737072 0.06606785229921425 -0.06910687645663573 0.06461621126448755 -0.09653848128110838 -0.04200529840681419 -0.03589861373237566 -0.09322942099645561 0.02744385466814397 0.06260875686115622
 0.05806186820122736 -0.04013140040003843 -0.0624109849190656 -0.02882058004382221 -0.05002772618838477 -0.06905294962283741 -0.06311031986141302 0.09357775225596004 -0.02721053203869132 0.05823851784071996 0.04327506217432936 -0.00343118591419446
 -0.09617865817707871 -0.06714403936330565 -0.04698557270311171 -0.0768752645340311 0.03244514772735985 0.02217454987886072 -0.07652620638810365 -0.06340146654396581 0.001729783718216443 -0.08338038751698185 0.06122147354320615 -0.07557319052593511
 0.07617564423185991 -0.03901947132199762 -0.07519804773007543 0.02010214346721291 -0.04278820730677074 0.03265115053495887 -0.01050390971978293 0.04992684075541784 -0.03388531176517401 0.04235707014063733 0.09189180464023169 -0.04046694285350766
 0.01010587506836398 -0.09411557868953506 0.08045060067154305 0.04004964018977464 -0.04840008019642078 0.07393854081847734 -0.09853272486771376 -0.08080879417541884 0.02804782905084019 0.03242428531034389 0.08284425346534549 0.004202771198123512
 -0.02912812518646041 -0.03778641753039117 -0.08041362749080436 0.004572882516645338 -0.04789466414679497 -0.09297042156502296 -0.0436594332236531 -0.08888987981998654 0.05524591794810849 -0.07139502329934719 -0.02607536073886502 0.05815435122064314
 -0.06214549475287504 0.01945635836895951 -0.03310631851507881 0.03374592911308177 -0.07935972891874558 0.02768857499278324 -0.03500961883440154 0.06505490565187749 -0.0645088594212001 -0.064088865345511 -0.07067495260475158 -0.04940436697371754
 6.483855335623345e-05 -0.001405447956239952 -0.08197945670178752 0.09392093953664207 0.07994668254146642 0.0677982780972651 0.0551724280690811 -0.09926103652652238 -0.005455049852354815 -0.02474033089844557 -0.09063448997426572 0.01237559944353624
 -0.01007334562162741 -0.07623598000170412 0.0005423352996349468 0.08018839192902627 -0.04173731678635337 0.04161870652299421 -0.07335622719659256 0.02434991868064032 -0.02830149613790765 -0.01210508320357367 0.08762031386864394 0.08328915056724889
 0.06137789683951742 -0.03704781491773181 0.09908430419458991 -0.08408925188316504 -0.03239837214637596 -0.05839195273713035 0.07112505373375785 -0.08438288528447779 -0.03757599097119455 0.003048221433175138 0.05857448680184543 -0.02393192739904913
 0.07013214795119221 0.04662482374297963 0.02975256171150281 -0.03661001425481873 0.09090743757909323 0.03237344697077696 -0.08584835788107889 0.03968795866864291 0.04465893246167948 0.0776864933480936 0.04510403266162388 -0.06118977767491206
 -0.0709585415043201 -0.04760751002784013 0.03636727282640423 0.07879075570588268 0.06539472268556135 0.01173825379371418 -0.01604797334793245 -0.07148840356214031 0.01131367022861292 0.02192817875401074 -0.008277657107195205 0.07195453034802973
 -0.04333419810565364 0.08241426210041089 -0.08095609185979488 -0.07182412976995911 0.08759612109686163 -0.03269602141149228 -0.01929110051622246 0.06242164081461377 -0.03645383718682368 0.07986365324556927 -0.06330546359135725 -0.01993874438874767
 0.006673844180136987 -0.0581460446281903 -0.06874871875659333 -0.02818472041800184 0.09520495886337241 -0.09723283024953419 0.01783144779312688 0.03012111125858108 -0.08299915462815693 -0.01285183875819756 0.05666396844584143 0.05859687818945528
 0.01470918453015613 0.02927592984559707 0.0706732749908302 -0.003709455808959455 0.07205540168556707 0.09962103180512707 0.07012627345806308 0.03391289938155548 0.02065941050512121 -0.07232914009614164 -0.06443093359167293 -0.001027254210599404
 0.0505229543484795 0.02635896954706712 0.01028262790713241 0.06862995375333833 0.07582182852990074 0.06389703267724406 -0.03219673963507554 0.05277029009907802 0.06050071166348969 0.06769999678240998 0.09507484104273456 -0.01044650818720114
 0.09227273922228937 -0.01375452572122668 0.02168187341367991 -0.03193235153362577 0.04196591425041735 0.06664434088476953 0.06189174373378317 0.07414941220406354 0.01206584119222916 0.0922474934866849 0.07302858523254935 0.08443150003380079
 0.09098048712494364 -0.0787324054075868 0.06850349757516302 -0.06373053289066971 0.01225289558608889 0.06438357513105547 -0.05547833403435462 0.05673683829506865 -0.09081170387681674 -0.05386026055646091 -0.003688866847590636 0.01974785380706093
 0.0760215991498405 0.03550252535744733 0.01940896686531524 -0.06533464134527356 0.01399021995774326 0.005190622165577113 0.03117245455305434 -0.02667272138325218 -0.02333924652492717 0.05910930400680414 -0.0264003343866928 -0.03044229694702551
 0.06077793276347007 0.06228432570952733 -0.03801652655431979 -0.06500552098917625 -0.0627783095089193 0.07121657423920211 -0.01666291935305032 -0.09077167715110636 0.09728356359717469 0.03375434665092322 0.0127187112470587 0.05836637053660176
 0.09778845567135253 -0.01366284117326597 -0.02572379199335534 0.05569895576559711 0.05820108380793504 0.03388245481251942 0.07899752067578655 0.02838424998226535 0.01341057486891273 -0.09447752203619686 0.02384676914615616 -0.005777461104998827
 -0.00415620971542166 0.05616937796001228 0.08556928676361797 -0.05168687258645593 -0.05641581008277616 0.05756785912639958 0.0763614713402809 -0.08322048775576574 0.05150247234618807 0.09595420637850774 -0.02387112759609128 0.09455872396114914
 -0.00870440823003503 -0.07236004372078424 -0.05337088908172144 0.09817453142930385 0.02857946059140395 -0.02619510314877566 0.07732147837384867 0.01743043360720771 -0.07682954871165998 -0.02004328759961728 -0.06633550287350211 0.03131271573416272
 -0.0778383080237575 -0.06705586448858517 -0.03732615119766623 -0.03691400254717835 -0.0576414149334742 -0.07994711998760515 -0.0731633199805368 0.01078616588296225 0.0081450022936711 0.006912807515761468 0.07098129311893972 -0.02709868834809005
 -0.08777569995745621 -0.06316150732180549 0.07365201853410519 0.001207561894761303 -0.0886342852236202 0.04596844736166855 -0.07910180328974081 -0.07968375169299485 0.07447149910806444 -0.04833535427481738 0.01830581750726001 -0.005656164989174234
 -0.007109865051380879 -0.05895471068100186 -0.07064734017062399 0.03978732277076685 0.0812472952147367 -0.01569337342703142 0.01812089707293903 0.06944261957962633 -0.06767907955577288 0.03063491161525461 -0.01133248015497609 0.05676823478180965
 -0.01012359867366262 -0.06362861888777782 0.04628745778812055 -0.06423825489558149 -0.04595267690747561 0.05217570765306004 -0.05613074499611401 0.03700134070768324 -0.02590864710786349 0.05088252743324831 0.07310862959395906 -0.01753891066949137
 -0.04141255712562365 -0.07123568651814316 0.06617692978383719 -0.01829680301222672 0.04835921385140932 0.0629473754812421 0.09586356869795828 -0.03853388439991143 0.08842311173059828 0.0644601286916682 0.0398774352311099 0.03208196844631456
 -0.07058701078413147 -0.09570392742420294 0.04692242097251334 0.009687965028180173 0.012886587155266 0.008369616684097483 -0.0548934321155503 -0.02476390263311254 -0.08683120605847965 0.0162455995545909 -0.04500527242469871 -0.04248477635406266
 0.01620830704227724 0.03697597444423936 -0.01229464589107537 -0.05097654632229213 -0.006260483002037021 0.01118281517039672 0.07352437974769943 -0.06683864764905358 -0.04932503662627313 0.07278639923184169 -0.09286643963629322 0.07249337471949718
 0.04229538964706495 -0.09782578601541281 0.0004938970164060918 0.0952732951643819 -0.01900775671997602 -0.07217726064493681 -0.0811586078526171 -0.04584321017069523 -0.02008657915316878 0.02332056011628417 0.02885348198268289 0.06571529088470043
 -0.07312650160841787 -0.09360726428834433 0.02629128942794634 0.04923114806854581 -0.03815393325593813 0.03014199065926954 -0.0282838089089574 0.08754788430815957 -0.04993456988983692 0.03258507528404514 -0.0645694062325356 -0.04029052494387794
 -0.01363371743234579 0.05199005030852277 7.324880918786747e-05 -0.0991814117837473 -0.07629934666736199 0.08558141242619294 0.0295269381585625 0.03746576230717735 -0.08655717645922061 -0.01156394632516516 0.07924428042948736 -0.07820313070946469
 0.02007942177399617 -0.07520920771839706 -0.05630001696439969 0.02369305494405669 -0.07901061321402278 0.03974562768241605 0.03829451337177747 0.02572443487995951 -0.06249294964396165 -0.07135131657973019 0.09567414382908099 0.06003665845659065
 -0.03243626097242641 -0.008767340203592058 -0.06695082906324074 -0.03855324222144937 -0.01132082031043496 -0.02188451804479211 -0.02175921089197742 -0.01392591217144332 -0.04796787759192213 -0.001895409887722493 0.03293359331283902 0.08015588304197779
 0.04858959773589261 0.05450479759122293 0.01456693214931157 -0.08387665680214444 -0.05371795931677902 0.0869243444452214 -0.06803708341470691 0.07375172239790714 -0.07764669159438137 -0.07446944963428986 -0.01442383911731591 0.06587549903221471
 0.01080831187939839 -0.09649244926185425 -0.0881716905072204 -0.06556358312181396 -0.03833164972030082 -0.02070508100849464 0.08587894171054902 0.09354068393744291 -0.02098262121471348 -0.0202611397379877 0.09822915379426064 0.08834770622049778
 0.01161124285209403 -0.07762823094036524 0.06292047701372216 0.01696140440539411 -0.08932002507915435 0.05498295029971736 0.008737662060480239 0.03492768514884922 -0.09742109938751584 0.02276379393007674 -0.06062590612501676 0.07222840337191214
 0.05040329619154307 -0.02032447252129867 0.06356625610114555 -0.07686080142746089 -0.005464200770033165 0.07339480320521719 0.08604697029784045 -0.06526104673436796 -0.07776044621558451 -0.0605871272173382 0.04649223605982403 -0.0141634666411211
 0.08646187626977772 0.00485242430120951 0.06666767356785916 -0.02975275649771224 0.05674526567689039 -0.03666552565257412 0.01131812884260164 -0.06765484078793232 -0.09899036853519483 0.06800037322395322 0.03397181321669196 -0.09196459715227974
 -0.0551111896234987 -0.02644145306789697 -0.06090365902721443 -0.04721416253677585 0.04367143372335197 0.08709125936395112 -0.08342145940582552 0.09642967208051853 0.07703275972507931 0.03682835190925504 0.06361927135262116 0.01300091660164385
 -0.09370985458067065 -0.04786108033235945 -0.04479444780067267 0.003815728584568717 0.06961440807520713 -0.0008721842777803246 0.0460419642366876 -0.02341137772321579 -0.03347410411017905 -0.04574319710378735 0.057249722421057 -0.09655832488537631
 0.05775227509074218 -0.07830076167918373 -0.02433075712672271 0.001138558672092074 -0.006510779764762678 0.03152722974268049 -0.04300166509770597 0.05252299396128596 0.08514607227758625 -0.09324714357342558 0.07693326149791743 0.01476447545275802
 -0.009924955593506174 0.03144180749188794 0.06515353878983388 -0.06339502527534829 -0.01311545819649823 -0.02019297743315793 -0.02055621374386883 0.06932594564455755 0.07602332385845059 0.04855453405184171 -0.01370262966298542 -0.08349984063329774


