# Created by Octave 4.2.1, Mon Oct 09 13:25:37 2017 BRT <root@mosqueiro>
# name: w1
# type: matrix
# rows: 50
# columns: 12
 -0.02636656668735839 0.0170664379411974 -0.01840569942009015 -0.07811863356533814 -0.07797501457564564 0.05291237701507914 0.01687887736978422 -0.01760562540908556 -0.07640117917597515 -0.007659978377639598 -0.06456216817961982 0.01745120891990881
 0.08812048627820948 0.07428840258280661 -0.04117372069889326 0.03641515570086012 -0.07188089965173802 -0.01957861625099008 0.07071941662511871 -0.05883207891282808 0.04689103677359663 -0.06889083639243555 -0.03059129486882005 0.06459175919003579
 -0.08473724825391565 -0.02240062335663053 -0.06266375203638491 0.002540424841824485 -0.0463710127890466 0.02577397559480923 -0.052295411154125 0.03405385512133396 0.04444898930666868 -0.007361054518778984 -0.09681719141637324 0.0915115577940869
 -0.08899468931085941 -0.04357985166467095 -0.03680359411182474 -0.02967231366596562 0.09218074366914644 0.03561705579853841 0.08524016133343679 0.00220213233375173 0.03304808869106937 0.09703409958189757 -0.04142876984408343 -0.06219033433047935
 0.03736633762937927 -0.09595288994489834 0.03194895179255638 0.05571551124971069 -0.01863422740056414 -0.0008249637308827829 -0.09482905590870849 0.001641924843056503 -0.09599127117920254 -0.03800295528933796 -0.09128778827257479 -0.002141477670608113
 -0.04023888932135319 -0.06290132028349162 -0.03336745721640963 -0.09887438931815473 0.08465624953363726 0.05302799238355319 0.006895508731029731 -0.08042325446766867 -0.07482332725517743 -0.0367412109522086 -0.06037322538480653 0.0849793889142969
 -0.08247678920812344 0.04273210386956575 0.04862397192003903 0.04465522445054032 -0.06489033130592017 -0.0180864298254093 0.04273260205915747 -0.09023233566176209 0.0260022356345388 0.09122636302957898 0.01650897808211552 -0.04996135118479103
 0.06731147312529059 0.04887421254696034 0.07433690518201194 -0.0517181256397827 0.09236573207709595 0.003111052114423501 0.05881331837866158 -0.04121844612983211 -0.008900349532509413 0.0652516728091842 0.08611218791480887 0.07015488496085984
 -0.03580813806262854 0.08991959059452137 0.07981327246764761 -0.01782778958482004 -0.02686758123991623 -0.006545196167021483 0.04512833461859572 0.04491685354946331 -0.01962743227060365 0.07560651338159455 0.06959655410047211 0.08500724526641665
 -0.001953740907893492 -0.01360730094674499 -0.0004881975306159914 0.03482271576948159 -0.04062241378985509 -0.05363598886617892 -0.004464728086494091 -0.06035252746009356 -0.08662340849025585 0.06889393368928229 0.03283565182193843 0.04742229832429917
 0.04799893060153104 0.03350560944537714 -0.02250336686390358 -0.0389082481169713 -0.0863960061969531 0.02265829930919172 -0.05191512802149015 0.02814955082154619 -0.04385427573004043 -0.0179836622410276 0.06329133721876862 0.05226414317963654
 -0.04408167926815178 -0.01153545435250604 -0.02406296152023038 0.008180578644102418 -0.03631521679796572 0.05542020434923106 0.03559485331385809 0.08009338962441287 0.03140336188645182 0.07394824171584763 -0.04321407191572707 0.04463964230996192
 0.01930037100388457 0.04995536775361112 -0.09912178316012818 0.08612631051320863 0.08110000115873134 -0.04796874508442316 0.032927229106747 0.02938923958651887 -0.03104625777802592 -0.02598119573032788 -0.05119637755870291 0.02113929822182273
 -0.03997073476400045 -0.03645263633989491 -0.03422127070488598 0.06442563578348895 -0.08247624038747403 -0.009928582545910197 -0.08868387538619857 -0.00826778430393714 0.02357912238829078 0.05753091166373089 0.06348638479426835 0.0814348641961786
 -0.04914993055061491 -0.07576348471431213 -0.02296476253690602 -0.07810651760670341 0.02070654127396195 -0.02350090388475776 -0.01852772896376488 0.05212315441815585 -0.03560498797429003 -0.09150390948584242 0.09224154279723973 -0.01915088731692847
 0.08586587506727533 0.03117106529621047 -0.0676268958509805 0.06054859365606607 -0.05305099919938125 -0.09854531300843521 -0.03469166974389223 -0.0003531582537565081 -0.08942503629569948 0.003576269786768033 -0.02948272099501272 -0.03188701270414604
 -0.02025045157385022 -0.09425541007639102 -0.05962948013072486 0.06258030877833531 0.09647529251966708 0.07455292552557655 -0.05209971186883534 -0.03781311241098721 0.0991342822689851 0.05497724388720607 0.02294865729114456 0.03391231425757832
 -0.07604323842092248 -0.07228930725892428 -0.01829082556210884 0.06707065432555959 -0.06942041846242347 0.01118085238637148 -0.01664141479923033 -0.07859347786643882 0.03226432925083431 0.04239407936870124 0.03199830222088842 0.09786132085211294
 0.01698864268996528 0.002488805392451152 -0.07079099531148478 0.03075738038713088 -0.005332887505848205 0.08012460466312318 0.02183680826550852 0.03880521897251521 0.02167518386806588 -0.07018854858220991 -0.07247116402252378 0.07204740150817709
 -0.06258399690366151 0.02789635816774644 0.02570685805600365 0.05850532014161411 -0.03045907433135335 -0.01714198917739446 0.08486630510883839 0.09643673313920845 0.07423963792208438 0.03286975426393951 -0.03926516342966137 0.04813857712228412
 -0.08476097038960936 0.02392119892297537 0.09593523267509285 0.09705609506625232 0.0395757787196353 -0.002655380658114409 0.08332570891463942 -0.0965109119905353 -0.09955481142049205 -0.02335998026210634 -0.06655945031017185 0.004955283702075902
 0.02160662666452481 0.09147439809827612 0.04096881382741085 -0.08318506805581599 0.02723222542653086 0.08915166220631246 0.03168850966418624 0.07560349937903529 0.07020329654084731 0.0922308800761997 0.07469711665514947 -0.01716310381384357
 -0.03423537305612928 -0.04534038155419654 0.05754451720071821 -0.09479527521278723 0.05958273933992494 0.01960341634147951 -0.02151146481562213 -0.01763991260012945 0.0277475769738596 -0.09798346148202149 0.05425407529196072 0.05915390200696094
 -0.08536526326834608 0.02213813201677997 -0.07327607915571663 0.02453889554390001 -0.05224779817460345 0.09534528757687113 -0.05594834768566814 0.00483550235657737 0.0495372688496814 -0.08326335651423823 0.02421685848820872 0.0414766231414842
 0.03401314447319168 -0.04041412291703148 -0.06352565928671786 -0.08700241122813847 0.09640064288750741 -0.03665873646996724 0.01480688291073948 0.02550720701574344 -0.005844874671569897 -0.03767024184393221 -0.040390281382059 -0.04304050479799794
 -0.026843706994333 0.02730029337161363 0.02770343156172025 -0.07738296053704108 0.0395464117084994 -0.06363150062564528 -0.07899848195182846 0.01938506949987004 -0.01020969128905505 -0.01188015788777491 -0.06872358268962112 -0.09209672201790076
 0.03070946933338628 -0.05412600146303305 0.03101286275858733 0.02186626147716444 0.03647197941636918 -0.06308760550586598 -0.05039277994013371 -0.04813515654314321 0.02827921755608254 0.0138603997243327 0.09324349110557995 0.02223953992091335
 0.01090243601233432 0.06769179753267271 0.0154802662438078 0.08656881368664079 -0.06841890459376662 0.08350545794717851 -0.05496068797038511 0.06285460325848696 -0.07818341921537786 0.005353104591234545 0.07967668374457285 0.05846742528143717
 -0.08644855526268448 0.01051677621905864 -0.00378552563313031 -0.03124762058946537 0.09837053980192556 0.07016876613475584 -0.07317984041857081 0.09632876512518804 0.02471015461851123 -0.02860662916598393 0.02493036028583921 -0.06126114747396282
 -0.06223063676670037 -0.06968070077246435 -0.02551947374977968 -0.01093795371397709 -0.09647975496458325 0.09923247344479588 -0.02193597024172039 -0.0001876310332914743 -0.04795578311532282 -0.0190843407139183 -0.03742458437090689 0.03824570051562945
 -0.05873118695377581 -0.07421589869749239 0.04486812358827919 -0.03500452276868399 0.05853085649456816 -0.0185364487458857 0.04565047321271892 -0.0483788505712715 0.03191220956699198 -0.07079514720223083 -0.02583041780179982 0.09649167583116858
 0.09844883013955272 0.08620479231776126 -0.09478131553884143 0.05208004968487018 0.0624907810088241 -0.05398211612110625 -0.09940430836485563 0.06404946112745119 -0.03550262117920745 -0.006002308597184522 0.02310905016478533 0.09854311226597576
 -0.06764141843519647 0.07697692777424323 0.02883664570900007 0.02434291732874636 0.02807292161110653 0.06924257410344203 0.08469631171259254 0.01552244828298144 0.06616275439845209 0.09668476794900491 -0.01328948392344219 0.08498719134448104
 -0.03979426269178154 -0.02319639070764776 -0.05367698385073391 -0.09486338622059133 0.04547787082358812 0.004387439036741034 0.09557759919062658 0.08434793599934273 0.02240304019518928 -0.06794129621750822 -0.04699617560742388 0.07431956737193735
 -0.01258934371418295 -0.09785698504143248 -0.004944044362797814 -0.09330228033900619 0.05987472232270935 0.09870807213462535 0.04081205513596858 -0.06437541705244615 -0.07398441945276735 0.09967664395857465 -0.05850209840662947 0.05326761627249363
 -0.09708863425634386 0.09115255585808374 0.09821534361931902 0.05340737264947357 0.07067539866529601 0.05471202505938982 0.05748773518860714 0.08770393506779028 0.05184089309170714 0.02127191874332249 0.06623244382032867 -0.0765685831960108
 -0.07581218370236233 -0.04782466860041904 -0.06081312695863094 -0.0488571611946868 -0.09770970736495739 0.07044738008180398 -0.03999839947198397 0.06630712020866114 0.0724362172789341 -0.04013998222234131 -0.09931967841709199 -0.05853346418490307
 -0.09082869142265597 0.04521736813109917 -0.09750840855905822 0.0563427997402334 -0.09919618210141849 -0.02991653899329255 0.02414460772047025 0.09266269769568317 -0.08346771107262808 -0.08728318699703352 -0.01435393997580056 0.08853794037681414
 -0.08550841452143758 0.09332219335794953 -0.09309833407354724 -0.02329063057207978 0.04600797211316238 -0.04951666729816467 -0.06108462001585659 0.05360431560421913 0.0607449521220049 -0.07284060179258361 0.04091459646343393 0.01333606167738162
 0.001339690475702635 -0.04142099875866134 -0.01881062627090421 -0.0249783638966343 -0.03221987434358452 -0.0301499529664903 0.01857047223481512 -0.07501082651221271 0.007931193333251096 -0.01262274599016452 -0.002459907467956074 -0.03446168769092937
 -0.08906532011312349 -0.01867227883723238 0.02195828448356729 0.03024838071541916 0.08493666399647309 -0.09771046414188593 -0.08073481586939128 -0.02754889838728018 -0.06681186890754087 -0.03370910458580251 -0.04970944219448738 0.07365229233048839
 0.06055223246865021 0.06425436034718854 -0.06802301942674804 -0.04736538477221658 -0.08655325235394157 0.09279443392881212 0.00741054256702274 -0.02143100317259818 -0.07601776072140166 -0.07493698823387374 -0.06562674914474256 0.07997903728538969
 0.01363685700281865 -0.07329137309262487 0.01636651680119813 -0.02928014230125972 0.08536633526998652 -0.02344831701384688 -0.04861808904320483 0.0442257045224532 -0.0265003937679157 0.01306993572866455 -0.03774636641990282 -0.08879481510278447
 0.07384760172381685 -0.04870751045340932 0.0001520844453903464 0.06865795479380052 -0.0782752605283316 -0.05313499220589718 0.01227171230964907 0.06028127669989858 -0.08975152185539698 0.04956949954913131 -0.0397836367897119 0.07737470326657628
 -0.08815024130635511 -0.0782039149347723 -0.07344041087563095 -0.08452744846915289 0.04963940797523375 -0.02311985732123066 0.04416421263133 -0.05492455664171251 -0.09389362945779706 -0.05657980425422465 -0.03833285431079746 -0.05309116088796537
 -0.04512299055622798 0.07575792893138128 -0.06805396699073404 0.07194284145916668 0.04452058727231195 0.02145774946834869 0.02257654276491676 0.01056531200763203 -0.01647952994094573 -0.09847145570967301 0.02230336983609291 -0.06911128128281119
 0.04658323656384239 -0.0854270586875476 0.0891562176756705 -0.08173089631627112 0.03489898468919503 0.08509672087642248 0.07982698177307315 0.01379629497458879 0.009476336354379014 -0.01082613328956918 -0.04098146871534724 -0.06292866446344439
 0.01663699845920383 0.005266584569263807 0.09764326387051461 0.0023151980801078 0.07631564325746407 0.09230866340696506 0.0354944897323177 0.003941832572783494 0.05020968288380023 -0.0423347793406398 0.06992580993924954 -0.09077635306005262
 -0.03864692441485417 0.00649942190861455 0.064498006495641 -0.08956270397949954 -0.06737392623452845 0.02788642529003579 -0.0711879923046842 -0.01408407968026557 -0.04685432098136108 -0.05936475558455269 -0.05260537235285666 0.03707904630700726
 -0.09458531483331184 0.02375567000483263 0.05554517021969482 0.06840243767892781 -0.003237871998819072 -0.03785930083580596 0.03897077415002148 -0.07175395070702208 -0.05246317410414984 -0.04075049119866247 -0.02336479075554049 -0.01822244399283859


