# Created by Octave 4.2.1, Mon Oct 09 13:26:55 2017 BRT <root@mosqueiro>
# name: w1
# type: matrix
# rows: 50
# columns: 12
 0.0933195166622712 0.04732067304660992 -0.03077641239745607 -0.05000486950703444 0.09579826322055141 -0.03772704853509207 0.0696714271813661 -0.08738394644713207 0.06190289902592847 0.04554719281794536 -0.07111088414320288 0.0210801040419019
 -0.09604442606612033 -0.0891370733336635 0.05471985273039023 -0.02648714379999871 0.09522491669847849 0.01826284663587611 0.06144065235478197 0.08388987182229177 0.008478174725207913 0.06803236519736525 0.08142074856466383 -0.01621842919911071
 -0.03219099495288086 0.09827068004132763 -0.09446078962639785 0.05114321777020001 -0.05249255763432642 -0.02869039668411143 0.03943969018904989 0.05370055994482423 -0.001863139185821511 0.05571209696258853 0.04474284273583704 -0.07171497319907777
 -0.06037980413102523 0.06862982522423608 -0.08331387557900813 0.01520718273520116 -0.02488341029043736 -0.01727209285403059 -0.004408207760315377 0.07749913363870739 0.07426464761788407 -0.04170213520202869 -0.02117826679445102 0.07779257975803847
 0.07578367307520326 0.07196138781304537 0.0320744952590708 0.01354785496668379 -0.08552340862464519 0.06859247339267127 0.05888196795248665 0.0007860988029698007 -0.07003220254410156 0.06206041934620007 0.0910902148915787 0.0921943966767646
 -0.04946972304946881 0.03120582374924752 -0.08899787192737452 -0.003006537622236821 0.02795945302523664 0.03381185533391073 -0.09533697071161047 0.08202822005629204 0.02370440373992548 0.0867549407017929 0.009298516898920167 -0.07087745486651746
 0.03626035818698586 0.02001761007483409 -0.03463924976797463 -0.03797514343759922 -0.03998827059779927 0.008388398549186341 -0.09616088196152546 0.09935170457367237 -0.09963164991307762 0.02715895359216466 -0.07365234557543893 0.00108651396961032
 -0.04122220995325285 -0.05410356567310498 0.07568121667549538 0.09283937363020558 -0.03953295685622017 -0.08562150787569095 0.01017128365857541 0.08268784031188084 -0.07833417748918441 -0.003743809908771961 0.01639720384687662 -0.0850895786221625
 0.02849463481571696 0.09552563057475555 -0.06361049370914398 0.001097705501436258 -0.08755997706819629 0.04234384580764111 -0.07175505589326152 -0.0708042796163625 0.09814457031044385 -0.09867660561642119 0.02525985620454596 -0.08451875765349885
 0.0863663944778649 0.01969173379509055 -0.000954920113835217 0.08313832054833811 -0.02710704272850689 -0.06233902616896451 0.03662317874740545 0.07671632568116712 -0.05364832492519737 0.004049137108320292 -0.05976214051692424 -0.09400009080795206
 -0.01262068431880527 -0.08316784045154958 -0.02776533821635149 0.0675218349664557 0.0536400683830201 0.03157333056755424 0.03940854605365735 -0.08053184033779748 -0.06446231397081006 -0.008837887689034249 0.088832371039679 0.07098184406740524
 -0.09813303288350969 -0.08583074446126464 0.003964962054268287 -0.008968989816706102 0.002611025155084754 -0.08925511062680869 0.09751722712875091 0.01627367840113716 -0.06681580380334998 -0.02195230975487442 0.04336086723011942 -0.02435795026489532
 -0.008213190882079113 -0.08806578338683366 -0.05657970015268889 -0.02367317769464211 0.003679265013522337 -0.05157643136374545 0.02313908646815213 0.06324667069348933 -0.01800885633492742 -0.06482838944531949 0.009987507432380444 0.02702734883758209
 0.09512633245725438 -0.050613341928761 0.03598983418696688 -0.08770359360105928 0.01263644491035854 -0.05928381011234191 0.09713131814935694 0.00536011445657654 -0.03942876950497633 0.07761976180598482 -0.01718512470506933 0.02186551993152593
 -0.03154304146928309 0.02281484498499824 0.03042976376664747 0.008020111783976297 0.01646082502956328 -0.04913854832827322 -0.01380663085101262 -0.05355298448834766 0.03652157823564908 0.09402128273796426 0.06884999049576077 -0.05522599692590727
 0.03842958808859548 0.0739419647506272 -0.08016853011553053 0.02857757240067099 -0.09027171948055041 0.08648089326023167 0.07112232586501241 -0.02986260895024923 0.01152777433667365 -0.007020447749413225 -0.09080386907311229 0.01077235135251778
 -0.0917029534726972 0.01124101382716561 -0.08624696921152065 -0.09230941759691244 -0.08735711433671023 -0.05095742481704749 0.01161986371403093 -0.06205131992412904 -0.06137462045646397 0.07524217775965933 -0.09041636882544021 -0.05215093380634942
 0.05087518740312671 0.02528468247838339 -0.04709606895040498 -0.04678415349425996 -0.01609479675281725 0.02223167303769277 -0.06566710966031487 0.07549257402372303 0.007243736071775156 -0.003699928337191766 -0.09799110692756492 0.01501361523464742
 -0.08642422944794871 -0.02778417817291684 0.03874996631302607 -0.08369180073780529 -0.05876383856621323 -0.005837737932422385 -0.007321683652276534 -0.01604288660092762 -0.004854498747508151 0.08931786846246614 0.006984369889128567 -0.04636689604550916
 0.05825835514243066 0.07677030486046815 0.03523701487281045 -0.04686158017180325 -0.00964964816498412 -0.03576236163512363 0.05422170311769656 0.07085434455451073 0.01680463928217139 0.01685724502552748 0.0235230987781325 0.0009510109913196396
 0.04767171699581227 -0.05793590743363994 -0.02287001373204497 -0.002622483499267844 0.01818945216253898 0.05053365000605967 0.0188480452176641 0.03098744685187163 -0.03915173636323169 0.09631252700853465 0.04868987576578526 -0.06402188016040744
 -0.05828329628877121 -0.01644189568695045 0.04874113769040328 0.0028520370223198 -0.002160921623331577 -0.07525711551226093 -0.01605140861215365 0.03114365291189336 -0.04518218189186677 -0.04056901315681715 0.08046591247851892 -0.08907541849424787
 -0.01738198709489593 -0.08745439579619901 -0.02609207243546835 0.02179104471439378 -0.01494490032925853 0.0784509669660618 0.07294321860302583 -0.06803820112754078 0.08152665998315717 -0.07407577870116004 -0.01559308269760212 -0.04925255285904587
 -0.06710150855942701 0.01940648673329899 0.0007873665897863147 0.08142460753131403 0.08874245023883648 -0.006921738870412017 -0.04450630876919019 -0.05725515647268346 0.07023341230572497 0.09840131653617185 -0.07916567122674935 -0.0942342633174892
 -0.000181834829152544 -0.04089937776449212 -0.09016108928420993 -0.02583299631029609 0.09994779696547643 0.04499733832648695 0.01722495195616644 0.072336088952863 -0.03686497640661218 0.09033422197050786 -0.0312699245194363 -0.06257460275141147
 -0.05353641736688114 0.02031169591396073 0.07187920751945351 -0.06720088036457396 0.03177938426832697 -0.09850743208333691 -0.07382616931080396 0.03257873253445231 -0.07754774670628867 -0.03704554202094669 -0.09651962502376955 -0.07985531562026935
 0.05097281084021146 0.005654211944022491 0.06220813731122435 0.02522958567978345 -0.03360032517732904 -0.005514243357827672 -0.09507384638423655 0.003940597897021364 0.07551567632272055 -0.09248940837035009 -0.057326414800737 0.03564771458439434
 -0.06042857977422705 0.01710204536092101 -0.03260920776901841 0.05654821186028533 -0.02861206357966488 0.06061686777588698 0.04717001243362323 -0.09593902958221369 -0.08317508685232071 -0.03108906151205768 0.07949890911456553 -0.08590502660219398
 0.06802743777609849 0.04527112328808716 0.08588207763615965 -0.06732782194689044 -0.02297047216954723 -0.0219405136720934 0.09077569989801079 0.03773070634746636 0.0372314032765178 0.01054962377136029 0.03925506674669493 0.01991110989717626
 -0.02555654137392875 -0.07770634459379286 0.05934249516915965 -0.002525219578829577 0.05114371140400992 -0.04808304064445269 -0.01064325312953657 0.06232964534646906 -0.007476974197074632 0.08614663706645365 -0.05168116172908693 -0.01601480957700638
 0.03667983940238689 -0.03913876006093148 -0.02711412326880644 -0.01832528966027183 -0.02134000707202363 -0.04586796833959067 -0.05967979660141651 0.06974415054335867 0.08611783256031197 -0.04029865829894314 0.008214741994887337 0.09009042355329941
 0.04020841463538555 -0.07523755553255178 0.08931347098812206 -0.05222514036094276 0.07559036988346787 -0.004663613018136684 -0.007491592125078717 -0.005393054905583269 -0.06820672310282527 0.0002861291333573768 -0.01774653495421061 -0.01536742628640321
 0.03079224477843098 -0.08269953314292201 0.02010334986423276 -0.005266340446364634 0.003989926233154792 0.08894880285703016 0.01255887904575781 0.0994279471189029 -0.05541145620027918 -0.04228162177916864 -0.07001518904139485 0.09527107342558014
 -0.03700925866221959 -0.01619469684414712 0.02430470205652344 -0.09677732885361574 0.01372917906519038 -0.02083068961032056 0.08257394329380294 -0.01515276893919883 -0.076448565717049 -0.09262263306356378 0.03215288851939085 0.08986121989017812
 0.09500653841611392 -0.04037320081524037 -0.09899232537720301 -0.03927483545707099 -0.0720080013167176 0.0381509095772764 0.04007019082265606 0.09819885609336107 -0.005181792672711488 0.0589087055012231 0.06811441186559802 0.0870562563158051
 -0.0820430974109682 0.08730733979876779 -0.04131080910092716 0.06441257595721714 -0.06181317514810659 0.04236371098353436 0.05241035253385551 0.0489752880151553 -0.08361305563772101 0.05387799553551295 -0.02115068333033385 0.07937412667976618
 0.09757720406496215 0.04744496282645821 0.002538691230260626 -0.06030204823512321 0.005538521481531181 0.09842328610607171 0.03624160800820872 0.08526293455854386 0.05583028534578843 -0.001262178696426877 -0.08399200871308356 0.09351434160191599
 0.01570918774258641 -0.02988306017667783 -0.002724615029568681 -0.05080513212743753 -0.08240003338628725 0.0795046649684521 0.02250215580427053 -0.02717699580852623 -0.04361196266920252 -0.01647683529954015 0.0527558309235367 0.04672135611303213
 0.009581992006170909 0.08395711301902925 0.08187945818607908 0.07831239667007642 0.06049728812843619 -0.04376347231528419 -0.05034095882604858 -0.007196648523673285 0.014598939605067 -0.09938672205116246 -0.0484536343987147 -0.03916036095937704
 0.02475288518194207 -0.0177692691397736 0.09183938136672112 0.007277222847944381 0.009219356849022309 -0.03730538077343123 0.08127728199356904 -0.0453678008979176 0.09169706172627673 -0.006355914207151397 -0.08998614274133152 0.06679454892276468
 -0.01258757019090367 -0.02828095174782583 0.07090093171093789 -0.02441752135280031 -0.0585264421842587 -0.02391037133785391 -0.07879752676267932 -0.06431783255503556 -0.003347983780746383 -0.05026073469705616 0.0863448480500206 0.08367045962640185
 -0.08641846393341707 0.09501429061490765 -0.09581729847177685 0.02710928871469265 -0.08798794230978096 -0.0283519075904488 0.0186112737936512 0.09029674807924759 -0.09475011359712542 0.0306382080365572 0.08222218363883269 -0.0161939178580254
 0.04457671434874971 0.06843009695411709 0.04682488949524272 0.03062888691835608 0.000513608948687197 0.09499344404242221 0.05388641501594274 0.04123547681148693 0.08886160989255826 -0.02449875824230043 -0.03377219589624053 0.07594846885567716
 0.0721515285636011 -0.04629266295597928 0.02096784434142247 -0.03257944443743793 -0.02840111385794787 0.0120148904119867 0.00239712636603269 -0.07174672329718296 0.03224582937441148 0.05516979212531245 -0.0881487429594569 -0.01792735734373832
 0.04981016687869705 -0.03550104454177999 -0.06413349794134346 0.009006368555003877 0.07598717161796478 0.09639329687247308 -0.05899898621311803 -0.06312893684767663 0.07223927755586321 -0.09396918562265082 -0.08956277529919296 0.07117901616268069
 0.02996749989148725 -0.09935847426154927 -0.07019228688008025 -0.03959597617011622 0.03357815814682766 0.06855258566328623 -0.003796044794159043 -0.04770312433675553 -0.007426158348924891 0.07683834271228515 -0.03268306608464704 -0.03813557638192159
 -0.04911684013323895 -0.04949789299803894 -0.08604740724084298 -0.09339335635952861 -0.09541158524982045 0.06159735618033554 0.04809160273462815 -0.05375435885657375 -0.04124302569385749 0.08384368970855602 -0.01514303283755482 -0.004423875639514824
 0.08147217327405629 -0.04216595570016012 -0.0789273833666306 -0.06589491582453436 0.04860584724002079 -0.04260461281284392 -0.09762661080761847 0.04394816743474891 0.04250623829525063 -0.04077143945609191 0.03966316248095633 -0.08136338874523258
 0.0885090875296875 -0.04112956351249063 -0.05577166339992373 -0.07601511978758951 0.006111293909337595 -0.03689475894383529 0.06412061219770038 -0.07176581672228644 0.08222226243622127 -0.07501654045118701 -0.008131220379170301 0.07198943471448727
 -0.05464514373482274 -0.099911951890071 0.09144319261754241 -0.04907279775585626 -0.05809280734297598 -0.004746835096612806 0.09235338068221968 0.07866401160209707 0.06278899269640173 0.03188148503306171 0.07945895450498094 -0.09739643140704758


