# Created by Octave 4.2.1, Mon Oct 09 17:08:18 2017 BRT <root@mosqueiro>
# name: w1
# type: matrix
# rows: 50
# columns: 12
 -0.0289918279211704 0.0825261881743716 0.09649284403628863 -0.06597504260195355 -0.04891329446433909 0.03206730222262336 -0.05913850032484604 0.07393719779114721 -0.02856520713979725 -0.01961383469744314 0.08655089568298827 0.01838707077583698
 -0.07941876512293586 -0.06567004309754135 -0.04528288382441893 -0.004713046648722324 0.02533315404023406 0.002300116034125652 0.09526055408295375 -0.02577934897738558 0.02209870298934839 -0.07545898743002345 0.0266566959669482 0.01663420086457572
 0.09560678748449336 0.009128080523814044 -0.006248392422435606 -0.008085990547061772 -0.07531665589969766 -0.02394234901734521 0.08393680698311057 -0.0921405003398349 -0.02572937650639164 0.06424853642967573 -0.06531921445279498 -0.01045559125407249
 0.00653055290324904 0.07160643884589143 -0.0378547496608599 -0.07039990662918624 -0.05555847133307645 0.03124098145709853 -0.09301910358387289 0.07909299320597715 -0.09026742213640776 -0.06709792917184011 -0.002554042240652754 0.006621301515006311
 -0.001012011148836187 -0.05130004427623044 0.03010324366414349 -0.05394093340739347 -0.09812450949696294 0.08888038872073067 0.04062544720066022 0.01727200545888119 0.01477618639884792 0.00714021125126188 0.03391244624907128 0.04783635063214878
 -0.09098246438322401 -0.09459971521124326 0.001717335221151653 -0.07355564486158603 0.05405211283552527 -0.001370036998103064 -0.03308336034094803 0.06170943968503503 -0.07472285821002671 0.006640526662397297 -0.01678761082783625 -0.02335389686396555
 -0.05421185825025964 0.01217118500358176 0.09574293965081582 -0.07528942381788883 0.09783523218756326 0.06703117389669055 -0.06732372731253701 -0.03182330955551961 0.05910127934167131 0.02135963794858317 0.06158055826687256 -0.05765047733388139
 0.07672013286976925 -0.01915573062907935 0.01334008398405986 -0.01553168315505798 0.09859215510239058 0.04330808228358343 0.09497141487666802 0.09180787901033499 -0.08243243976390403 0.037394171151832 -0.0145873179283724 0.03561220966745657
 -0.06927080624214958 -0.0714295787640655 -0.07539537879201882 0.009860310080705384 0.07722079224326275 -0.04029685210309967 -0.08213303145973676 0.0752215324494053 -0.05203965084812864 -0.0163786137249165 0.05487790301450468 -0.06660200950183623
 -0.07792421169137714 -0.06038542972356228 0.0633732512863453 0.09013471113156615 0.01715810997262805 -0.001711685606211141 -0.05972379430360325 -0.06777317486365769 -0.05875578318266791 -0.04602568294094466 0.04249291290291657 0.03486977024914634
 -0.03708400737468891 0.01720640745255794 0.03748423671403694 0.04184754636019378 -0.007687972967934276 -0.01789066445572439 0.0233197155521145 0.05539803276813779 0.08039221171811331 -0.08375914709574325 0.0779951815535247 -0.03768671724973333
 -0.02878513974093241 0.02340312148997645 -0.07482294041493937 0.0950720862599769 -0.01851410665375189 -0.006122340608133825 -0.04216002795007968 0.09318513226682648 0.07017116033748907 0.04280655816665546 0.04308239023105356 -0.08364721292414738
 -0.04207618736894569 -0.09962239045158872 -0.05350942712242363 0.03919417249598275 0.09317287648345501 0.08305187255773813 -0.0212302010834852 0.04822940351393015 -0.02802843057692454 -0.01843085327541341 0.05881754751698254 -0.002659439621281928
 -0.06283662027639286 -0.009135364482326713 -0.08628704009650473 0.03225991104965562 -0.08454624449901575 0.0498587560768386 -0.07243604365439313 0.03820936401808522 0.051555878201133 -0.02049489628482958 -0.06501359529076078 -0.08444393007149466
 0.07173786989237604 0.03090000355525677 -0.03010972583740217 -0.0001890739515704454 0.02023046847464341 -0.06292971115515272 -0.01562094600257805 0.08356310734455027 -0.02230842539309336 0.006533258970643024 0.04004506524314938 -0.0400824085144022
 0.07378543931617002 0.09461118599243659 -0.02156116026653926 -0.06722989398317775 0.01796789470240132 0.01676942747851633 0.02419932778674809 0.0680574494184881 0.06595587496459049 0.07323407562566359 0.01092572869122108 0.09494140255436442
 0.05137817538438613 -0.0009231934213439624 -0.09390152206147928 -0.003659871397575037 -0.02578035894369987 -0.04316599500797095 -0.01053658839649721 -0.04130559069049883 0.0841501858858659 0.09643247438863797 0.006332653945060301 0.01573681830551757
 -0.04641043998852804 0.007565201566376453 0.04877144526731464 0.08970200773061343 -0.00923593105912078 0.006442590389984099 0.007404550041661517 0.0286373373882079 -0.07721040201419883 -0.08968873810827199 0.008152646605046623 0.03269317777845687
 0.01177760603315477 0.07352974979498883 0.03357108577423634 -0.05494339609826874 -0.07330072636032048 0.04003853753672529 0.01374436427239575 0.06455516296319286 0.002799045882213469 0.04078521259740436 -0.02252040134041181 -0.02285213483906814
 -0.0239231826153474 -0.009102735610694648 -0.07968970294877328 0.0662720898521961 0.06597923110453124 -0.01188886175004839 -0.01179515733660746 -0.007598935918611882 0.02873849690664818 0.0753245768917675 -0.05066935277054102 0.06255777986289032
 -0.07572521355631272 -0.0625452085794056 -0.05930615083187424 0.07230853798125916 -0.01159369172245014 -0.04239580163982679 0.01182806561920365 -0.05399935171604021 -0.09493074914383949 0.04607100496327113 0.04962923201799591 0.006162854305420587
 -0.04735586779677682 -0.07379866111426153 0.008258622930383014 0.05089078532105776 0.06361072522287034 -0.05639102150416066 -0.09718158191412389 -0.07979605318101173 0.03389394656901312 -0.05960552274169417 -0.09065759870476042 0.08452955499949308
 -0.08441628058546795 0.06799513163306975 0.07487053963269824 0.05635016429632086 0.04604202459283041 -0.03286640051801157 0.07229153771461561 -0.00141978668336816 -0.009473017990728722 0.03896432511533657 0.05242105500593167 0.03201645919331167
 -0.0662051999222234 0.02721736081785509 -0.07025854977900398 0.03641376358830944 0.08646919590472132 -0.05398087703532365 0.02026249309548667 0.03271837001962599 0.006664621287519171 0.04734626017018378 -0.05862425201732246 0.08316900613328645
 0.01979359652727768 0.05816364538003069 0.001306036984597997 0.01918036463080983 0.03746646552838656 -0.05561313611209608 -0.03299551153415967 0.09680702827565674 -0.09474070984232635 -0.08885174098829515 0.02554032894894148 -0.09121611966514209
 -0.09222256198552303 0.07797506099968463 -0.0116707026849627 -0.02733798455666045 -0.03349613496844414 0.05650356902566486 0.03331206709404558 -0.0739229688791383 0.08630145417751331 -0.0126132417506344 0.06702882264666707 0.02459642847802915
 -0.05550863890725963 0.06442485457099281 -0.01485461594101044 0.07956582873695039 0.03315237669900795 -0.0006987069695205406 0.04341470565732497 -0.03510309753980653 -0.02337523447994895 -0.0556944820164042 0.09854062478733999 0.03096998605188378
 -0.05273850415307163 -0.00313617833689922 0.08700001548850739 -0.04423863973495207 -0.09455290589968174 -0.07767423612488135 0.05088328699647623 0.0862001094215645 -0.05962145474125947 0.08523031197494019 0.02779899418073337 -0.06658825915419599
 -0.06735520478787616 0.01627326515189957 0.06493929326572553 -0.07117298061169527 -0.05781010874890461 -0.077303602031223 0.07776574698150485 0.0749378228013203 0.0936996439552055 0.02757917737195298 -0.09133544815753651 0.01616906613269931
 0.03485789785719445 -0.0952298803323039 -0.07397084846422643 -0.006232655164374046 -0.07346714540393537 0.01111472218366052 -0.08633885249773555 0.0175408190060615 -0.06661102765149408 -0.02910900576522055 -0.06136489538086368 0.07140412126665427
 -0.0831811165471866 -0.02213141790110297 -0.002796213805612402 0.03358944738816738 -0.0909883124970737 0.0210703114294106 0.003005148766477103 -0.02721616057171125 -0.008570993932897369 -0.08149510728754092 0.0989594103230603 -0.06835926617391788
 -0.03703949552646522 0.0276539308365058 -0.008083307073632057 -0.04642189047271531 0.09521048246508759 0.07474322900313676 0.01404109401556346 -0.08598068163217365 0.06134178156638775 0.03453503909032402 -0.02109004478218887 -0.08882298976915248
 -0.0795142573245112 -0.06348152985315142 0.08813837565294322 0.007852782608267092 0.01951379712453838 0.0005440393042015212 0.08980764844365122 0.09725266980713593 0.07258564147465302 -0.01473467905061437 1.613316485027383e-05 0.07308040044624267
 -0.09290986307122062 0.06755758879650417 0.01803671097120911 0.01211829541174214 -0.06424431498850366 -0.001256109794731355 -0.09822832527461867 0.09974376780562419 -0.06391962169515499 -0.08523613282713435 0.09709100355729741 0.03908198470469124
 0.08004627448016305 -0.0498190303412383 0.08768429065784419 -0.04449855249875593 -0.08650576439086799 0.09877013976443214 0.0869879278986784 -0.01332344987542616 0.009805200466975 0.002323494181366487 0.06328267056806997 0.07217796715249175
 0.06739634820117263 -0.00740326352853124 0.007151995398105807 -0.007573547695919877 -0.06401505736460612 -0.09710684904564426 0.03095059038254427 0.01937947939231613 -0.009009805383280348 0.004628550952743019 -0.04912024982535867 -0.06783395676271456
 0.03864718430198694 -0.04858065575530034 -0.06465707059321354 0.02513881997213802 0.03624770824234044 0.07322687755434415 -0.06976918888230259 0.05843318533157013 -0.03757746563702936 0.01089904343068768 -0.08482489961723871 -0.08138683610577899
 -0.04581242407260781 -0.04357541200958203 0.02106836782051121 -0.0592764055553613 -0.02011264338113655 -0.04081132023360578 0.0953004549827699 -0.04110539257785174 0.08592328725580328 0.08497511239874453 -0.06077860505754419 0.06065405561637402
 -0.007921206170632134 0.04434031248818307 -0.003324530291761191 -0.008094513929543842 -0.02310724349024619 -0.09553195041878705 0.006435002803656428 0.02847642056344585 -0.09224199462507651 -0.01274249187595454 -0.0525012541954513 -0.06086569590348282
 -0.0850633077338234 0.04794668484199521 -0.01521701656199591 -0.007390635047882455 0.001080176102141756 0.08941369967277066 -0.06027938775684362 0.06528992295012023 -0.03229740559703302 0.09232043023859124 0.007835448839785014 0.0332132908229277
 0.06603594702590498 -0.02018096941257383 0.05782767881956791 -0.01414228335807458 -0.06432226543984362 -0.04196731088854716 -0.05044638214910063 -0.06062264409050643 0.06772889247000208 0.0533594432860594 0.001587910876666584 -0.02751954030445082
 -0.07867417016838411 0.04189651561020441 -0.01144784389765793 0.07804445596314033 -0.09202032700703026 -0.07145872873874104 0.03471384328908592 -0.0183845446485528 -0.07425024912287938 -4.056787819560481e-05 -0.06595378318316994 0.01377044276295178
 0.06269332311511391 0.001659186439383536 -0.09470257683663752 0.02713932819035164 -0.06438360039760008 0.0712474098088339 -0.02698944444172295 0.06859650398504066 0.0404624123645371 -0.05188543010408184 -0.01275347393401396 -0.01888721451301151
 0.07072065615552883 -0.080536414179659 -0.002761943515183676 0.0006362428501469619 -0.06026287321481888 0.03681678530683236 -0.06900787976990938 0.04572084549798244 0.04419374086731298 -0.07907829595926261 -0.04752381211378544 -0.09751912259289586
 0.02602426310018352 0.08182262055061298 -0.04009265690415748 0.05922170124347936 0.06212309645858022 -0.08566998523367803 -0.0116688722806093 0.03591989747945751 -0.03495386674521059 0.05395300470081579 -0.0819074933101723 -0.03838372244154619
 0.03196795639208316 0.0565518263264502 0.01429687288566084 -0.01857144178632858 -0.07828095257615528 -0.008725622281708048 -0.09621607440467206 0.09343805808898883 0.03025700719534882 0.02213722586059623 -0.06816464260410224 -0.009281897335448624
 0.091714050627732 0.07559731604879358 -0.03636787628357495 0.01518924571557186 0.04549123702097563 -0.09145317532638531 0.05977082491491395 -0.05940809984143752 -0.07341735228070276 0.09363605405247613 -0.042276482746544 0.09076762061944216
 -0.01048617261413173 0.04754832981343368 0.08106633506302033 0.03056609718588957 -0.06889812933555159 -0.09117085847615029 0.07364791236027718 0.01401933113293 0.02668886987920643 0.04079637424415092 0.0387387775202693 0.01879782698168016
 0.05101896135785841 -0.0802248094591563 0.001772121749642031 -0.09667239213448713 0.07047686908565595 -0.05573023446813662 0.05704383452490552 0.05090503377882882 -0.01820632226862971 -0.01520342586361806 0.0231335183997033 -0.09001650849381837
 0.08274994010867792 0.05530478070036951 -0.0367262813420519 -0.06494490633210648 -0.06324627246599149 0.01191461039810378 0.09101183884848374 -0.08036224080083311 0.09609927421223988 0.09866208172784482 0.03963008106866753 0.0552905373137425


