# Created by Octave 4.2.1, Mon Oct 09 17:07:47 2017 BRT <root@mosqueiro>
# name: w1
# type: matrix
# rows: 50
# columns: 12
 0.03628235369416738 0.01101412175663048 0.09506292735575647 0.02934101452027726 -0.01300579209213373 -0.05439348310806837 0.02410874453146172 -0.04828867184994389 0.003714285935252221 0.03522939888358634 0.04941655169197329 0.09710489609646336
 0.02486715010320487 -0.07030391182632291 0.0965831941037065 0.09573429641345285 -0.02610321391957952 -0.05379053989120409 -0.07960623964777259 -0.01686457184627324 -0.05408521901642841 -0.02552252950735011 -0.006311127793804105 0.08031490807425978
 0.01346181927431792 0.05169436807090197 0.01166096243219006 -0.02755195074497162 0.07377560689112744 -0.04647380579987281 0.003290256651847873 0.09139392624176168 0.06601198188311724 -0.03368782988304279 -0.01772203637433055 0.01178974374762305
 -0.06471898021378741 0.04431260180802307 0.09761071845658423 0.07377006411849321 -0.05773089296594752 -0.04935127993039987 -0.003979132863591806 -0.03172829374630454 0.03402895414159934 0.03302747342551662 0.08041325351199899 -0.05731470575305567
 0.01355427376429767 -0.006457978745818632 0.02334734372348923 -0.03412494337356266 0.09929187695102171 -0.03519026288641679 0.009702335861834249 0.04335254088875501 -0.07690714810316369 -0.06641143049713324 0.04441969161824999 -0.0598987717232944
 0.09906378236970287 -0.01093051697688147 0.007288837656117958 -0.002890147909881541 0.002930338908149976 0.0132790574389933 0.0580048382220732 0.09992626612211747 -0.05871540010234103 -0.05407634126125604 0.02454046921639583 -0.03858296107778058
 -0.06346891297584942 -0.05772074159893809 -0.07658185309773735 0.01911818505716081 -0.04130031221759184 -0.03397792845478144 -0.03283188274762251 0.01380192999067682 -0.09669249717726038 0.05076843911195292 -0.09450553530966489 0.06648660628295514
 0.02268535402232497 -0.01235110033186136 -0.0834538343214542 -0.06092655110298405 -0.004697673310712164 0.09402135037356393 0.06405810720896665 -0.03243604115738902 0.04257636387878436 0.09446131101313177 0.09033020612759679 -0.01819915314375017
 -0.01290786891719958 0.02240177157129478 -0.04782451478516948 0.06122224162745177 0.001845657650159246 -0.08450342075611766 -0.02649972133945204 -0.00690519087631368 -0.04445857582270975 0.04931866318096553 -0.07038037815042399 0.007908747399143115
 0.04430448378829291 -0.03463555958110628 0.0758793908839627 0.03347456429031909 -0.01484774402406376 -0.03155847686424638 0.0445025698825636 -0.06595745526201263 -0.08198354938994425 0.09811099386505459 0.02150601994728393 0.004350235846627942
 -0.06520090966935679 0.08874877761975133 0.05040016091674041 -0.06533407233521328 0.03932349847475949 0.02336456193664194 0.09991224330088777 0.08340599853591266 0.01065011061404368 -0.04602074022473292 0.08569585725495302 0.09023350231717905
 0.02525342864069255 0.00383372348747904 -0.04757153035419967 0.09218260086072305 0.06080113753404848 0.06493891821092843 -0.008258163100103993 0.02033053535659124 -0.05613530795234913 0.01919182595310806 -0.0191400676861217 -0.07003370460693664
 -0.0754471672260498 -0.04894661992257191 0.02824349285082442 0.07053379486713546 0.04658621811321492 0.07460031877275178 0.08174411112966715 0.030912122276088 0.04924987138421391 0.02472490144385157 0.04770748644051376 0.08265240550504152
 0.07730724937956043 -0.09788303226477368 0.05821126126564924 -0.04506139480702381 0.05226925396513912 0.03658248962793118 0.01070895819928805 0.003952817529937674 0.09927537105886727 -0.0847027160009641 0.05778463126119357 0.01930374480518662
 0.08990833526556005 -0.04059325269390432 -0.02996719264039137 -0.01273923150471609 0.09146199345582448 0.06802651424890846 0.07236313291005955 -0.01664321636828583 0.0943122967411841 0.0004573423657739661 -0.008176542181806648 -0.04918120315632305
 -0.05025597233955347 0.05894617974941394 0.01897180740706887 0.04189957869571856 0.07726948678117568 0.007818593679218749 0.03584740911427325 0.0525791890498932 -0.03049442284532471 0.06249831279852491 0.01726702532740469 -0.09450741738295387
 -0.0517547131485635 0.07878463627726001 -0.08917870829094998 -0.0984141425917447 -0.006723850462424172 -0.04454288225479636 -0.09863959566397508 0.02439826204659057 -0.03269218905127584 0.007103800554574671 0.06894206860291627 -0.006935253608933864
 -0.05780435800424438 -0.05341399188180328 -0.04323775154000088 -0.02488167357578554 0.06666857171303928 0.05573573994824227 -0.0727266184863232 -0.0805897844460095 0.002165796437974724 0.02260625344267794 0.09623601619376443 0.02862918565812994
 -0.01914509934854883 -0.0569449692953819 -0.07003374507060206 -0.07915588352221982 -0.06881728121753658 -0.0825204844089137 -0.02951239461726628 0.07018212351969758 0.02224393061441669 -0.006842275704666806 0.02670578389065009 -0.02886527651634882
 0.003239003566356272 -0.02421117725430336 0.05956444382495454 -0.02099497495934523 0.03619133119377907 -0.06725324104208028 -0.03538706105352273 0.0206745396226103 -0.01220276024023835 0.008775032246809464 0.01081897134089509 0.05851089738147461
 0.05071811899106843 0.09068339431750821 -0.03199873365689522 0.02693204965135049 0.06430229117343447 0.000790888078375393 0.03466028301672727 0.005450337605667974 0.09356428050979132 -0.01745969666878179 0.0467616176510626 -0.07837563706183415
 -0.09496875884634448 0.05016509743283212 -0.02477259217987827 9.440278794628498e-05 -0.0966800417227178 0.008519741097581052 -0.09546797311651052 -0.08391710741991144 0.09200253607082948 -0.0923262799568709 -0.008110322336343442 -0.0556989763515107
 -0.02126312458643914 -0.004229758459928776 -0.06900079161842548 0.05448460891955936 -0.0732433018335793 0.01654002395897244 -0.09834052100751563 0.06142653727682393 0.04998823137749797 0.003308858512699547 0.0622902509618351 -0.05351930574595575
 -0.01426327458628572 0.0806740623583431 -0.01984861772938783 0.04542615802093883 0.06516177308916407 -0.06411822149270076 -0.07960381258454827 0.02821853097518234 0.06987089500897803 -0.008430084935008644 -0.0597080384017272 0.07478601299531171
 -0.0987376926689041 0.03306759204505269 -0.05746371342796731 -0.09233900736717597 0.08386491819572769 0.04383415983708511 -0.0002364150359762396 0.06611399347180003 0.0504924784129189 0.002505835983076257 -0.06196670748817445 0.04674499223029729
 -0.04237947579837195 0.07734893301752252 0.0783507799014462 -0.05974371730327416 -0.09039929106886377 0.02827823069993701 -0.03448666765097451 -0.07060399184172148 0.02856026464927611 -0.0150170548810442 0.0702570824899432 -0.06356577364040884
 0.08724370682471769 -0.01529108372625093 0.004415583194887523 -0.005993943809969454 0.002828439471380298 0.002181914163272514 -0.06377913250702372 0.07093346169693848 -0.09917696941782736 -0.08207436931751277 -0.04445459654706786 0.03279894472130054
 -0.07757630564629771 -0.06384207528899302 0.02938097709504875 0.06618217405144355 0.08196266799426088 -0.008380071996579891 -0.05238580082912089 0.09684601925684094 0.06761522995029717 0.03373366163270428 0.04804685236851169 -0.05286721223179994
 -0.03266147429282135 0.06406882331601815 0.0673084367450269 -0.002858892823222187 -0.05291247183229736 -0.0951013272809559 0.04581837858368393 -0.05498598469249031 -0.05508067242368623 0.06468379631457505 0.02344936693968055 -0.07032559549680725
 -0.01213398846965033 0.0223742038520804 0.07180626635109508 -0.08271828754000178 -0.02108309039215341 0.003011477279837929 0.03539748077982066 0.08304533840709755 -0.05799368222640745 -0.002545327054200047 -0.0139040616193182 -0.07997846801951114
 -0.06363445283152375 0.03833436149480288 -0.01422025091214921 0.03401321159528106 0.05094234788816618 -0.09224613589826776 -0.0298808481528713 -0.04644925891165876 0.08248726076920365 0.002404012427391744 -0.07388875284817555 -0.08334558690808544
 -0.09289146428808726 0.0861325266682636 -0.05739366873321633 -0.09532167005655716 0.01799649921027005 0.08525059642251684 0.09692376411461318 0.006850947479149008 -0.08844421921930361 0.05681952238996446 -0.02777371502734433 -0.003373781688802105
 0.07496625305068072 -0.07289659607249011 0.05474330025567295 -0.04131961935756709 0.0393212264435096 -0.006714524493504195 -0.04888321775664942 -0.03008218431128082 0.0685215580885393 -0.03346267407720591 -0.0182320907507376 -0.01273251662551325
 0.04549616911479931 -0.04560651793290071 0.01942447746459222 0.05929157712444821 -0.05583663566118863 0.05014211167509264 0.0009010627240868957 -0.03026454792059623 0.03759793142249018 -0.08758198516005412 -0.07797583243703285 -0.01039017278597273
 0.06309187648799694 -0.01802878899917679 -0.07148959422295847 0.03504117507339291 0.09912202534257197 -0.0652172514476477 0.03281003521605924 -0.008267070627486495 -0.05629833627470394 0.04507444229173899 -0.0607194850212358 -0.00417050627010479
 0.08768301873399054 -0.02878123004063783 -0.08446790176837868 -0.08484194948159485 -0.04306430223585581 0.0791073792700063 0.009337184747498534 0.0954390449313238 0.04242955581163779 0.07066234287313097 -0.03825237381206276 0.05857333998511091
 0.06946127250779352 0.001422404063889757 0.01427815901015632 0.05722754580500714 -0.02449757292212941 -0.08680154192997902 0.05181873007079277 0.03330813698317497 -0.007801081532841397 0.02993313568331976 0.04115871033146726 -0.0418273966521057
 -0.005988406146073627 0.08153571729517728 0.07931228120295639 -0.0435612286799917 0.01408911016601699 -0.05891152067674152 0.07330573165887186 0.08101724053003012 -0.04525873995030018 0.01405228586293923 -0.06773085645188787 0.09537138020701594
 0.08605411817140327 -0.0669260356717539 -0.07521081748251665 0.08331262310089346 0.04738450466919161 -0.02713971314649309 0.02722157060559593 0.01033924862427855 -0.04966435729838604 0.06127803136807861 -0.03802049059623606 -0.08177508973877823
 0.09006126987713278 -0.02434375726226698 0.09414798426690205 -0.09467679053071376 -0.03514693930848643 -0.04562282688678318 0.08849924783310215 0.007008138345125856 0.04583569256023085 -0.05438347318112499 0.09137053842295681 0.01628538846221586
 -0.06158043642326473 0.01970258191755112 0.02026765651419955 -0.02969506449752103 -0.03372096023852723 0.07243004608012632 -0.044515300971711 -0.0303849936960133 -0.005103828467068861 0.08665324160238067 0.01631671888224392 0.01853644160783471
 0.02895327282194418 -0.006504090320999287 0.00521257042411212 -0.05077083126882886 -0.09867684094706743 0.09521065159565861 0.08355005284325429 0.08505432243273739 0.07508506366214648 -0.07039681711847584 0.02173249394056698 0.006282781156471379
 -0.02521447647479359 -0.05975509065917955 0.05358122945652885 0.04461129775273617 -0.02066822715644037 -0.08802241516418578 -0.06803021600583981 0.06624144362350123 0.04496981061629288 -0.05013841900114581 -0.06429820761241384 -0.03744203335927508
 0.07932979653256558 -0.08606057472748471 0.09748226147174008 -0.07449909508517151 -0.002538408374008191 0.04798691767582658 -0.06465709015007476 0.01714613966536067 0.01840675069270008 -0.04705851708154597 0.002492613904511568 0.06184026655134797
 -0.07226655416521627 -0.01030046960113294 0.03854293667894182 -0.08870261178709227 -0.05764473093941733 -0.005519940869086526 -0.03455773041809353 -0.08647430588253396 0.07860435174343461 -0.0391224785163837 -0.01288493760870588 0.02368414698754535
 0.08682360648645751 0.05793350967335598 -0.06027836062085116 -0.03443768020027381 0.04725665901612938 -0.0941492883455224 0.03661308758798479 0.01358244039819567 -0.01166591875599546 0.0397979669473249 -0.06838803092465823 -0.02657376131809673
 -0.05349960557193462 0.004965097417392289 -0.0339595399269482 -0.02580873162370313 0.06691549547453368 0.08286772433560882 0.05169798585290178 -0.07858316414557558 -0.008361835243755986 0.03530493277306013 0.06141968740056897 -0.06423902746103383
 0.02837794428846654 -0.02761106724355686 0.01737711106311571 0.04501070409332394 0.08322999694270627 -0.05625815947814427 -0.01075937407925981 0.0183512482520671 0.01818777769338933 0.06547404620952937 0.003811149521576268 0.01187588882363259
 0.05313119063945482 0.06975985747573704 -0.0535312434138192 -0.09925991221366412 -0.09623747065496106 -0.04897167414403813 -0.01922458659706329 0.03348850417092525 -0.02501595664101176 -0.01358018426183114 0.07892201777194241 -0.07120487710625702
 -0.04125611964614707 -0.07259839643909227 -0.06583681061784374 0.06882768638636022 0.03107159406097093 -0.06112377183752028 0.09038649691461198 0.05291833828430959 -0.01176455954102323 -0.09572877727354975 -0.01121852088836696 -0.06811421641803439


