# Created by Octave 4.2.1, Mon Oct 09 15:12:30 2017 BRT <root@mosqueiro>
# name: w1
# type: matrix
# rows: 200
# columns: 12
 0.06306002667491653 0.02826524086456006 0.006813659539948391 -0.03093518260581693 0.08789250196367471 0.05277018376041784 -0.03725769073703794 0.05710700683716216 -0.001404954843507805 -0.04428857349365309 0.09667229454048518 -0.04139871113786273
 0.03910138764594678 0.07892706312644174 -0.03089196334015908 -0.097840456434326 -0.05798122343654918 0.01052825113193552 0.03340560485515015 -0.07966563652073334 0.0985078060843568 0.08788199869619814 0.09591236171351819 0.0817581242175151
 -0.02696892713792846 0.0961545288728721 -0.08728213153531987 -0.08017170788381169 0.03706825012209336 0.08001734662018378 0.04235542109162221 0.0419084030202462 0.05722858190276045 -0.09378511876919768 -0.008059628035720967 -0.000180618688326542
 -0.0664026213074779 0.05527181007384549 -0.0751548786035596 -0.02181658351322334 0.02466957307725456 -0.0007242885010303735 0.08868163601516782 -0.09896199231694433 0.06479867646780976 0.08658046580832246 -0.05003737874989193 -0.04754969988652333
 -0.02565185508731747 -0.01367876494816894 -0.06939004057911413 -0.02816840927825369 0.06979850957173364 0.05636698584168984 -0.05039114115868157 -0.03242804176903659 -0.06619075268352706 0.01822352417438769 0.0005275726983903911 -0.01148609898423637
 -0.02234417883085302 0.09323883431589283 0.01577026260214856 -0.01268141656706732 0.008420258127612198 -0.002973290964656913 -0.04707630706375798 -0.007993980609351539 0.02324281204881477 -0.02422056761193964 0.03223473239436464 -0.04503265948600016
 -0.04590649056484685 -0.08300088959578511 0.0870969890372624 -0.05255511238483321 0.02015865514571939 0.08187792011425299 0.01554577306614649 -0.06611655967253188 -0.06898339022901893 0.009950374456678901 -0.08254590113314808 -0.08276081482086861
 0.05836672638814991 0.02509951065441407 -0.03458700634572552 0.09209039358765886 0.0811720882392111 -0.05484125674128518 0.06638012518840805 0.02129858428273627 -0.06656420534092257 -0.007744613978173553 0.02615748044646643 -0.0245700948804414
 0.03172513886364781 -0.06426748646643862 0.0968966704326574 0.03827576016631515 -0.09027466575549527 0.08350316179262735 0.08870796452757815 0.08775670742062802 -0.06483228356938922 0.01222810821729892 0.06619971490234577 0.02964545515109809
 -0.07468577297200442 -0.09095196122193572 0.07805996847226823 -0.002041449442135523 0.02786383756258343 -0.04611221748982991 -0.03755864823725158 -0.03171084395605937 0.01095614122938222 -0.05016914567850769 0.02821933764374035 0.06693931258205352
 -0.03338549447829957 0.04745446937862313 0.09169085544485542 -0.007975822207161726 -0.05216244383262933 -0.08150436323189678 0.01826401520095178 0.07774053851197879 0.06634487166642175 -0.03691716322701286 0.08186966994865205 -0.08008689619545943
 0.07493708658448231 -0.08822436198038601 0.05198039276614477 -0.08682423045047771 -0.02607734811010415 -0.006856343364162396 -0.04073483373713932 -0.02992444029569667 0.01498888071481086 -0.05350548646933998 -0.08887329807481652 -0.0781532298302709
 -0.09568886387792909 -0.07247911825200992 0.04179332015511322 -0.09691837291519802 -0.02137192325179972 -0.03328483350343475 0.07990589860461336 0.08360344412629722 0.02894787681172634 -0.07713940688282007 -0.001127940994980453 -0.09088673159503048
 0.02045572194082383 0.09469546563968878 -0.03863190053141105 0.09741636236672715 0.005920233308311484 0.04636013300492697 0.05743025576904801 -0.02031804164943848 0.0400964418258451 0.05748902414636073 -0.04572420522943847 -0.06244015211108377
 -0.08895659655674364 -0.08896145415960766 0.05448313011298669 -0.01339297058772047 0.01936593558483887 -0.01775318470734256 -0.01277404572114403 -0.06221807956376474 -0.05053622878101395 -0.01665258818050624 -0.072900278241114 0.000557145568920947
 -0.04383961145579984 0.03667019023279636 0.04209970228636972 0.004621642085845659 -0.04941155933237151 -0.04640048535299034 -0.06986701751687278 -0.03777727871330838 -0.0522212712321522 -0.02469365026303946 0.007120215071965294 0.04562925333070128
 -0.0158972165690361 -0.08406346494116457 -0.04954220573924363 0.03612698072156612 0.08283907364165763 0.0678464212749699 -0.0659648366362198 -0.04439951262080989 0.002139050658616012 -0.02003270243083691 -0.02907017300329388 0.04662384177404716
 -0.08453473894675473 -0.06649644739433053 -0.03613524647499508 0.03411151570242105 0.07270515700292854 0.04197834905215903 -0.09259656156436637 -0.06138672335426673 -0.06484989050265785 0.09686920844290484 0.03839376157868227 0.01218091353207791
 0.08766622632958204 0.006565132270212382 0.00569087694269732 -0.05927651659686754 0.02201222744351453 -0.08019091535807496 -0.04874650135436153 0.05235778503489333 0.02816910889229948 0.09943298575838838 -0.01442270499120681 -0.0412823441872754
 0.07059193136854239 -0.08869205087777067 -0.08669580523212563 0.07408080200174888 0.06213344212165442 0.08057789742554644 0.02728829317472831 -0.09341498408123092 -0.01558341834588071 -0.03859921915921324 0.06771679324902868 0.03118382225713257
 0.05736097659113934 0.04550353955366396 0.03244985138960069 -0.08843095282681243 -0.04155392358117062 0.07400138698073225 -0.05860071078296708 0.01703074741352964 -0.07738379405902593 0.04840810504776699 0.08414577788182229 0.08024142308777396
 0.0456733618812141 0.01912832100321504 0.08669914881393675 -0.04666430931379496 -0.06113536339983991 0.02637763864000436 -0.02065563430519418 -0.02034762190877665 0.04043586818548531 -0.03010273725622646 -0.03866027252708872 0.0726264024902773
 -0.02433024804875766 -0.01264767797527627 -0.05518019008836407 0.0585529884596446 -0.04514173049729395 -0.09468352585212082 -0.02428560979849938 0.03104638835231582 -0.06110814432894864 -0.07490597491358392 -0.05182018843091655 -0.08129409248720332
 0.03270183233934595 0.02736588490858391 0.03102235560120997 0.02535950783731281 0.01714087731129996 -0.08775043525951289 -0.02248648315289831 -0.04372035388041123 -0.08646295607836335 -0.0299590483449291 0.07384191453323002 0.07957461157075457
 0.008864718622670492 0.04273800862644936 -0.009181127516345644 0.06120833269820478 0.03944234708625335 -0.07615367302067035 -0.03786901116320231 -0.01313005908401178 -0.0008354602736761751 -0.06848930582586189 -0.06343170366540732 -0.09498922583014319
 -0.01702423920024956 -0.04088646813921387 0.08840912785829477 0.05783777606095439 0.05359080721735701 0.08225306037072158 0.01922943623473092 0.04063634596100946 0.03407569295651544 0.07575300609958011 0.04663756541915598 0.08493529803167671
 -0.07134034308608014 0.05552016269074228 0.05624142945023178 0.09473480072167964 -0.09173125412244194 0.05435180533511283 0.01328902669741024 -0.05237000518024679 -0.0904778774742221 0.0994613618687771 -0.009078406329024846 0.08166513376773962
 -0.08269485373801505 0.09128358593566352 0.005890462766081767 -0.01958753773632729 0.07078912862698591 0.05299405771805005 0.07040113876360082 0.04232477123186767 -0.04064280306218319 -0.07634682892636513 -0.02224233660601355 -0.06295758978373953
 -0.0009532898009772112 0.08030829985714785 0.09783621632467929 0.095824338983169 0.02995274409032966 0.08232408447168779 0.0002856018852771952 0.02013044071159094 0.05179658437410156 0.05346099803961035 0.03751910827189511 0.08714606688198431
 0.04381925191139585 -0.06393780255488836 0.0972606329585117 0.01091419052528694 -0.06905359062160414 -0.02507006198706895 0.07338785497711944 -0.03786283862058494 0.07475269027670708 -0.04545897097610864 -0.0179800609952035 0.001420853191990548
 -0.08604108131390215 -0.06039693059811885 -0.05506651073696595 -0.09924157657952763 -0.07069699472936279 0.02232168643975299 0.06181747291234638 -0.03982372824550919 0.05423321506297993 0.03557420155230157 -0.09540910514250946 0.05174146467525334
 0.04483800140009297 0.01148981977173766 0.0441080458328407 0.0854716837263258 -0.02997618046156524 -0.08373597642860701 0.05923395761257708 0.05986269543040265 0.03620313942482217 -0.07670087819048377 -0.02426963308276374 -0.0601687678077652
 -0.007670139761966718 -0.02865624072164007 0.06244039921597341 0.01335340747875217 0.05805140368908632 -0.00111349068102716 -0.05746571132064341 0.0351194077719364 -0.01071193810286884 -0.02928025218177485 0.009799913826824325 -0.03714197033758539
 -0.06435268734784261 -0.03321030919177975 0.07930957289289034 -0.07495340483152732 0.0881413318831597 0.09560032667646115 -0.02835959225063142 -0.02101523143733143 0.06770594736347568 0.06136560386266279 -0.07985008825621448 -0.03846364631851239
 -0.07876150535550468 -0.03166589398935354 0.09158668510608117 0.003193367376674597 0.03086476469111024 0.01179061333620424 -0.0712903234850334 0.08178365315705458 -0.07972118088541007 -0.01567713173166421 0.04244773194827406 0.004938463038433677
 0.03022748557438351 -0.01111599978943148 0.02601288921768549 -0.01481372215899922 0.02833398941511184 -0.09050783561405384 0.03419234374419416 -0.006776281240991361 0.021393915089536 0.02669759792279799 -0.0932706026485151 0.02097384844291694
 0.03985763014562077 -0.07268151583950963 -0.03563728291757919 -0.01960080933210485 -0.02065681963446477 0.01485267884248756 0.0378970520315913 -0.02576151346569557 -0.08111456647735102 -0.06793342792346525 0.0298918283890631 -0.09124306244273102
 0.04317986271086191 0.06513512930339987 0.0281259640766886 -0.07792738144830751 -0.008270408530691956 -0.0341616461169089 -0.01277240056473358 -0.09460125985463405 0.03147424388576753 -0.05724855339986436 -0.02338889714703682 0.03582320596155267
 -0.07632212735176917 0.05210746550673126 -0.03604850419644909 -0.08641821173787875 0.06112090175947962 -0.04013464010330445 0.01609324283873056 -0.09083028135776942 0.0001179221494038707 0.09788955708572636 -0.07517747646034095 0.08418302714910461
 -0.03409487901184315 -0.05826097148760471 0.0420340610207825 -0.03631270832537697 -0.06668615388637768 0.008391569567015589 -0.09253039940095029 0.0122405923810089 -0.04350916260882642 -0.07104052779333336 -0.0729755306773401 -0.04778721613349525
 -0.08800385540494493 0.05704939649297253 -0.09966138714310188 0.01277105432750518 0.04680682165896372 0.06896350109814306 -0.03271831500247896 -0.05386427133156494 0.07631701046124501 -0.05448588157960545 -0.005066336765275251 -0.05195789842405622
 0.0432363294152433 0.0878147026356027 0.02433546388744168 -0.05098145065364276 -0.04150808975586195 0.09244045691458302 -0.05150240316045777 -0.09808948806503497 -0.05603644888921963 -0.09840780264637816 -0.03213382038243894 0.00333672662841096
 0.01459398436080059 0.002318497917840737 0.01223828765258124 0.03700410880338462 -0.03986404232460518 0.00245998276072508 -0.0994475349196734 0.07356841425695482 -0.05166757973216066 -0.05751551631092246 0.01261972533345783 -0.08529987386627211
 0.02949148399722012 0.06541265664746623 0.03319188420805214 0.08835885677564526 -0.08056226770643971 -0.04488588152471808 0.05074397783831316 0.02342360799740217 0.05887049891274487 0.01118952647289188 0.08538504107726577 0.03768621628563093
 0.01409731326031856 0.04254335053000813 0.04671872248647396 -0.08514800885609902 0.03421941918311591 -0.03587462832784166 -0.06898952548757054 -0.06823306378347055 0.01786415785689 0.05621557209528774 0.06286794174335056 0.01551218410170115
 -0.07376080820432211 0.07603177239706174 -0.07847817745354028 -0.08224801792089897 0.09484409433225335 -0.08977307232784623 0.004436599600282684 -0.06336559254982491 -0.07796892089355535 -0.01296069007499158 0.02401348536022241 -0.04267585579941768
 -0.07137485614236742 0.04186335686109782 0.09628623582325965 0.09386978816872663 0.08962359648749077 0.01398539691209148 0.0892102433228204 -0.03920880382886988 0.01315867471201475 -0.04559388696232249 -0.02512230827465575 -0.03849650119521336
 0.003563959078163065 -0.06995644811271697 0.09853187692988472 -0.07295792948288321 0.06487659554954175 -0.02156083426131092 -0.09550591566149359 0.005219585317006586 -0.005964945731002674 -0.01417558641999526 -0.004249487639941388 -0.07983916007530739
 -0.005119446860525442 -0.07616651591540163 0.07406279467558693 0.01705735499986785 -0.08790116551325852 0.06761601780326038 0.07359836277996143 -0.008476618051965215 -0.06209485265587442 0.09760996245774742 -0.06852848838084549 -0.08602479074997491
 -0.0239325413133484 0.09546701747238392 -0.03955617339197936 -0.03862436222144318 -0.02016837027017117 0.02055373848685153 0.01665276704730836 -0.02136545270881854 0.0307189325961067 -0.0002078834475687519 0.02989695341032197 0.01679128579029579
 -0.04417618107121438 0.0003005063153770637 -0.02651387908129405 -0.09757940039020785 -0.02263715721411239 -0.05141871225280065 -0.02783571839126014 0.01964746945576332 0.08137667528912429 -0.05841656767533147 -0.0596382544094504 0.05979159655374461
 -0.03027688076092522 0.0321565266439541 0.07459346556449514 -0.0003054372738605093 -0.08146862967586452 -0.07243458631215377 0.03550453542685991 0.04911295327015469 0.06875537436775786 0.07566898620256521 0.03631831096881605 0.06577721912953752
 -0.009243238197651035 0.08840985575922411 0.09550887818717058 0.09405929291964518 -0.08559841202197217 0.03738923702564079 -0.06000585407222602 0.04729661043106798 -0.08344786631888321 0.06641869483702131 0.06491070083770081 0.06397203640589139
 -0.007478162327605287 0.03451423926272207 -0.06293310174185165 -0.0661983740224506 -0.03718838193939457 -0.0006381591928945468 -0.09534412496932838 0.07792621376039707 -0.08327884034433369 -0.03551669884037222 -0.08808228175678506 -0.09950500306653484
 0.009085931200864955 -0.01249925524869192 -0.03422100842538976 0.03808235330437529 0.001786841809317874 0.06635818275343908 0.0985033525769265 -0.09997567447609608 -0.03502714487851437 -0.00699688306573093 0.01814106653322782 0.06104892279154503
 0.01920993874513421 -0.005194951067095679 0.03273067363913024 0.007460897778401351 -0.07632828351046488 0.03720769212249406 0.09103704405660717 -0.07153266633656823 -0.05884194482192123 -0.05134744704267774 -0.0515194744435907 -0.05057665053913338
 0.009984362859141879 -0.07043750448840282 -0.0358311321222074 0.06500386832495383 0.01950521776795237 0.06141094441515896 -0.0491881006012909 -0.09357979267303825 -0.07050153331199804 0.07491982771876823 -0.03542950396828176 0.03967169782446631
 0.02663066455791105 -0.0913176407882617 -0.01699819390013582 -0.05764439666037433 0.04039768823169168 0.08980254478456784 -0.001316202221289781 0.09970069134492485 0.07344310146916486 0.05428404463837794 -0.007288437231128791 0.04636343676415766
 -0.07302054564689513 -0.07115170530320514 -0.09814677621260755 -0.05319790812613387 0.02027177571336709 -0.06923257613086532 0.02027121321597011 0.01259040383334384 0.07124581281312145 -0.06443659958158655 0.08025481228905607 0.07077373629674197
 0.02170442248297288 -0.03390620352843096 -0.08883461313237699 0.004596990723905375 -0.08533807001875741 0.0962985378156489 -0.08905585945070006 -0.06290225490725712 0.04618621626798572 0.05320393480160632 0.04283988722377441 0.004746703905473604
 0.07605929005632989 -0.0817261025193388 0.09987189827548756 -0.08506132074778662 0.05431940302579527 -0.07568874519443022 0.07458083334999899 0.09235125566223559 0.01532123894768567 -0.02817567740585186 -0.05008887124903795 -0.01001827033253769
 -0.02139284532680202 0.0636897196298255 0.03797761495035645 -0.03330373430749416 -0.08283648328308492 0.01970975768989151 -0.08289420697344804 -0.05008975851231822 -0.04157330834901666 -0.03822503800071197 -0.05464311804325259 0.07305042038992901
 -0.07997500269920314 0.02101966252212013 0.09222520573015708 0.09683185808821787 -0.01476349213291064 0.07732573517529903 0.02308279800664355 0.09921165715206887 -0.02703794309014455 0.07877405885588615 0.03574116001566577 0.08365577736996688
 0.08852522642637126 0.09627089084020726 0.02832362094363555 0.03290783727240942 -0.07922191982910433 0.008885188403247146 0.03407996711142997 -0.007227852820959696 0.06821729148587261 0.08655067914592401 -0.09133785442409127 0.08529363367132312
 -0.09320514611666898 0.08381712345893597 0.09139479343938658 0.08769049208132104 -0.003029423670217399 -0.05557953584116183 0.009794213607870986 0.03905853456633696 -0.07103679699523106 -0.04842718447910929 0.09983115242981691 0.01519359621144153
 -0.0433117371731259 0.04931910383898414 -0.07372099250792546 -0.03499765969181221 0.05878280375069117 -0.07970748703867618 0.04832069345519227 -0.0112418555377308 0.07805954664170769 -0.04045408452897245 0.003773660566998197 -0.001468196235873895
 -0.08289232349709305 0.08666992609019186 0.04225833292250208 0.07976932292379069 -0.08387673960515375 -0.09229423217429407 -0.05860637149144891 0.003016085146163944 -0.009598660917984031 -0.02208827304996173 -0.05026717169480856 -0.0893398880729294
 0.01434137967083286 0.08922676591784562 0.01828983817468435 -0.06003220577580587 0.03562010097297058 0.01208745586252609 -0.05888754270143507 -0.02427822105027908 0.008538070005489076 0.07024980937577471 -0.09761033880923987 -0.03340103120386866
 0.0835995135413608 0.0315837916992045 0.04365392342284491 -0.006893055021038624 -0.04384872720366874 -0.07591264775000869 -0.09009559731908527 0.04030976181836055 -0.02887558690407137 -0.05039044739445343 0.07054996034357955 -0.0366661102475415
 -0.06785882027621776 0.00906806891517016 0.09718365998613326 -0.04813016481504037 -0.02751048957776471 0.03847415768867654 -0.05794175512984147 -0.08984634422881563 0.09277058906040692 0.01440942247419448 0.07540194037816522 0.004921755022183102
 0.02468088216365523 -0.054822154748747 -0.0832886893144103 -0.04056697937121981 -0.07011124736438491 0.09645035964355422 0.09945032310280844 0.0971167986090884 -0.09305051606407279 -0.01931924663977382 -0.03297603416321768 -0.07243237788112111
 0.06644973711899041 0.06649116300652688 -0.0322124046256921 -0.06054180564041568 -0.01119764223885968 -0.06375573297713677 -0.08767969372527344 -0.02525486706058827 -0.05220583230758612 0.06165026982084251 -0.03493853570861173 0.02312987901278654
 -0.09104737755025627 0.08927157757482687 0.09150959750872451 0.03385183530938979 0.01583837474180047 0.04245785529161014 -0.02882272224145171 -0.02129600753366162 0.09895456878187514 0.07283163566287226 -0.02942737949366631 0.01953756725162459
 -0.08440039777555072 0.09622657688092637 0.09238286869518011 -0.009817627128777484 -0.08815616309006528 0.05005404016258294 -0.09054786467187143 0.04920183518117438 -0.02730407567376249 -0.02431710667771211 0.0099326436287656 -0.01363904554784177
 -0.009669747395258638 -0.03928064851090788 -0.00188594758372071 -0.01309670364550095 -0.04928831701923943 -0.05748103420895802 -0.02898999083674507 0.008296723694148106 0.05349718319759247 -0.03207561783254602 0.09218010678449595 -0.06619681411069897
 0.004860068099993259 0.05576825627796908 0.01376419910564823 0.07541179717707841 -0.007291653457293629 -0.02464118937791474 0.05880245456316202 -0.03212876555693306 0.07120479837831692 -0.08954989773227699 -0.05282543271262529 -0.04090144408612559
 0.0614155577937299 0.08012110669507769 0.0228109642340267 0.08775082890817346 0.02591190804132434 0.0401154745303072 0.08520830259213927 -0.08519541988063763 -0.03033270896221472 0.03254865421101044 0.02442765262582627 -0.006801282088207045
 0.07914925569300457 0.03422275420221213 0.02922463308386988 -0.0916695751147434 1.087898736887305e-05 -0.04842904189679292 -0.07398760078803585 0.06980514558061937 -0.0735460415868643 -0.03116800260336776 0.09048793179189105 -0.08738798481444054
 -0.04676802450392236 -0.07265782993905498 0.05284362308267782 -0.02523167680012171 0.03064935998166687 -0.002280345036028752 -0.04200957700152635 0.08494885550787376 0.03517474123214837 0.06738739834721286 -0.03069040680360456 0.01716426960029271
 -0.03623719461056016 -0.0435188886920297 -0.07134381469447898 0.04129994293676567 0.05530333539742593 0.03544786196329106 -0.03152142683532759 -0.008739460344860867 -0.05850218151795405 0.03735714684130029 0.02627027992916192 -0.02647377838568064
 0.02028496262619654 -0.04072851597260931 0.02833599106178394 -0.01825303396524977 -0.01521348063006592 -0.04933694559761261 0.06235617504634752 -0.02458411585609263 0.00492737982933289 -0.02909357634861826 0.06864526271873619 0.006294860198133995
 0.01152791301451209 -0.02114552077688737 0.04210966236853389 -0.05521688754718038 -0.08792206166211114 -0.002487416537201803 0.05828702390135093 -0.08413969604251767 -0.07525778993059179 -0.02001630014911274 0.001696381087129301 -0.04407155107311393
 0.07341895042566929 0.02526463483240354 0.04399917006195775 -0.06832933548863876 0.02386377460045855 0.0135709687333961 0.0744238609711064 0.05549780885034211 -0.03211477673464457 0.02502149332729181 -0.027948105609468 0.03251707677572704
 -0.04658136543742809 -0.03449205598609847 -0.009103066048541844 -0.08102157781137417 -0.01657285918957857 0.05026163961979255 -0.05798843741847498 0.05992017623626841 0.08203027296134816 -0.04007443756989319 0.0005341668611222455 0.07371165908633459
 -0.05743313603268735 -0.0920230699852643 0.0444012581279285 0.07868738855492938 -0.09097601156293718 0.06074132115167538 0.002785991464374749 0.03417059681780882 -0.02943248170569329 0.01394152952059377 0.03442758476423033 -0.0389000920518272
 -0.08760908207227924 0.03404592384869468 -0.03120526549862596 0.03516265491166695 -0.0102852015427411 0.06193616343634895 0.06825031025764625 -0.07218449609458756 0.04057346928109495 -0.0947263653847796 -0.03686656150311737 -0.05330716968725124
 -0.08594125126383795 -0.03147564185431266 0.08628771957923692 0.03629826448827428 0.03263493563323555 0.0008431994290612754 -0.05907628235535477 -0.07482137151198499 -0.08929143107017012 -0.0272364665868827 0.003628939817443139 0.07141599804284493
 -0.09920895289679137 -0.01491939553428137 -0.03355180183609623 0.03021747454435225 0.04064315754605682 -0.04619725784338215 0.09817013360334056 -0.03643794448650793 0.05068854271057513 0.08614037220771786 -0.03940087216801683 -0.05672724768627112
 -0.001289983666835914 0.04931051678814233 -0.05637552954886015 -0.0194768376569216 0.06524736038540985 -0.02486115953984178 -0.05857733398771658 0.03857718766421842 -0.0926283495990083 0.04384322730523196 0.08194379375869676 -0.09280504967079395
 -0.04501008178811958 0.03234731766966489 -0.05710924587929853 0.03249641541288112 -0.09434071669664106 -0.04456023728599349 -0.09339563874460237 -0.007646523612484205 -0.06236254234753455 0.09558240022297448 -0.03873205533036875 0.05222323720893604
 0.08294748711871111 -0.03152523692590012 -0.009972005132829198 0.09393394549786249 -0.008126217655982038 -0.07222514014267968 -0.09720403885091411 0.07584604818540236 -0.05503940290061099 -0.05031308779537697 0.03848051143580208 -0.01972344581508569
 -0.03189061245657926 -0.07856698687683755 -0.01437163813882068 -0.04773974379137581 0.05671885409938709 -0.01831439761697619 -0.03361999873011184 0.08373081865055926 0.005662689975240998 -0.09609389571960511 0.05497420950485837 0.07636401534867562
 0.09792151434590773 0.07451274075897515 -0.01276655070979757 0.09042954840694614 -0.04690360907282411 -0.04264804533103522 -0.0903797474793176 0.01643657547211005 -0.0004241847635415713 0.07111024709129585 0.04859536942171661 -0.09716415817226109
 -0.009773073335332255 0.07148407473396029 -0.07423929772353755 0.05057120868486839 0.04811007909490345 0.08047573040103873 0.03059766608463416 0.0803141827082684 0.09450730033274293 -0.01251740491864538 0.006070556180021239 -0.06035255639660636
 0.05407767109847439 0.04955897983497565 -0.01274071531940962 0.01663050053394111 -0.08810238215442356 0.08801733574274467 -0.000752961076932096 0.04076983239230755 -0.07045443661861303 0.006666635815683011 0.05200331047720941 -0.09343559547868475
 -0.02702601925898442 0.04219729251873669 -0.01711185256296587 -0.02787915808830714 -0.06078427482182728 -0.0862148523378313 0.09963986666870081 0.01298044961320385 -0.05679347441592907 0.08398947704600992 0.05063353945096263 -0.07864943725916967
 -0.07235971649794257 0.01009387264588257 0.07429356404352344 0.06096195682038097 -0.09844035918921802 0.09390480184872996 -0.07601575398180509 -0.08292916160298396 -0.003643797702500479 -0.01223088007481016 0.01631533270815111 0.06997274046356872
 -0.09096862800441848 0.07145281874124521 0.0172438266679534 0.09951572748083709 0.05709084871851633 -0.0841126623678749 0.06027223277397684 0.05726758440156141 0.0255022438473303 0.01268044464860414 0.009467217541772932 -0.09528869015595318
 -0.04715858525538884 -0.03739785274526557 0.02833548658191784 0.01931295826422311 -0.05944541667138656 0.0125021883610151 -0.007707303338959068 0.01079899845101742 -0.05719591211304462 -0.07074070410416378 0.006145807583485929 -0.07329242922680446
 0.001791699687989617 0.07402485534843042 -0.0876992176851517 0.04500332901881038 -0.02731425782164913 0.06573978026907609 -0.01328669586629724 -0.05565815721199089 -0.05994951477391345 0.05659477000173427 0.03405904313602373 -0.07116160844656573
 -0.0566201125201118 0.07403993875830198 -0.01205250983951768 -0.04079040765221181 -0.003671463511332754 0.08041564088991315 0.002806982511883271 0.06351859592378367 0.06219443085949197 -0.08140578841492338 -0.009694054284481612 0.04236590009840926
 -0.08361012366771715 0.06649371097383361 0.01078525938726635 0.02913408910260962 0.07544867734525665 -0.01988050462539301 -0.0356312024783919 -0.04870060252014542 -0.07927815911187702 0.09039499093515818 0.05820119827500661 0.09946673704313733
 0.09693194958202531 0.02263391767539998 -0.007792172675941983 0.05445086982216274 0.07521609299611923 -0.06588167149149865 -0.07020844697872217 -0.05928822302647489 0.08913060753212959 0.06084277804706262 -0.01857509257933578 0.08162929992995616
 0.05526100504060183 0.02376800419036737 0.08487866923737505 -0.09307868317103726 0.04189293418243367 -0.07957017754725448 0.09908033158424023 0.08853816939124898 0.03185217207519303 0.01723802621762663 0.0358894872725439 -0.04284219671073591
 -0.03180244396396387 -0.01501354138893471 0.02624467540030323 -0.08171032331808552 0.01132603442245091 -0.0401087103703906 0.01393468063434378 -0.0313999927912552 -0.09386486932370575 -0.08594302892050851 0.01043754788607205 0.02326943223041322
 -0.03875608188557046 0.08354844927222538 -0.001402256126841209 -0.04317457789780518 0.002016678517510792 -0.01229107142748541 0.08344133642104676 -0.07695653183929757 0.02253705144476545 -0.05989014104051646 -0.01856053485273729 -0.08562567123115178
 0.070412867370791 0.05434932761208583 -0.0867092872196695 0.08897309177739918 -0.03294552058125665 0.03626709886277157 -0.09520777292675783 0.02612595837542395 -0.07761166436155791 0.02096236959651698 -0.0271899290741875 0.05929285460281766
 -0.09695200276852955 -0.001871579996098313 -0.05445935443208873 -0.08597160074862559 0.07470735118632219 -0.04291427996586802 0.08131833338597913 -0.04082855044923145 0.01672365972555952 -0.04122899539851445 -0.0005901646784036152 -0.01775687262794207
 -0.00998945861020159 0.03676491518500216 -0.09922134832941451 -0.0566075094992803 -0.05172950381411125 0.07352874877600374 -0.034598696356793 0.06967175456989813 -0.08357899277606926 -0.03379725278022562 -0.05291778785365647 -0.0621232672779333
 0.0886245187933293 -0.02017311412569484 -0.01162437660432988 -0.05510031853813523 0.08352931530769667 0.01252552180568148 -0.04801472568481188 0.04115080012700006 0.06810864301019251 0.04267341290234322 -0.04551128050933523 -0.09201179989977559
 0.01130832620140199 0.02084982803923152 -0.008243394031897985 -0.01414629774524065 -0.08405142544508064 0.03567487477618056 -0.003258880711534226 -0.06727166297371487 0.02224348959935932 -0.03685758806644122 0.06179445443695117 -0.03503541243034489
 0.05114522186111531 -0.07190937820990906 -0.06672150641819202 -0.03711220704671174 -0.05983688205474506 0.04035862079556837 -0.07131372467856412 0.09994110383617902 0.05046024827989823 -0.05979288733358371 0.0884260181575322 0.07057911659867358
 0.03525518010972017 0.07969075343535931 -0.09640016352035419 -0.03693862988827944 0.08107724428700158 0.08849273475644945 -0.04901425314329699 0.002731356470753288 0.05151466922767775 0.05500523064685975 0.007855919190270094 0.01185819600313989
 -0.05999087946242933 0.05782481048494875 0.024892128529615 0.09914335475636177 0.05729776584230997 -0.07767596463401513 -0.044873950223322 0.07546179657210844 0.01313074461175079 -0.09220202054558531 -0.09684907688226552 -0.01185408354352126
 -0.0479199363241623 0.02688715245011616 0.04061202303921774 -0.0763024171311847 0.09112691451635704 0.05467992422495474 -0.01108265380884534 0.05654842699554435 -0.02254668790325881 -0.004394739880688531 0.0577754507532077 -0.08699817768353936
 -0.03546201988722307 -0.03251078836216818 0.08972718225954945 -0.0003121267060734456 0.09797650096532581 -0.03293133967262228 0.065331981917472 0.05539002193925116 0.09478376403570102 0.07158811878791024 -0.05130900408143774 0.06547262901543632
 -0.04334692009398097 -0.04803024174763141 -0.039551459323117 0.0179638930136452 0.07571498818581332 -0.01702898672928944 -0.09562668327187922 -0.014135802346879 -0.03610006063868795 -0.07397448593304073 0.09875625589761811 0.05304632245224106
 0.09754337751087114 -0.00313209105873867 0.07217838975432073 -0.06046669736982907 0.08794364020016485 0.01311733906694576 0.03831550628386948 0.01973153335885638 0.08946494749557032 0.04170327184691563 0.00755469378871923 -0.01878441468593914
 -0.01475510357533802 -0.03260119529158897 0.01109570975516765 0.08269965972134594 0.04780216584860258 -0.05814605917460267 -0.07711754925963714 0.02321573078059587 -0.09766296181515748 0.09791555525453527 0.00591130223654332 0.06574479357885196
 0.02820862866085486 0.001115129227928641 -0.07762414769668291 0.03250691878263243 0.0810304176511219 0.002600561903431456 0.02568260752041177 -0.04249077689756667 0.04661885238036365 0.06790838968264853 -0.05262843517983357 0.09758139127946869
 -0.06778550741158908 0.07794157427644244 0.01707191424113967 -0.05074461187785552 0.05629207898097111 0.05653353686883053 -0.08517490961819307 -0.07640686890847331 0.0817962333357308 -0.09082309380144638 -0.07553697011562316 0.07850584605545802
 0.06008625495646078 0.08626516087656996 -0.05568013673209397 0.09358053934419824 -0.08949577415189819 0.09506258725093256 0.04626253319782031 -0.09413562663382324 0.07802823532673075 -0.04014693923258966 -0.03274284243446954 0.04878136332656974
 0.08419905446585604 -0.01589680974991124 -0.03800755057657933 -0.019504179755157 -0.02323128828603262 -0.0135473402698518 -0.01391778940674512 0.01211702705322253 0.02363912538055402 -0.09883275266744262 0.08066592368840544 -0.09404818032074903
 -0.03850453858488646 0.01957312498736349 0.05161984688917731 -0.001650122617638514 -0.0548501922635101 0.0285522528866087 0.09780454924733267 -0.04564893496134802 0.04075351231306218 0.0775613059356618 0.08007547998502695 -0.03966302776914271
 0.06434630400737787 0.0872596346702911 0.05371375679771126 -0.05658071215041009 -0.04946288978751189 -0.03221751190195753 -0.09450341128988872 0.07834189096769145 -0.01478301057499433 -0.03326951660041301 -0.09186098878665554 0.01849205723103328
 -0.03003851379407975 0.08645994795102641 -0.01640559628242787 0.06745023280502999 -0.0827790363403253 -0.01538359618612123 0.01988574954111463 0.005558719479581337 0.0307347853912206 -0.09137923936423664 -0.0616000607445978 -0.04968353227235803
 -0.02544074860387212 0.06692846733474681 -0.08171539328485268 -0.06388145121771861 0.07755250224720148 0.09122165794807574 0.01988052344104344 -0.07869135388170416 0.06255651989720065 -0.04265431244820427 0.07239442141487637 -0.02518890106600312
 0.02178081900405748 0.02848648456427921 -0.04441605348770161 -0.05172487027767775 0.08355475243462426 -0.003046988054901209 0.09401171319526322 -0.09962468964500226 -0.05101496473438105 0.08504518944739095 -0.0658399993275891 -0.03828051109947121
 0.07334392238093554 -0.09271315838216602 0.03076047420191491 0.01185456839217372 -0.01364266034900977 0.03299529948119401 0.01635618865574182 0.03491780070755165 -0.08605005647406642 0.02321259973460266 -0.07407033189594914 0.05382994777029615
 0.02367085165243121 0.008592627546024675 0.08420577222961481 -0.06729716813557743 0.03263238730186305 -0.04450311956623677 -0.06971245399186443 0.006332184009650771 0.02696642632611057 -0.02508936036258712 -0.02388001290934177 -0.06428679004233381
 -0.09345408966641541 -0.08944861400890425 0.02086845170873623 0.09952069033550828 0.04955657190377968 -0.06340965233528385 0.0005520338254214191 0.01740002110544833 -0.004160482735223098 -0.08690976590870596 -0.03155999491272336 0.06367207199915201
 0.01747810361776661 -0.08388619508412247 -0.01110525084957167 -0.08200911886219757 0.05753591115381221 -0.009051042037114987 -0.02609773547116073 -0.07095730770344855 -0.00294825322522746 0.05859922429358136 0.02740797316358318 0.0868944166211055
 -0.09020478234818913 -0.03091267534920891 0.03292007833062613 0.09399092524845712 0.08646276570459985 -0.07532465089931484 0.05136468048082693 0.09448391262071967 -0.01282143370998913 -0.0352098452169685 0.0138909994167806 -0.02861647128776577
 0.04176306285779868 -0.02263335492207794 -0.0005036219046833934 -0.001305690871428858 -0.08130784073712695 -0.003823591469085161 0.05343013095542123 0.03619652186018921 0.01378204738513375 0.07068671706983887 0.03381634094564487 -0.09676104617286538
 -0.01694133508788861 -0.01892504432760288 -0.07609710484427651 -0.07898938171939712 -0.02495359798318622 0.07871758296569736 -0.08474780801506043 -0.02268179007544027 0.008444512967281104 0.02528069046144105 -0.06401602952695132 -0.08524569737874407
 -0.01145542654351744 0.01526564872740199 -0.02348639515021658 -0.06537425263462965 -0.0217794032790518 0.01637762531976358 0.08089942615666665 0.0166995471480758 0.02880883194707945 0.03580903576492581 -0.02565763599747763 -0.01608523384000379
 0.08614279074043774 -0.03393710921001548 0.08365483062562568 0.05952685340899994 -0.08800771563343592 0.03616049011559652 0.000191632921929516 -0.08229670121445921 0.05747686375710223 0.04646453328293926 -0.09841733449199901 0.07595689811196468
 0.04919570722405767 0.06950886619713992 0.08141234191342178 -0.01462115033589785 -0.02222654736866379 0.06174724416155675 0.03184278881824418 -0.02375418048738985 0.01984982787061307 -0.0188498505207373 0.02721408768487069 0.02702390699919185
 -0.05209189070734252 0.06214388895346609 -0.07093212436497448 -0.01249444044177381 -0.06285951125921109 0.009192282682451355 -0.07538614716361784 0.09870506831113265 0.03645465365752021 0.07704834739732511 -0.0464858891459563 0.04119494369238424
 0.0343783784779674 0.02827137387904144 0.0886569549124212 -0.008732507102658618 -0.03567200807282071 -0.08335224155471123 -0.07185592652414416 0.0306370986722336 -0.03271009363102949 0.09757483030959416 0.0351844733884677 -0.02702126696010269
 0.09707800503487751 0.08414751252658084 -0.03731630225367664 -0.08578467729760925 -0.03267187574191237 -0.09440636753342832 0.06559401307392779 -0.02692277463363212 0.02984482282292894 -0.07131081581454173 0.04968626289898292 0.04312131140214384
 0.06158630642965165 -0.06085430655788607 -0.01624134106899321 -0.07381570740070546 0.08048350613428809 0.07036923494620775 0.04929534596576207 -0.00343607729897194 0.08108268527634566 -0.006411229673987606 -0.08445613558339202 -0.07745336550616863
 -0.07997484929066771 -0.03975103218546464 -0.09418431649095971 0.05598305691590483 0.0620845552238842 0.00628249892347825 -0.07608051766548735 0.07912589585651317 -0.06498775203118747 0.03320333036268844 -0.02612486768596613 -0.04610135850915986
 0.08655420947169837 0.08877038352205013 0.008313224554538423 -0.02723155815642261 0.07553347055028603 0.04308483755841613 -0.01038929480598186 0.09894818688808416 0.0105565751288875 -0.05088012184257177 -0.00241934334119473 0.06537335601414493
 0.006466313997147893 0.01289858927262903 0.07373666497406869 -0.07751305486639046 0.02972011275717221 -0.07360300778626305 0.09990553889885623 0.04268928157869969 -0.01141779148398671 -0.02090163229181535 0.04430990320676603 -0.03929919234674314
 0.06402437256445156 0.0008269329928324298 -0.02009850772108318 -0.0402903620885989 0.03470607380644233 -0.01600765318097444 0.09340129872653571 0.03750243243324611 0.08574890434764879 -0.01279946639410691 -0.0007928802682786312 0.006493541520084772
 -0.0667956238394041 0.07997336826913759 -0.04153928528526293 -0.04983096183819244 0.06465987395402689 0.001460884718051017 0.01024306853763399 0.04753656691750502 -0.006578672727583196 -0.02332811667642622 -0.09252888429706552 -0.09861996258174877
 -0.01834081279830481 -0.05114561121615885 -0.06253791451624892 -0.09436481489805246 0.04841602274795853 0.0783820102564888 0.08033764739360968 -0.0664569234742976 -0.06389902547428114 0.05442630594773051 0.08797587336676269 -0.06425639739800204
 0.06711424155317244 -0.04681516278322356 0.04606715663523131 0.003054686854928781 0.05056369505198144 0.00715629058712372 0.04521508399834778 0.02001329828497615 0.07032243071441999 -0.01517032956958322 -0.07274884567092547 0.04901627936204114
 -0.07513808427367458 0.03281216414030083 0.006714924375353731 0.01757876002352861 0.02609085967450978 -0.08781873595568405 -0.01690335641524655 -0.02786591950263871 -0.0532317943403878 0.03081217582213941 0.06221336658345025 -0.05886526668469264
 -0.03275964101943304 -0.01314482925192531 0.06934926891792689 -0.03535543056215193 -0.01788305537219835 0.01567661018696906 -0.02005276936829345 -0.07789466240840864 -0.09412187476653149 -0.08788572843767159 -0.06811181297140992 -0.01699673408952738
 0.08163280669787082 0.09194922706502046 0.0167882657342793 -0.07448621688769805 -0.01985665670465894 0.04258901026131753 0.01032086052425238 -0.06441597589096665 0.03594816993361477 -0.004730054475194673 0.01925641731168085 -0.03617345294853599
 0.0007784420068257941 -0.002399649850479663 0.06633333446476128 0.0910747113842349 -0.03692242300022217 -0.09224663451289991 0.02264597197422773 -0.009308896254700605 -0.01874992976186994 0.05519582509869023 0.0743401305825078 0.09746418010877164
 0.04650471817695567 0.0881239877542814 -0.09875749042717996 0.05013338429753281 -0.03257821464709948 0.06779846534489656 -0.02005596302104061 0.05455957724656069 0.01236321675414323 -0.03734940930846829 -0.06363481311755005 0.0283509777624113
 -0.07088152799271302 0.07050319640532696 -0.08080213191643386 -0.09015604840844639 0.07568338265138899 0.04177395350243179 0.001300525395012131 0.09645083215431358 -0.02736547097965224 -0.01847993951426824 -0.07729938221860233 -0.07074922126320504
 0.06168404883299769 0.07940378226246492 0.005224487333266303 0.01327809294125729 0.06057718548826482 0.06526310251357445 0.007346720290177758 -0.09739706654263149 0.008085310379933805 0.0661742975586492 0.05938515344850542 -0.0238994959851412
 0.07186652701833382 -0.01581598865988031 0.04233608266991098 0.09150582492543688 0.02557705865021007 -0.0007320251369435787 -0.04483222698759614 1.950234102440773e-05 0.09963273140251144 0.07098909048880803 0.06003785976006557 0.06779045264248526
 0.08969623766603269 -0.08831922636292212 0.06980433715992934 -0.08904908580295835 -0.03554404438335511 0.03101224176860945 -0.01487488178895288 0.09393823352668554 -0.05958844659936352 0.09621400304802166 -0.04022791753739904 0.08666110551788264
 -0.04787659644022301 -0.02854031687725787 0.01460167183866241 -0.08251993258736343 -0.05019887218464458 0.07253561250422988 0.001262135250341384 0.02453380570882249 0.0405624149638085 -0.009212850205829945 -0.05782711955965175 0.05341883190418098
 -0.08739642198974151 -0.06240607871838241 -0.007610839829407662 0.04103425043506764 0.02965696223359118 -0.07222327809140618 0.06616017025217369 -0.0702601346025826 -0.07091358369125024 -0.03219958498069569 -0.07532994662719052 0.06932926927148839
 -0.04572483873061487 -0.08203305122259258 0.04388959769853423 0.05476180012526435 0.0796989253758553 0.01600007659199136 0.08120659317300905 0.08341853954714754 -0.07420773723413114 -0.01581227424572848 -0.07248412602130691 0.07031377507324607
 -0.0109726575248236 -0.05362437377157529 0.08550635663802511 0.08703163302123132 -0.01256459644832472 -0.0163579879310651 0.007537169698612581 -0.06241969939954722 0.04739244528667139 0.01966886699124179 0.05945777256924109 -0.05848556091322504
 0.03186659000068687 0.06118134469751602 0.05682362728790649 -0.01373618541740561 0.03924624734782514 -0.08976117635771885 0.06524796044101863 0.04134200442098415 0.09723455511729179 -0.04994280870075775 0.05017759305787481 0.02238544463115802
 -0.06832618384237374 -0.0630710362699661 0.09842386108082876 -0.0601796191718765 -0.05028692001811658 0.09851335448948892 0.04730693632517652 0.01066839331621505 0.04780960501051029 -0.09025038263392179 -0.0009990431496531421 0.04159429434292483
 0.03152953881088802 0.01246026939496836 0.06926641884266682 0.01262240909640419 -0.0223308547775378 -0.06639631813017588 -0.06576414092307171 0.02133823904335541 -0.04748975824805503 -0.01987759949513847 0.06585740097317347 0.006442578691435899
 0.03296925755455579 0.05095053362629037 0.003872958962264222 -0.01834861844660124 0.007308775578644219 0.02104101221728347 -0.09352378314273506 0.06414688232535545 -0.01750437338109491 0.06204175608125004 -0.06970699856999552 0.03358491482753823
 0.05926937626332127 -0.05939598666145344 -0.01623423878265239 -0.003367060262463709 0.09047204563423583 0.05833007011778432 -0.03455881440992353 0.01714760078925662 -0.05641472431741665 -0.01815042810854967 0.03280191693168358 -0.08175562925871487
 0.001321519887025516 0.0450758053209214 0.03480618407281946 -0.01863552520802722 -0.0184168035832997 0.007108203972699068 0.0997051492448281 -0.03387206042349304 0.005197092561878239 0.06989372678422537 -0.02172892983276695 -0.02111921112712517
 0.004247828948954008 -0.07820883895773016 -0.06913627969702379 0.01051107209041495 0.08620456606606838 0.05484272812037813 -0.09211041994947788 0.03477497795379378 0.09590949694945372 -0.008595308289172043 -0.03701462044447984 -0.01403844423641677
 0.08748230223258063 -0.03712520715261013 0.08611845635800411 -0.001581751976606829 -0.02275839402292411 0.03738283311238472 -0.0944767571747135 0.02589861139993554 0.03505812799176816 -0.08600755752107059 -0.05414401259493901 -0.07578757320467652
 -0.01246274535217237 0.001856419966475814 0.009679948230062907 0.03789757966414858 -0.04917843282069753 -0.01442771759725334 0.07477536745527119 0.004733889734079913 0.07641460915096407 0.06513963908894066 -0.0412787093278793 0.0405659107049802
 -0.00287518456711057 -0.05522629017243463 0.0631147958825185 -0.09847089781306657 -0.0646288873074289 0.01364417928618107 0.05597615541742859 0.01435129242357147 -0.03306358448456902 -0.07188610029362591 -0.04070959126232822 -0.05670237305985292
 -0.009197744217301115 0.02452157832108086 -0.0573829783822126 0.07552033881416642 0.01209080808572319 -0.007952598120627791 -0.04226218005441892 -0.05811902443009284 -0.06760930807325574 0.01762231057576787 0.005807527327643669 -0.01074703534501584
 0.0288745615810459 -0.07398246848776825 0.07678604508061254 -0.05138498229049523 0.008469017646628413 -0.002264160648926733 -0.0311069254028651 0.07684017363671264 -0.08642467719793032 0.04576095991735918 -0.09480277837584727 0.01011984786716477
 0.008189897250079944 -0.005944739434558741 -0.07475278762408472 0.003867014413627495 -0.01448139508374681 -0.02348999076769914 0.09036607963393714 -0.09399654261401348 -0.06651286182670102 -0.04488175998204039 0.06222496240298264 -0.08443598776688041
 0.03193399707632119 -0.005854637426765313 0.06764372690612422 -0.02612246845386389 0.06037761527104735 0.05674329267973571 0.02050395539490837 0.06726837861625831 0.09383808790559903 -0.05006150286294874 0.07191223105650249 -0.05105392935871794
 -0.02432400677256544 -0.07417253650194756 0.05181320107853712 0.005838684640994532 0.04126123561572465 0.07998333798301233 -0.003855286626630788 0.0917221645142334 0.07680365542749842 -0.0187116603706497 0.01872104682556115 0.01434667459997237
 -0.09919027433489284 0.07467021077743105 -0.09096199327224405 -0.09402536207526752 -0.07325223669233424 -0.01690612082852684 -0.03555406590840281 -0.01168010594045624 -0.07077887062084755 -0.0879104630458291 0.06428138536843511 0.07010992628661825
 0.04689846064665709 0.09267280269935496 -0.05655712574444817 -0.05122090402514906 0.0530849729204653 0.09775620156079137 -0.06739242098033095 0.08008227367875376 0.0971719427365888 -0.0777204762632802 -0.06791089248189677 -0.08705821143587272
 -0.05286577197724723 0.05916892436351875 0.06943396913256092 -0.0510202563803008 -0.01073874133502563 0.06769140446491628 0.0701045014458562 -0.03925690470271039 -0.04627408190134287 -0.06422417919786819 -0.0459711100909827 0.05986172253904962
 0.0278174095774498 0.03217405960381967 0.02870821284122349 0.07873425139744916 0.08667243068179603 -0.08650653937416003 0.01972008669897758 -0.00900657717350796 0.09239978234704482 0.06279148200292442 0.09439648718299867 0.08329880128468442
 -0.02617190118341682 0.09696813300417181 -0.02474104816211643 -0.05492114921384914 -0.02607864007964031 0.02869741547257393 -0.09275614647356197 -0.02603328086968934 -0.09481297076068482 -0.07204264439918678 -0.0894731843550776 0.04775139592559255
 0.008112076634736745 0.0934095517464944 -0.09327336438659269 -0.003418856560919697 0.04713518913215237 -0.0742695963189629 -0.0963973342139295 -0.04644303001432572 -0.02696594295826803 0.06131348647589108 0.06672251224918627 -0.02263219777640299
 0.02302019416296242 -0.02258281223971312 0.003619385460654961 0.02178739337086666 -0.05345294371329049 -0.07135353506801007 0.07698843282652609 0.06059864123550071 0.06446920594814501 -0.09429272173721803 -0.02043253696127606 0.08934415086121159
 -0.05897230519099311 0.09403098738629151 -0.07248307870891785 -0.05939981756421336 -0.05650027048466041 -0.08585473346193034 0.03650883431062918 -0.01813381127796163 0.04371820361806986 -0.08914449394127734 -0.0633810598251361 -0.00945823033205774
 0.0428804909827879 0.04726345288425138 0.02447437341081338 0.06630922509237411 -0.08409517796796245 -0.02833665756361223 0.04374093445209801 0.04685166385326459 -0.01887327007097427 -0.05296981852704997 0.01020644037521437 -0.04449455801829484
 -0.03526688115991237 -0.06285345998838823 -0.06895806237570318 -0.09427570031207744 -0.02850490573302061 0.04409511314104461 -0.004589277945204612 -0.08516212948773054 0.002293816454744954 0.01651872011410953 -0.07232367448094081 0.02257096169220954
 -0.0785697642155691 0.03130936683429328 -0.04548039139595152 -0.07792973887971348 0.0732716304092563 -0.0008000440946745874 0.08427773900672331 -0.09111926396084628 -0.047615902538165 -0.02239342435262909 0.05376751236508401 -0.007060214673287157
 -0.01488005466573489 -0.04950742560741651 -0.02870285200403282 -0.008928376575914221 0.05853218209127728 -0.091656995160279 0.0921120734649202 0.08121105382138352 -0.08942576154698889 -0.00765164571117255 -0.07181238340262075 0.0425593584135957
 -0.0435856289901874 -0.043457642351055 -0.06983812714660548 -0.01149731481268551 0.09366608112593824 -0.0603324390406245 -0.08624348485412138 -0.003467676202064104 0.07000901443659266 -0.04575795157478525 0.08330734028473311 -0.0889158416038533
 -0.04929396355256301 0.03861470206328557 -0.07569161283954737 0.04557837790756375 0.05158840658229108 0.03751680650729511 -0.00485527256615173 -0.07304465746735109 0.006229426534423627 -0.03584754909798177 0.0829005343518659 -0.09536811286915221
 -0.07209423757397841 -0.06281090729113423 -0.08919118068599549 -0.01480437347567055 0.03039304899570269 0.03769303845192046 -0.02354272673622412 -0.09835560717603394 -0.08801703056297178 0.03225680130709835 0.07887323492176543 -0.08184818523834449
 -0.01403238149849675 -0.07880681442295102 0.008683399112613649 0.007393836097633527 0.09591080956263878 -0.01222674725103973 -0.01100543692057233 -0.03752959343204331 0.09998044982412008 -0.009526820506812889 0.06216078261426719 0.04847613753038776
 -0.08494918637417374 -0.007042577202219985 0.02414310318274826 0.02191387063975328 -0.09763818504707981 -0.08801428178166792 0.09841491710842407 0.07758018953732579 -0.07892068381392311 -0.08619205682536668 0.02443088678544877 -0.06938454543546761
 -0.04798982530240336 0.09817183357022577 0.01786131380648723 -0.09714397212132994 -0.05011345567967197 0.007721780004199402 0.0404426030594604 0.03837558770860186 0.07690299817305427 -0.02912498821572404 -0.03132364966251013 -0.02786288682631716
 0.04349159537674435 -0.006372378226423919 0.07650981596723774 0.04465737101981565 -0.01399390210492751 -0.09265944166654272 -0.01671522966937203 0.01611437208733331 -0.05479513630824961 -0.05843646268210644 0.01949282901341209 -0.05333193911725897
 0.02649847454432547 0.007331803228307912 -0.002163037477604407 0.05094658444907765 -0.06220941238999348 0.07085636268460738 0.01343863527954922 -0.02876639000262099 -0.04061416027683926 -0.06090895755077431 0.03263808011171337 -0.09667203235335642
 -0.04492999653864848 0.07870365063218196 -0.01083908366942013 0.002816334755076658 0.01845115699756557 0.02054596692200288 -0.08322339841408621 0.09434070724074173 -0.02897510045947591 -0.07374651410028003 0.03908272335473303 -0.07066237613162986
 0.003284924852524546 0.06792980534653489 -0.0824936943262789 -0.02822171374363415 0.01625930964681407 0.09746882174758409 -0.07464132070659776 0.05699816992950163 0.05467466220280626 0.0155662054202447 -0.01192095738513185 -0.09240300380418238
 -0.02383439442633652 -0.07163462054768267 0.0001240771156261894 -0.07857096687527122 -0.07906378735191492 0.02737017123228766 0.02997938508659617 -0.07650749509514178 0.02402118590063906 0.05485026893941533 0.08381741813374646 0.02694100986801751


