# Created by Octave 4.2.1, Mon Oct 09 15:16:31 2017 BRT <root@mosqueiro>
# name: w1
# type: matrix
# rows: 200
# columns: 12
 -0.03227206719703161 0.006901716774584551 -0.07262206540121094 0.04378860973811383 -0.01194838957603007 -0.07485222868494376 0.05220299937060399 -0.09865822095760055 -0.007587550473591415 -0.08885429776921389 -0.008805057179696207 -0.05217101315653404
 0.04577009152497172 0.0958015297839408 0.04325213205655118 -0.07017281449256396 -0.02355288704841361 0.01586869811714556 0.05229323870809155 -0.09756210873944267 0.09774132919285028 -0.007620602851485886 -0.01798850253415527 0.008438337795216702
 0.07863532465910425 -0.05740155816245442 0.01561025921263917 0.02126390022020279 -0.09960715320650915 0.041174416018677 -0.02690179793325262 0.09275559792776067 0.05118113073365627 -0.09589620498601523 -0.01139440558241053 -0.01994186497091358
 0.05276978595968496 -0.03650093314455521 -0.02665311927664898 -0.09876024231164345 -0.02405584227317113 -0.06562752111467553 0.07830035242851169 -0.08166355227750152 0.08837947555979883 0.02214639735172572 -0.05107456430417906 0.06300605874174775
 0.002334164018907486 0.04901701482261528 -0.01474348185554714 -0.05441512706051654 -0.08570608855290107 -0.09936271464458357 -0.04494737643620176 -0.0901020484106803 -0.0932085554568584 -0.05625947823884289 0.02640699747810715 0.03451280716272803
 -0.03389200038038502 -0.05623148986536824 0.04586128595258568 -0.09568986201063216 0.03632204559114272 0.005762452471288732 0.0632484756861818 -0.04034899457068963 0.0635306034121198 -0.001722954606586502 0.03212323857849333 -0.08155461053560799
 -0.03625479948149558 -0.06312024752183548 -0.0942914649941749 -0.09064742470947575 -0.000509517951222907 0.04300049329135527 -0.005980675276683098 0.09231013160102669 0.04369067794100312 -0.04197537229205152 -0.09177350007928206 0.004963021172447915
 -0.08848092962173541 0.0828910816191169 -0.04654436977479276 0.08181179505392311 0.0922783802654778 -0.02716832083448881 -0.04681806112329415 0.001307842569192766 -0.05342629443147581 0.04008095165534903 -0.05003473318862348 -0.02464189952729043
 0.02355883760961808 0.04683842078610151 0.09997639587993393 0.04463929532715774 0.07975112257457115 0.05029059568385894 0.03099844541869201 -0.09439603238676225 0.06520358352714253 -0.03664734084670994 -0.09548839637562771 -0.03647823603005677
 -0.09722801005699711 0.04106166813643491 -0.0957803756987874 -0.09958273782631995 -0.007754776005745048 -0.06046500325247925 -0.06599726878427309 -0.02688566391830802 0.006266649852377598 0.02847655586620249 0.008400706812191266 0.09553192593994542
 0.05520951911774058 -0.01071658796714775 -0.009967907757548869 0.04263432715755483 0.008015735774822175 -0.05646761985312253 0.08644535539183329 -0.08560245968241606 -0.084266461160509 0.09460142019971832 0.06692874731138629 0.09683115378147808
 0.06005159517082112 -0.02290667883255107 -0.09471648630111629 -0.04449139629478304 -0.07803033341996224 -0.04584731824916558 -0.04746590585596527 0.03423960084310745 0.0684610595350317 -0.02750175846929205 -0.09324071635854859 -0.0420593778452537
 0.07284524233655149 -0.01755736965846608 0.01296446602589334 0.07423630791151906 0.01060325428570393 0.08672102329390469 -0.002171028443945955 0.01976312573979526 0.05371822203050244 -0.006830286194159943 -0.001424894729787712 -0.09745733985801232
 -0.01860308964035179 0.09346439688584249 0.05345044537432672 -0.03406432707930833 -0.03343867972998177 0.08131165805952628 -0.06874968632232981 -0.01420558186516999 -0.05143885800444482 -0.01875299403017952 0.02156930930834353 -0.09312116883894359
 0.0180571714656426 0.03711810453807729 -0.06827063434668418 0.0623497660796552 -0.09763756882026708 -0.03819757890499257 -0.00221765278583573 0.04737079551793827 -0.09623546509635614 0.04276761521479094 -0.0240006518760025 -0.08658485423370321
 0.06707876108563821 -0.06282050551359133 0.02818202730380412 -0.009471937316916035 -0.03240933404052446 -0.02562789575450081 -0.08795331249534863 0.06190218199191574 -0.002199371454679536 -0.007909289234317232 0.01268029385162883 0.01954232923817319
 -0.08386242368028034 -0.04716384209230987 0.06315568834479549 0.03424135853556817 -0.07329313625529234 -0.01874931099546601 0.0599430410530408 -0.03470189792911897 0.01654169404533183 -0.03061145608880757 -0.001914385430832055 0.009035257429543073
 0.0629168716334961 -0.05587435195751379 -0.00506859253127892 -0.05055681139053449 -0.06590268296175029 0.04873282531693002 0.04822372987271345 -0.006987538510984534 -0.09150416229208354 -0.0002588066672259137 0.04569881491185226 -0.01242615078422407
 -0.03914122520100577 0.0160954455898695 0.03546019736337128 -0.09847602939220869 -0.05388807325894537 0.07319439543061265 -0.006371181604344148 -0.03955642152092573 0.07623247398345281 0.02243021514979052 -0.0378072763209478 0.01463093706153114
 -0.05727181759657848 0.008282348617108665 0.01965083129010151 -0.03282074119182363 0.03078226308552359 -0.05447347867713358 0.05624567816680812 0.005479171039918615 0.08973717153874863 -0.08516234778888959 0.001398203448115545 0.02351507764370889
 -0.01933567618589921 -0.06398713378925927 0.008092131568742375 0.01396646817775141 -0.02394091851340673 0.01249546350137323 0.0218776140509597 -0.001596091591910223 -0.02205822601346016 -0.05222165374696314 -0.05635930361106564 -0.05166310493227068
 -0.05692339410496455 -0.09881261137411547 0.02482238723720673 0.009948893345305465 -0.01272987447570414 -0.09566855064058111 -0.01053837611197618 0.02953070830223639 -0.07457358285706012 0.04432385993411617 -0.07102236209033652 -0.0809619358805452
 -0.09192116810569091 -0.00565291419329908 -0.01817173626906349 -0.02807905228264439 0.0020344610268134 0.01096524858430223 0.06590924773630832 0.03542710104984023 0.08940937937290291 0.07726924173510871 -0.03439511077676925 -0.09851023921206643
 -0.005631648654850094 -0.06320009474255441 0.01932824461087117 -0.06699852391355535 -0.006770154821658672 0.0591070588475659 0.0168747197396929 0.06808019355457631 -0.0559989173437938 0.06615440991443089 0.09446507605615237 0.03048976911534568
 0.09009416874471229 0.07672092594497126 0.06522032283449342 -0.02931702495857473 -0.008949127939235135 0.08462011290572055 0.07432402769646024 0.01372442207376805 0.02235844990754829 0.07538772006932012 0.06820800263932575 0.02435638676152332
 0.04740175623127788 -0.09296137725895026 0.03513768526639177 0.03149011698699028 0.08369945144388766 0.04985758516590486 0.009167637429951817 -0.03222368995355937 0.0601305367875509 0.02509619083236228 -0.06913143578183023 0.05234387147311495
 0.001260819758687221 -0.01317587203510963 -0.06774044424303727 -0.02654697941404779 -0.01284685992836271 -0.08783211434535415 0.08258666116438892 -0.07431941811570028 -0.02510409363169669 -0.07286207590742681 0.01869509214272573 0.007917045415523447
 0.008567631579790611 -0.00942605709130874 -0.05467838093159277 -0.07284742061879347 -0.01880819776439092 -0.04978806022723564 0.08260824523700744 -0.0654846770873323 0.04944590388692346 -0.08260703003871388 0.0598045919692447 0.01983711169388538
 0.03575461129676524 0.035011286572116 0.07466090646670118 0.03158514001816853 -0.09874704788015311 -0.04820698831652942 0.02679394872619897 0.02563771415235283 0.08369902311295913 0.0258003006459526 -0.08904194774146301 0.04242029279125209
 0.03657369132039642 -0.002638622517600969 -0.06289448096217631 -0.005352621124170953 -0.07798911261886321 -0.06553022315857077 -0.07810426625435089 -0.02682173146380179 -0.06340941846031528 0.05299161897471141 -0.06222548980176151 -0.04215406476791725
 0.02061364337985119 -0.0817476511335814 -0.02805328611690946 0.08033620453493492 -0.0280508717323022 0.09786544877706618 0.03624682573076152 0.09191821674703207 0.08963124920916241 -0.09829973427578331 0.09609241712182814 0.00724892132835224
 -0.0142395015722942 -0.02148145083750977 -0.07333985331429439 -0.01648822232617352 0.07818805988127558 0.08971072271704236 0.07488161300691443 0.0007910472200638174 -0.02491283154115866 0.04376730308906646 -0.006230346001691797 -0.08162135766141471
 -0.02512387184222843 -0.03033802773809958 -0.0890271206398342 0.08472374262981447 -0.05941145849554984 0.02153773552807167 -0.05470294940951309 -0.02313528043798309 0.01424228741990194 0.0285254969721776 -0.07722716323484988 0.04498512376408739
 0.07935476986939913 -0.04835389681213084 -0.01796382225548601 -0.0004986562422016755 0.05503408447555458 -0.03519472413478832 -0.047299140050185 -0.0978349603891244 0.03517015506269866 -0.08121508639158619 0.08808463764780641 -0.07733043238250337
 -0.03126896358324728 -0.01999301865209327 -0.08061556913471636 0.05336099474842723 -0.09139142596521181 0.07014402368794434 0.07166468515099453 0.02384739821044635 0.02147185551768298 -0.08613276241992696 -0.09496091052685808 0.05081929438812671
 -0.03333374569388176 -0.01620978853574827 0.04133892879299672 0.06011414547386243 -0.03505048579760167 0.08692876442080411 -0.03459329546743667 -0.03563269375456996 0.01963447200409921 0.0945276104898429 -0.02455660904895066 -0.0894980282449153
 -0.007341745528544399 -0.03918352991549225 -0.07071312410242818 -0.07870652626835611 0.08148973700465661 -0.05863179334911237 -0.05036926971146784 -0.05574733819197789 -0.07966425339486362 0.002844722325811302 0.02571088330858151 -0.01573352255120376
 0.04521008861598946 -0.04276790005252556 0.06354757545289755 0.08125074458292342 0.004332287287216949 0.009530103677701546 0.0006733156067244978 0.08924847694617088 -0.06759094150878694 -0.02789221897523657 0.06481392476017686 -0.0659502065539187
 0.05279753978650753 0.04566590582994157 -0.03557450702040844 -0.0969563091973209 0.04244783204441854 0.008110367989134309 -0.03559614958261986 -0.04972208695070807 -0.07274065639913578 -0.05789663778545243 0.0513223278745305 0.03549900266413566
 0.02244686082941101 0.05413454588378086 0.05747537338845396 0.05143360451552911 -0.01076846197213689 0.04526980171913095 0.001806273861473556 0.08055489936913421 -0.07118439888683578 -0.07685907956049193 0.01380776319899195 0.06430805803722023
 -0.06454509468801031 0.09469713226786078 0.009376577236579739 -0.03512604849765076 0.08449141333028709 -0.04745228422678597 -0.00677744784485626 -0.02910503077818015 -0.04584126970079842 -0.02589504575783498 -0.0618954699052522 -0.03258934357399032
 -0.02318924879816106 0.02446688709696714 0.06554878192428246 0.03248340993921137 0.03768037667097612 -0.08217273009930694 0.0813310505171195 -0.002478869642755482 -0.02905626187191311 0.03955291164255792 -0.08266324979347574 -0.09126256413683739
 -0.03339406237537021 -0.03639238429643187 -0.06950743100966085 0.0987104866789513 -0.02195027645262625 -0.0954955015104504 0.05691894204550493 0.03446642843141845 0.08712402320499932 0.06215449357987349 -0.009950776343795723 0.02302954372249891
 0.01277238978186483 -0.01816880692816659 -0.08821724487829674 -0.02382520089606931 0.04168571323417966 0.09774961065581503 -0.024236847219747 -0.07432087338283574 0.08913336124459037 -0.09773337802586658 0.06957137503142324 0.05590487673072195
 0.07041568200744325 -0.008711119162491926 0.02351398480393463 0.06290888244760059 0.004350044604682024 -0.06174804419904837 -0.00211054624413666 -0.08637476752906174 -0.007494261516142575 -0.006548761602445677 -0.02184048060677878 -0.04234837873081564
 -0.09146099667671814 -0.09508126041590156 0.0646783105627301 0.06357286907531925 0.07707160361854229 -0.04317170137634971 0.07420826366884167 0.008137537574314638 -0.05796820588870121 0.007841551295195065 0.08693654150576954 0.09623893617855112
 -0.02999204895369249 -0.02827271183284871 0.02932442907593258 -0.02581560986705121 0.09220751499509097 -0.07853160796772385 -0.06368984124405933 0.05619095385747819 0.04793822656408792 -0.0211307792171557 -0.04484183607526761 0.003885285033846955
 0.04252124206042135 -0.02387616293936959 0.008006991813233277 -0.04435405397898941 -0.03846491559280402 0.02258737970404998 0.0310723938464556 -0.08118126560116971 0.02491848975774143 -0.03060483923066379 0.03944243108242168 -0.02624741602530746
 0.01086039700141614 -0.02654458442642732 0.08213054085069219 0.06910382709709803 -0.05816890780828331 0.009576241678918754 -0.09340981723344852 0.08103872593677267 -0.08065662970634525 0.01868995238708999 0.01371270691628826 0.09687645568387149
 0.04002131856894856 -0.04277865895120058 -0.05926626400213865 0.03706462547278713 -0.06465690516740955 -0.0394839360040897 0.06908495056004946 0.08271243164292674 0.004218319985077087 -0.05392015011470072 0.004189466864907704 -0.03321530597202976
 0.02700551621108757 -0.06053293008468916 0.01994106128624387 0.03105839268623625 -0.01727479303343821 -0.0105418451696489 -0.02785010127394529 0.04734865124184734 -0.07312246925743379 -0.00966853154194737 -0.08863465181203545 0.09310306601049359
 0.02571326751786374 -0.003701931507353554 -0.01959271926487818 -0.06371078022688031 -0.09456103560089159 -0.01644839059879605 0.08013206575141338 0.01510168916420269 -0.07334381924528585 -0.03315386529232632 -0.08472331008806142 0.0424598207447392
 0.01153317632491949 -0.05713102503003936 0.02204139673934755 -0.06926866727489961 0.03641889958724942 0.08413416032235052 -0.06925893952066768 -0.02669215898778836 -0.08606200005066693 -0.07485718294553713 0.06512687705492204 0.08400936151202967
 0.0006122336754312008 0.02398389726321055 0.06163896310761152 -0.09826006081610195 0.07924911839729962 0.0573713726963814 -0.09176468950186241 -0.0642025568489515 -0.02401367083263464 -0.0002816127105683547 0.097626614410531 -0.01325012438636777
 -0.04443192985454173 0.06218999116082707 -0.02312186017477133 0.01062954453186622 -0.001072057692953127 0.0786756528214084 -0.08451705384834379 0.06201781573103501 0.06227585293296448 0.02703916173550353 -0.08316489592741938 -0.002580936019842758
 0.08802072648968298 0.008129456545536901 -0.08251330815416429 0.02322915553176952 -0.08197693125506626 -0.01806112338220454 0.08372265903803719 -0.09641420192828128 0.0310499031396464 0.04213517081954316 0.02750224974552956 -0.08125038913453957
 0.01879611627175252 -0.03342246800205004 0.05607568024291382 0.08243302859592608 -0.03555954637700466 -0.04450020997296442 0.0892184115723238 -0.04276739729077993 0.06851255471665346 -0.01621853723549577 0.07851430655357863 0.02135746215919494
 -0.07305970083752944 -0.01907649008956268 -0.01298832894198013 0.009175550502401625 0.0494749620741349 -0.01216606645463328 0.08052298326056276 -0.01088704842070645 -0.0794018197978546 -0.06886862850238408 -0.09549368182965245 -0.01770768508249759
 0.05846153122427125 -0.01329776420895792 -0.04859671552432069 0.02139383621715045 0.041216498244628 -0.04497718474980929 0.06324136470088673 -0.04005754475046334 0.06689238807061343 0.06577972599590967 -0.06753634920951058 0.02002909895064389
 0.002646055956927462 0.0641461952289778 0.09631572060660604 -0.07962861717422044 0.09674462280723911 -0.05140085541912355 -0.04762770243393941 0.03961636910106545 0.07751851876426605 -0.06654837394078372 0.0128785416222094 0.02286118745933582
 -0.008025825526059474 -0.09152726077107144 -0.0214533627749033 -0.06477246766910839 -0.07252680852683241 -0.009312042946948859 0.09337467294403187 -0.04887040370686723 0.09231161241647998 -0.02071588601860862 0.06527541962574898 0.01750019176460953
 0.0732455557812963 0.02119727067220052 -0.03526816446039992 -0.09088892185367949 0.04896086964159579 -0.06463572221365371 -0.05603487139080558 -0.0288056008856916 -0.04845950484922609 0.06837546097145827 -0.02540494035831525 0.06563142134598288
 -0.09252657149519487 -0.06511410392548747 -0.0170472866394413 -0.09891722352670219 -0.09781744332500054 0.02177722807587609 -0.07906915694650153 -0.07973036280948909 -0.07238630884084138 0.05184854075978734 0.01724119001383953 0.0799139719759116
 0.07413543452535676 -0.029441351543789 -0.04687547210819537 0.06459934397133879 0.09047710527880212 0.008403458038289818 -0.01047847367590798 0.07118862506184973 0.05084299274380261 0.087906399529359 0.01311435872830549 0.06962367626717803
 -0.03102636063279016 -0.046545829436303 0.07891581514918386 -0.07699906091211188 0.09061802449691597 -0.07961760103514004 -0.06532063703640764 -0.07399574261768131 0.08045284972230898 -0.03645096319499673 -0.09349296417372217 -0.07462638728121097
 -0.02511617746416485 0.06591212832234428 -0.05325473913063709 0.01214860571391015 0.03181008655047629 0.01768317348638004 -0.07487890730044341 0.05781534652642981 0.05057499085962669 -0.08096364288308128 0.0955314521077463 -0.01262435390117592
 -0.03752149025712063 -0.07986658948936944 0.03511191254280838 -0.045889558868831 -0.009729096017241118 -0.01116626321339356 -0.01333891320943439 -0.05833059887932179 -0.07767492305942011 0.02634657156131001 -0.009110304419877785 0.07334854299648949
 -0.05693950013729049 0.08990706246233413 -0.09600064007214278 -0.05034841493457029 0.03412525594812232 0.04097287221771639 0.0161430911882631 -0.08285633748543154 0.003313170997993817 0.03659063409741944 -0.01310727797907915 0.02441938521404777
 -0.0142539795116631 -0.0647366190537666 0.05288726928686058 -0.05617098577369167 -0.03679228339868036 0.01918466637465981 -0.08643085460159398 0.08788893974267895 -0.03227542726698915 0.02547178492475416 0.07457532453342511 -0.02232197948229411
 -0.00405495431190353 0.08595624727952092 0.08331493902204509 -0.04073556085769187 0.05244379093539972 0.05104132653458412 0.08008754727005124 0.038472751651217 -0.03994172734149709 -0.0736963512466586 -0.09806585802946059 -0.02944397124879052
 -0.007291064257008956 0.04443606208714154 0.01061645915226835 0.007363251083669836 0.05685844270003021 0.00546023950669558 -0.09052840201904883 -0.05668806195974264 -0.07740170510097337 -0.02921551162541867 0.09104522590310643 -0.003692473038169275
 0.01432910997368593 -0.02130884135193155 -0.08734222723944327 -0.0006065126057231002 0.06979865868298393 0.07118701406724759 0.09061567759535513 0.084272185381953 0.0829228030929052 0.08318695758115729 0.02953504860848225 0.06989885796344186
 -0.02326267494486103 -0.09083946069383013 0.07985548722537325 -0.05664093358543515 0.09376155930606017 0.09651488989300744 0.04146889193844278 0.05009246047889299 -0.0050656477734181 0.07678510493179683 0.05640187138001776 -0.04246907645967738
 -0.003316161481865504 0.05980980553847573 0.078374881348341 0.07120744623376787 -0.07675470678376101 0.01689785965521369 0.02632872703833194 -0.07257206178899001 0.03895264128088988 0.08748062787795105 0.0786502951428483 0.05570618085737747
 -0.02374025097067088 0.008987958996400189 -0.01562292774383786 0.02597458496220792 -0.05511421727342308 -0.02924681101539089 -0.07118814640958854 0.04189536281639622 0.09386813964647764 0.08384976712676545 -0.04239631353098538 -0.08540520379419426
 0.02805183181732601 0.05433032738271684 -0.07060939008976205 -0.00622180739391559 -0.01461990172286186 -0.03376808731444919 0.01949686393309021 -0.03838240898531861 -0.04144011792603707 0.03523182597027658 -0.0620062543708621 0.04114432084968564
 0.03810289576558229 -0.04344309145644235 -0.03277207840784929 0.02497467513171939 0.08976529092325725 0.002448114385662975 -0.01351503702381646 0.04459624726794476 0.03889817707297513 -0.03531706291378794 -0.01175106990338187 -0.02349807317068323
 0.007264105784160327 -0.08633449193928355 -0.01415523941683473 0.05162102435442492 0.01719490116118597 0.0184793829582299 -0.09939198913583625 -0.08390766096893629 -0.08056258840627156 0.007590751943740481 -0.06245066076012212 0.08912574986577346
 0.04167323440550558 0.01132063301960104 0.06785273916676812 -0.04690943192814511 0.02803825188734471 -0.06519122783171591 -0.03456466388469512 -0.02169678261033213 0.06565675698194554 0.0681732245593781 0.01365170976320149 -0.09475853745918636
 0.02370940020844663 -0.05841723032764276 0.02948304008425481 -0.04360217599605313 0.09904628609278174 -0.09842486470396861 -0.01519527062512943 0.06241683875064408 0.08910658903780258 0.05839094316488178 0.02666338812477945 0.06569173800513942
 -0.05226912512401016 -0.08914241694422162 -0.001653014868370134 0.05917553941326983 0.06263977888690361 0.02175722332398726 -0.006776704992060373 -0.06120377197009624 -0.05250520100854718 0.08014588663230068 -0.0724310966974831 -0.02106767748750683
 -0.06105339461411278 -0.002580856340553508 -0.06730824331818816 0.04626053283411719 -0.06733513338773578 0.08083382916143603 -0.03166470736048108 0.002542717294577335 0.05360961541311199 0.03612114614084053 0.09612158093294815 -0.02680477118786255
 -0.08176225236259042 0.05511263625933674 0.0317106647184329 -0.03051368923293397 -0.08708695210251366 0.05489596335696048 0.01645523306043029 0.06546761704513107 -0.07232507680768153 -0.08126820571160528 -0.0203423671566392 0.004984177389147665
 0.07656190230050078 0.07320580267227472 0.07735907675362039 -0.03732341975662762 -0.0086996480369287 0.04645984774034712 -0.05185482327715322 -0.03465609352834158 -0.09428782415397109 -0.08444504726877261 -0.0005031784931870259 0.02457350976882977
 0.0798593378089327 0.06935532317753765 -0.06609492800356254 -0.07261910203890698 0.03260533901732365 0.07458009754588857 0.06091142666318058 0.09170626661844813 0.01722401127691035 0.04727525777765695 -0.002146664717095764 -0.02408414272212986
 -0.004924067575616309 -0.04814136991396306 0.0305206424822696 -0.06780788100087629 -0.09575452752772064 0.03721452384359972 0.09449444014975986 -0.07423524090903982 -0.05680440901727096 0.09031214058414602 0.05534372135522433 0.0802094278860894
 0.00371799888924218 0.0633211405351749 0.0591279162583431 -0.08353760518704957 -0.07500993801080606 0.03152355868949547 0.07865748281869056 -0.07789937745480614 -0.02052551442887653 0.002930596641827335 -0.04568499793059199 -0.06872955598657272
 0.07577409802851409 0.01029006473718978 0.003086826485565908 -0.05351893823691646 -0.04829408424296816 -0.0859650701211456 0.0342076202395814 -0.02471000869709852 0.02623182599510102 -0.06806285356259402 -0.09092025211623846 0.07026014006584289
 0.07023263867447582 0.06262585475743471 -0.01121106507096542 0.06463335432028314 -0.0210278874611953 -0.06584618657316388 0.02847740697994877 -0.003126305289502584 -0.0682330862884975 0.09624281794195336 0.066807411404366 -0.04628899773517284
 0.0632912004224371 -0.09705006608291286 0.04710088768959939 0.07480970775727705 -0.09043868184429076 0.08758631780754833 -0.09184134619983365 -0.03813197652404102 -0.08392824924092972 0.09085799686386098 -0.0306775747136399 0.002631541617750408
 -0.08469009730163717 0.02984197228086991 -0.09899051691474578 -0.01950911939779974 -0.07168525404167629 0.00589060641110635 -0.08348479067727385 -0.005092811115050916 -0.07403147209300392 0.09795091218040211 -0.05246050118522051 -0.001189193296918453
 -0.09425031659335074 -0.01374386978701612 0.04369294089435399 -0.03875036292676753 -0.0138230824415872 0.02445881442224271 -0.09416169654535633 -0.06489372414722797 -0.01556666186104137 0.009782765292726522 0.04063600039915707 0.09290440238601325
 0.08547162095761643 -0.02020049013518149 -0.07386130357025961 0.009962051316127638 -0.02921327519618516 0.05263405127557577 -0.03520679318591752 0.08188772455747026 -0.01948003726059591 0.05857065108768175 0.09437412258322467 -0.08095562856669027
 0.03683142571951642 -0.08679010357889742 0.02693315888593559 -0.02297920607344937 0.0144248798509001 0.03522561551311673 -0.01125032361161669 -0.02268811382133616 -0.08164609955045174 0.08239648660583213 -0.006805140520370095 0.05142932852800527
 -0.03105436552971017 0.02747338824798609 -0.04034932951178499 -0.08392306230598662 -0.04381489829164745 -0.09215169726543967 -0.03858609345614829 0.02118114903404726 -0.02375239303349391 0.05283594531383565 0.03468957551818569 -0.06154688607289484
 0.004403777490430527 0.005406402146740152 -0.06142740797348677 0.02469432802552704 -0.006602208000348844 -0.06276497759638069 -0.06847859799922493 0.04449328527554353 0.04653646980373491 0.0917813078076741 0.01469740280243108 -0.08017428185473187
 -0.02703053536857286 0.0134175982325649 0.09246866551218474 -0.0531698224987292 -0.05276849060712124 0.05703657388590044 -0.05515947884678744 0.0506081195673905 -0.04541116737822792 0.04089819003904882 -0.03128339015613543 -0.03810023923601424
 0.04185650939008262 -0.09490536700556448 0.08136167519286006 -0.05507353971365147 -0.05135957037238367 0.06368141525360879 0.06516477369978596 -0.01801854983273868 -0.02227939465565917 -0.0142987239574278 0.08866668693048457 -0.004194123098725924
 0.07960219580452849 0.02032278401220659 -0.06864226610171267 -0.04260342190039902 0.05381022089656182 0.09352637334752209 -0.06434407549205602 0.03569542291046335 -0.04540862958888504 0.08942496384549631 0.08319018490573937 -0.06902461603458643
 -0.08480889905258686 0.09623351593282917 0.02942991698552197 -0.01273496012759946 -0.06822171443161654 -0.05268573304305246 -0.034682607813921 0.07776188098889011 -0.07634989709736699 0.07359529615231863 -0.03655677476296068 -0.04623495603942328
 0.02121350299242659 -0.04504004451415564 0.06077960793227405 -0.02594589950096446 0.02710022906140216 -0.04917987849943889 0.07511247914580793 -0.0340131349663876 0.06996072307936649 -0.06243300358410761 0.01950591400706306 0.02601145070526706
 -0.01153891510843776 -0.01515412011077957 0.01065845921493072 0.02910575562785248 -0.05263272898980965 -0.00353369266051437 -0.06642266668836883 0.002111371871536982 0.05812846231590516 -0.03703251898497367 0.07993903665044413 0.06187878925502055
 0.09511625591903203 -0.01527430941911047 0.0204235748988254 -0.05525057360972005 0.06251353951235139 -0.06359143791249355 -0.0006909044389211416 -0.03777992031388012 0.04666267190625764 0.07909392012557118 -0.08501267102513588 -0.02373476845071375
 0.0435924611254962 -0.004832261194501655 -0.08474662300446067 -0.01542061344764076 0.09995976662969211 -0.08398824898301616 0.05119347338954983 0.01012332679917283 0.08531439438651209 0.04243463415924095 -0.01123051250357684 -0.07813894515220904
 -0.06281708570257895 -0.02135617996139713 0.09266936710173904 0.02057914795183413 -0.02186423673838647 0.009376233027914418 0.0140285981517706 0.0001828633810663227 -0.09882720738714423 -0.01993143021530583 -0.001313097340394212 0.007639869821116904
 0.05865838541023011 -0.06521322632492366 -0.007427755530053232 0.09120681452077026 0.01144440524221939 -0.0993186687584139 0.003896386008099675 0.06119664446502271 0.03788390751796269 0.0135252158856175 -0.008293309425678436 -0.09575610869255159
 0.06558114138362642 0.01907514797855533 0.0299513432505977 0.03424756877260843 0.07610791838526462 -0.0359280476876955 -0.03995710974569803 -0.03133150352004278 -0.04546587218545432 -0.001816472595520729 0.09054176878017364 0.04412822308806919
 0.07153649896753844 0.0987855415066744 -0.007610858624360034 0.04240179276644696 0.02429580049940339 -0.09384851168999525 -0.02084261413541402 0.06623844720977912 -0.01654840448268721 -0.08559163110409219 -0.06025306912362251 0.09819884103585394
 -0.07429652152295464 0.0207357335785561 -0.06150878968136443 0.0138252477125845 -0.02184341222312489 0.03317324273917241 0.0175805162533486 0.05792912053294585 0.05726305237549092 -0.08891599368893045 -0.07909105893997204 0.0331584661833883
 0.02658304561832719 0.0357304972169806 0.09228805266020176 0.02066627888430957 -0.01408432499813259 -0.04184264355430137 0.06840751176662702 -0.07042221421331837 -0.07846682659023656 0.09457917926687365 0.08784268419465074 0.08338401550791935
 0.01068428222500035 -0.09916920948887172 0.05046554945294665 -0.06173763625428713 -0.02788553922248803 -0.02179314670154998 0.05523246274049751 0.05517499160066514 0.03511015216742949 0.04351347878673764 0.07367763135338054 0.04623671090830941
 -0.06439662705396113 -0.004528323976149426 0.0103438561470998 -0.0469109977657313 -0.05214876718720144 0.0229492650936008 -0.07715197526396993 -0.004059937899040258 -0.03565346847993446 0.05019507907700227 0.08181923386350756 0.001193212718463579
 -0.08443449445806181 0.001950039446868862 0.06970489257044202 -0.09867438748000358 0.04024559120711507 0.004643398074218569 0.05504949114291455 -0.04822375310594823 0.0824950272534046 0.08109582856791125 -0.0855578851601661 0.02616613760402392
 0.002474852984939768 0.006561516954620927 -0.0482297654624483 0.04718160716216593 -0.0674176996632169 0.04683681484489335 0.05696781015593766 -0.03755540570343531 0.04272485777795115 -0.05074682959024003 -0.03942344439596123 0.01317252844016796
 0.003397680279957099 0.05849464048626907 0.03344955658133203 -0.06347656185217346 -0.08083345865281641 -0.05626301954503378 -0.06327755415090705 -0.04741342915259122 0.002023388331837017 -0.03547021632963519 0.07697952344416278 -0.09649630469491688
 -0.07476320886050397 -0.008310770508079074 -0.01889253117615156 0.07257965140800596 -0.07302214134631629 0.0336714352385071 -0.09067194978081218 -0.07123604472461433 -0.08189086838041854 -0.0326516738918656 -0.01256992889151901 -0.01887757988928027
 -0.06507144596319017 0.06583377744072513 0.02365550647711254 -0.07755866739966474 0.09351818194027239 0.03145522747907445 -0.05680943984760435 -0.04181348436152811 0.01580189411913294 -0.07086897422406024 -0.07356636317137592 -0.03010154945882686
 0.07500138357615402 -0.08449371348499163 0.08761470044759231 0.03793535416190369 -0.06581030107448668 0.02829674778995211 0.03793691979512481 -0.05729108096137662 -0.08159603977825819 0.001358602936368622 -0.09728741261881321 0.0386649149171239
 -0.033772551036306 0.05057585497089509 0.04095628059920481 -0.0620615928232443 -0.03026768533839021 0.03751862659424243 -0.05483722120908389 0.08425858536744876 0.0409301721512387 -0.08311088584138243 -0.06902073364448262 -0.09661873701572858
 0.03070210441192953 -0.01275361686786326 -0.02881488888108878 0.07423229445015078 0.04609981152623072 -0.08178285366257187 -0.09664591389690087 0.04312408951758676 -0.00287186279181692 -0.09508571309913436 -0.08770904309133482 -0.02812171275870917
 -0.02263713589363864 0.03035222635189633 0.004364527376071764 0.03040870886785779 -0.001904328849166789 0.02456084520780739 -0.08314015774250394 -0.05254244738041861 -0.07740628926091313 0.05735272625456156 -0.07093310140406314 0.003989911200686078
 -0.03109818533940939 -0.04017228952388751 -0.0537900439557962 -0.01957972422005329 -0.06844766109690117 0.002604192663360622 0.0004635488949245314 -0.06900799097549017 0.01597473334301244 0.07293401644291961 -0.0139446916684399 0.09584639203162323
 0.0543346688696639 0.07951254621142598 0.05638551203657327 0.07592995702914629 -0.09799343093105572 -0.0884308170130067 0.09567955452659849 0.03351606303114424 -0.05224421816358273 0.06093224683712528 0.02600170082519973 -0.009093148814144164
 0.07705559715168395 -0.04438290763592975 -0.07736256645133541 -0.07169480956887275 -0.0318129436856273 -0.08998158668290816 -0.07517604971213254 0.05679391940053044 -0.01759377391299112 -0.04413262626214981 0.07558592344302473 0.01067280047790942
 0.04964775705893704 -0.0841550287876182 0.09201944632235651 0.02496848718592785 -0.02823605975215553 -0.04051106673737198 0.04476467518475744 0.009280318832799644 0.05817432546803042 -0.06920070605896646 -0.03699876511922981 0.001534127676035696
 -0.04304419423613396 0.07085449489844248 0.0171647417053733 0.01052661196778329 -0.006234671251235391 0.05649738038162017 -0.0900845417549303 0.04864767663951491 -0.08314871769480434 -0.02710117544580985 -0.09682398226204592 -0.01027464626545325
 0.05455876051306821 0.02732058918113245 0.006831899955810877 -0.004578678116866547 0.05976675805140705 -0.03766828805274541 0.07147343142517595 0.03462185271790502 0.05198956537675328 0.09816604883661259 0.03581533712859669 -0.05952835982422314
 -0.03404677440088778 0.01673004684061385 -0.0140132553939024 -0.04890519125699299 0.05088644804059905 -0.01960025412268208 -0.02931827421405107 0.01323971325835165 0.01774732832494197 0.01068586896196826 -0.07887403675835788 0.02156514005731443
 -0.07674231648584479 0.07197569312009358 0.06635616477463674 0.09157200487973086 0.07405768700396106 0.07648380604262162 -0.0631402733245244 0.07106699814421613 0.002131251898439837 0.0688612840733572 0.04010443711005368 0.06168455180150098
 -0.050508987884324 -0.09000619300781622 0.0996246699430208 0.02404341968932852 -0.0396224242931034 0.04476755101160862 -0.03442379242704517 0.0805524088019933 -0.09922455567307342 -0.09663546671723411 0.07191970891508201 -0.07500459666118728
 0.07524065385171139 -0.0144612391919817 0.07510091696288551 0.0537347798891783 -0.0728257905916966 -0.0995148464002229 -0.08151336831811715 0.04299325736458556 -0.004043878472412402 -0.005838122189558245 0.05980834102214252 -0.006523263565994475
 0.02590355674155428 -0.05742754348629688 0.09587312713109492 -0.08956615200874674 -0.05002245205761119 -0.08113956310087522 -0.07002538886013467 0.07550783467735292 -0.07263159754634527 -0.0343280446167113 0.0589904259678645 -0.02245635880232778
 0.04410004834097353 -0.001434857107219883 0.01338053496545402 -0.05700410375922702 -0.09347960915177579 -0.09319831553766174 -0.02643915682760288 0.01691562734897223 0.0895511757293764 -0.02772052850568313 0.04874995044210226 0.01891396014585356
 -0.01141358767648572 -0.07423775723326369 -0.0730530046736256 0.01412276075645599 0.08762938214801663 0.03021230031206051 0.03204132420657274 0.007313235345875607 -0.01503154337283943 0.002057646651721673 -0.008434481089273568 0.06552051992750021
 0.08915122933536554 -0.001804641552096087 -0.002856358948490928 0.04874726273557578 0.04175715334100288 -0.04232002590167822 -0.02856842931071839 0.01488299300792965 0.05985063116071565 0.07571547305435197 -0.06151674908602517 -0.04967342643588998
 -0.01604884593159103 -0.08388052334509483 -0.0394221803896678 0.04926790065283354 -0.03236384060499714 -0.07590439022016057 -0.02735662201878172 0.07837563121238125 0.08410674887198924 0.001425964331452395 0.07486163312489721 -0.005867509072099708
 -0.02728834669847759 0.06116650502110341 -0.08522666060924323 0.04222210316239244 0.01866202953415516 -0.02657293600464776 0.005627961202166729 0.01393858436072197 -0.09200176850534582 0.08605441254002502 0.04954401065235797 -0.05333949388520957
 0.077113097833542 0.0280539787795514 -0.01900753627499488 0.05028234376425764 -0.04897264042055902 0.086121227427601 0.09063839678632782 -0.06265372047800039 -0.07349641926578758 0.07905707698075684 -0.09717737896356009 0.0499433732621786
 -0.07261238802997949 -0.001570495243556666 -0.0671019568038044 -0.009580365366405511 0.01692261625683829 0.07092152607034227 -0.01084035000837288 -0.07646143526119525 -0.08153786244880853 0.06116203722239427 0.03229882731718034 -0.06388633694682323
 -0.08405545865859666 0.07025036147560856 0.02478115196309075 -0.02141786032325724 0.06243995096692187 0.04530791509436663 -0.004187740165844167 -0.08907098619152681 0.07307715283387078 0.0853006802947115 -0.06219894556909905 -0.04740970848508061
 0.08708597929944803 0.09163414854896174 -0.05937098256977694 0.07473979738426115 0.009681699944972172 -0.04523488924194263 0.01088444937167632 -0.08432991022271656 -0.07629666994456802 0.09891136986277993 -0.06420524288920035 -0.06679435710340055
 0.03701800271484057 0.01945726211014229 0.07515932491820224 -0.07235749363607097 0.004946210663004449 0.02550396783773917 -0.07953688307620399 -0.06425147918475918 0.006108628246788234 -0.0742948400561755 0.03613205254141874 0.07063941916118038
 0.03366322840195857 -0.05963719941232543 -0.07314379918348254 -0.06670515164156499 -0.06680221904056194 -0.0827921680738547 -0.05332614132252617 0.002214385182495643 0.05123571249830292 -0.05148908526655679 -0.002972202001583865 -0.04327255260941089
 -0.04889445233079467 0.01417672422324387 0.04898422223266807 0.02068702344243803 -0.06006241727256598 -0.07132980806239253 -0.08335544306898779 -0.04294495867117291 -0.03299699685751743 -0.002231773769788947 0.02336093826714843 -0.07792208582195263
 -0.04634966631909353 -0.06606805770229288 -0.08678651462000228 -0.02539441395905737 -0.0783619221689818 0.0894794523037355 0.07748125828442456 0.01501205708294913 0.09358054374426542 0.05011782306474405 0.0208594608278827 -0.08341840693604786
 0.001075956412615792 0.07398292358302361 0.005880434320519073 0.07127407318234397 -0.08224311890226466 -0.06746827752537289 -0.07386224447595643 -0.07228138309156056 0.04006800999130278 0.07180838690456542 -0.05799469137516699 -0.09700418488752846
 0.06239035727266992 0.09442150401308172 -0.09393929768520215 0.08233638715007965 -0.04785317866846658 -0.05036341051181895 0.05267876560975379 -0.07008006883274287 0.04843999441181993 -0.09705154246897581 -0.04310659419259338 0.05449083214691583
 0.01669567199444182 -0.09818365357859182 0.09341892485033162 0.06348455623690699 -0.090159847352708 0.06602597221616921 -0.02270930466583333 -0.07987410383302412 -0.01633032074271992 0.05925334588578149 -0.01000654429237255 0.02965522675523688
 -0.03551655418805068 -0.01222585571692797 -0.008622077799891936 -0.07841637287090961 -0.01964655804955914 -0.05455780864800467 -0.07603998227514687 -0.05304534619285625 0.08087254424066267 0.02299123594568346 -0.0262234554365802 -0.002706413178054229
 -0.00486188067660015 -0.09838195495271478 -0.0259090969095304 0.08885609011017667 0.03387184535553267 0.01871068861631749 -0.003643774377606629 -0.03002104633975668 -0.07847259426376733 -0.0375599424285708 0.03852597119009069 -0.01298854311226269
 -0.03408304183963941 -0.0960676732428207 -0.03044272246087358 -0.0703066536123392 0.07768775104520634 -0.02102121521649793 0.06562977256207181 0.00299676468761445 -0.01814395085689929 0.05403537591399812 -0.07429183610775829 -0.006568636043069329
 0.09373776184202851 0.09199165419199304 -0.06279067524175252 -0.06912349372115517 0.09960031851685902 0.02504121243631569 -0.01624262247126146 0.07905396344737614 0.06910896760527155 -0.07596163724508948 0.0748914409429135 0.01131457662959309
 0.08409109834483061 0.06942756506710748 0.01334415536864779 -0.09519217476130282 0.04830540318410304 0.09853105998561068 0.0960554411187837 -0.009524127097756088 -0.04413378009197561 0.04564733855459893 -0.07776968821253644 0.09335345546167673
 0.07414921067550326 0.01720130828773399 -0.003076430544154171 -0.0170467196813274 -0.08375178256775748 -0.03592863675871355 0.04504329324330583 -0.0004505201613817095 0.05682306710728693 0.01132685755688927 0.01102932530298387 0.09514708517280263
 0.06125004326835079 0.06371912310761671 0.0442674238451401 -0.0537605838190418 0.004196396079078443 -0.07789393048541188 0.09507966827386063 -0.01241433375815013 -0.068448384192793 -0.07855424371369051 0.04645879955943663 0.005088668584677047
 0.06690833347424591 -0.03630558323738203 -0.0007219435581809069 -0.02474434479116769 -0.01417517932343801 0.05183663401412172 -0.03806332653143853 -0.04292750414860488 0.03998272807386738 -0.07081402802921763 -0.03695148310405193 -0.07007049074272835
 -0.08349360277232815 0.08570557780799345 0.07584236529403596 -0.007487931605321893 0.05148290013859308 0.0872964167365318 0.08157828338407438 0.02611966978705635 -0.09393038306883965 -0.05031712995022296 0.09868553147764167 -0.04801376382014219
 0.08976004289507236 -0.03416344904113776 -0.01281080601344137 -0.09394796347122131 0.01162408524548457 0.08525400782285439 -0.09429297971085823 0.09283203405122678 0.09519873577766153 0.02204570431083583 -0.03026472843049152 0.07587154593477535
 -0.08906120241731136 -0.001918971423151797 -0.05413151733555443 -0.01805642975910074 -0.007879886320156113 -0.061203946188707 0.06881589724777076 -0.0200330927935852 0.06586169119290941 0.05878711011645429 0.06727409320587974 -0.05590261917333553
 0.06651179562452397 -0.0686757532918727 -0.08066713107035443 -0.03917949951393362 -0.06299750621069046 0.06584651855327772 -0.01618102513182276 0.06440450348679738 -0.0834948242437174 -0.04154735516116336 0.03950571697280958 -0.07993724115294426
 0.09652736896159325 0.09225246173666715 0.03807485394384194 0.0377192178673974 0.07588138853777482 0.04179398510086504 0.07096720640618523 -0.0641339767003011 -0.08488295897312574 0.09517827251632335 0.03885957160154574 0.09635830110093269
 -0.08259225801168581 0.08607164916355917 0.0182053143616564 -0.04227946277832607 0.05371951375816655 0.08452591944022075 0.08243747140563637 -0.09707752652896608 -0.09027081313117244 -0.08527795988754765 0.07254234402138782 0.06436298946077998
 0.09084675707416942 0.09526178736532698 0.007606721010674347 0.08714276831398202 -0.03761121216985012 -0.09818705201812918 -0.03568927311644107 0.04702222640470777 -0.05059874879679346 0.01247599184439667 -0.009977249721904405 -0.02458515077527526
 -0.02530666175403128 -0.03200237781574421 -0.008999149156426869 -0.03370083504139637 -0.02071061389600216 -0.0710288971201587 0.07450882256863817 -0.02483514198235429 0.02851250410872111 -0.01438241923218248 0.09166694920384857 0.02938999163751102
 0.08390372976588908 -0.0008460758479059416 -0.003011028154072823 -0.05677091055556093 0.09670001832507893 -0.08801598477510061 0.06617228421687957 -0.03140970427529183 0.04212437694025681 -0.09657071845028488 0.08515516189473588 -0.09396782461540311
 -0.05752674092222929 0.001455449123663063 0.09343044164399905 0.04904815509011981 0.06489032719090715 -0.08913421224886875 0.08719871468962859 -0.05501702384963835 0.03305283913482743 -0.05774696369968621 -0.09244586635071783 -0.03898349751969318
 0.01481410908454142 0.09442147175561819 0.03008635145242239 -0.05205163071720199 0.09087369383923669 -0.08668993487785882 0.0307916953753635 0.02293955990627952 0.01510446881886381 0.01826004075369651 0.03448910532700536 0.09252898758660263
 0.04538592872029223 -0.04506268703889328 -0.05207398634409349 0.05062144370522309 0.02281497935616816 -0.03872698466984165 0.06469848114537388 -0.05707184418046715 -0.02053834047675002 0.004571987649587023 0.09517017150211257 0.0730837779388914
 -0.04310981172581155 0.03859778860562149 -0.09962401704785399 -0.001364391083361408 -0.02648591423988486 0.03222934475163414 -0.03415805262151737 0.01138167683872884 -0.09210466564259213 0.01846097658069726 0.02482170538023978 -0.07809851572734056
 0.08896009513962563 0.03290014244120643 0.05490671545334921 -0.07134434129831647 -0.01431315008873449 0.007028660951579058 -0.05623080157369266 -0.03735935931878419 -0.0938330579725784 -0.06097810015497799 -0.02895654885469462 0.0387384526718641
 -0.001738396060016884 0.06920734615157417 0.01576583661292963 0.06574586515796352 0.01968508717979858 -0.02039911041525334 0.004165627950771952 -0.06719969817157173 -0.07492213134051695 0.06993723101207547 -0.07879249497415765 0.08484659373717948
 -0.04133978928615322 0.01765576392799847 0.02966433532678964 0.07001653698054464 0.038061726349367 0.02915529810881753 -0.0004076445197212508 -0.01726458198378721 0.07940443351815474 -0.05138536587367198 -0.04592667296879786 -0.03064386793201021
 -0.05728342439018691 -0.02694449405463696 -0.04444711615244365 -0.006295318728562121 0.02485693909213067 0.06842004521221709 -0.0435915730421366 -0.03203015860421464 0.02889138324045587 -0.0366429503943662 0.03682023777092669 0.0141669449659831
 -0.04921656526887578 -0.09002464184868417 -0.0864404076052645 -0.01478243608189195 -0.006241179724480669 0.03786077831087306 0.07637923820377765 0.09951473921006906 0.06639319330848933 -0.08816893161633405 -0.09319677231809821 -0.015701620880015
 -0.01030192331941668 -0.04428044549188203 -0.0985496524416074 -0.04297861720841848 -0.04176098313425808 -0.07915489210944386 0.03607892752607417 0.08321810202454125 0.06312409277417175 -0.06373727085235281 0.0418744181235661 -0.07841365958339556
 -0.06576870594163059 0.01605087819381774 0.03437427363391082 0.05884526679574631 -0.01735304330955176 -0.07702144018824088 0.02133652184988251 -0.05511840474885585 0.03960506835256339 0.08371917414002134 -0.08812109246073313 0.09750506624148578
 -0.000492364489872249 -0.05492923140022325 -0.02728385317009895 0.07057788043312915 -0.0471173301926593 -0.0914864313298229 0.08109390679392442 0.05254892702679578 0.03534152504576965 0.05010554312301824 0.08037858747283844 -0.07483537677949403
 0.006616186685152542 -0.01587839052300441 -0.07729876268700669 -0.0457404933700693 -0.031708815066516 -0.02569290501676326 0.07330345644507538 0.07650457410884912 0.03594533257811491 -0.02202185205760208 -0.05366618410691272 -0.002914516510311257
 -0.07565803234112745 0.07121170705664651 -0.06473966947040688 -0.08924194938726461 0.09066127728063353 -0.03439944817666897 0.07423910710557444 0.01888032616283117 0.07751244802989518 -0.03975115515878426 -0.04863953237257079 0.08776551015975584
 -0.03887806231093841 -0.06820484688748675 0.0876864827298611 -0.09505002574561683 0.09253880372798451 0.008611940386012651 0.02575903462072243 -0.08821369072132158 0.09819196210501566 -0.02928584889137863 0.0730968019574649 -0.08251265219767605
 0.09294204255912106 -0.04258866739604589 -0.04583019251431197 -0.04899878190240025 0.07189200447320102 -0.09375484113458245 0.05414671047270778 0.01954489599749243 0.09419922308445616 -0.07923671120156481 -0.05320988891742672 0.01028482842284109
 -0.07354230032478871 0.06613572886495547 0.03143081186801658 -0.008328433231545987 -0.03620250984749171 -0.001078942123504956 -0.06418081341497053 0.03457876105441593 -0.008176723225876717 -0.008694614200824277 0.0954408716010243 -0.09008539335996603
 -0.01255005783634254 -0.01455401871661893 -0.05110887044177131 0.09241681965666307 0.05984945883430812 0.05004535053563811 -0.001129642997896182 -0.01920283077652506 -0.01295179318343621 0.04019902850057 -0.01906994773068973 -0.02055526254578452
 0.03204209160202318 0.03857737983359955 0.08174366033471223 0.03708913401618913 -0.0009648838842659796 0.07900288427270785 0.008219038739825074 -0.07617643449096435 -0.01620144784464989 -0.05012935320916411 0.03535257986347035 0.05578428504103503
 -0.08140590413808441 -0.02808242475445649 0.05085164343611379 0.08689298383141336 -0.09860362190305118 -0.06655844037721814 0.01608336531741095 -0.02085653406576483 -0.07070312408649787 0.08486704240968798 -0.05402003174041724 -0.01393859619493393
 0.09919378200705903 -0.02822596645385857 0.0160492003919547 -0.03796444633920363 0.03182886433066262 -0.08691372310911018 -0.07721015492559544 0.08808862462988024 0.04109315190139701 -0.09122796704081335 -0.05667118217647826 0.04423364819736211
 0.09230393071674428 -0.07009430434066938 -0.06520382393832835 -0.09586022938535525 -0.07735552759464726 0.09679962365724934 -0.09192880302400648 0.02467453675950729 0.09328115193157108 0.02038290993011223 0.04532762650886241 0.08306684419585889
 -0.04417283170907339 -0.06820931157581589 0.01111553581152422 -0.0102070280676449 -0.0238308565197273 0.01995336120454649 -0.00589223517051328 -0.03595555763325674 0.01539629510916873 0.05612324759493492 0.0821936163302816 -0.01922868119450093
 -0.06945583323154585 -0.004490563903587028 0.03211673698076684 -0.06539046800864365 0.07847465753420105 -0.06194341313204376 0.04253756898946282 -0.07517803517053427 -0.09805270312953486 0.04838530545184089 0.09241834815115144 0.006270775191733316
 -0.04397970969939344 0.00822773193973117 -0.08441064514438039 -0.06889808148244327 0.07824539036770409 -0.04622345409110504 0.0167208277092082 -0.09258098420962703 0.09271665218539174 0.07071021972340949 0.0992111560890033 -0.09485857361215805
 -0.09734690454355623 0.02106139459115382 0.09328909630823137 0.09317273477911936 -0.07423074521340312 0.09637672149998436 0.07004474458372975 -0.02173262408641564 0.006242726233817539 -0.09926124586150432 0.0996433673488524 -0.0907237035809052
 -0.02930652357168199 0.0134846733451863 -0.04795509833191459 0.0150138862917016 0.03210020526741875 -0.09228362006916632 -0.05493737611912574 -0.07305148101232574 0.04129477685770336 -0.03878895927725491 0.002573914638311386 0.08927381995634148
 -0.03903331308398029 0.09097384321128016 -0.04043520255814964 0.03583083517053517 0.01828678159325232 -0.05719954112294665 -0.04839558577823643 -0.04788798062728544 -0.01758870755595641 -0.07371167861655285 0.0004565344457834603 0.03673404204963651
 0.03096131151198836 0.09612448213718353 -0.097720222825274 0.00192915591070035 -0.04851448643242819 -0.09874924962519439 -0.01799740223635907 -0.01109704898808267 0.05781302944952968 -0.04688651543085004 -0.0868041156252838 -0.0905365389634009
 -0.01220311245816305 -0.003582302156134254 -0.005702525552607807 -0.04989521813753683 -0.05480263234306623 0.08564787120813652 -0.002336898443492247 -0.02689958472036284 0.04036925794121179 0.06043639117903485 -0.0875978768069552 -0.01413581035636793
 -0.0487164148091575 -0.06972267850343977 0.04580302094343375 -0.07409143490064764 0.06924335035219858 0.02797711590732521 0.03180298321150085 0.09556088524758974 -0.04161750353754445 -0.08926442694643634 0.07263144085424802 0.03668300945605021
 -0.08030819610449244 0.04491673320587125 -0.06964441372053806 0.06742898385588003 0.04429670503950278 0.00647094814947162 -0.08702592579067256 0.01381464241794136 -0.08497540715664995 -0.02365884943357349 0.02812626830218318 -0.05561907986408748
 -0.0596672946708478 -0.05592414996549943 0.04856488771709905 -0.004459253393521836 -0.09429329084368465 0.04540383552972005 0.07294240029625307 -0.01017861322303965 -0.04440952703304514 0.05876685635903328 -0.008293869933907849 0.08596901985714508
 -0.09887581248444444 0.003153699075486835 0.05090358847182491 0.09741522549804024 -0.004906116348378703 -0.03484921204178956 -0.07269702165108391 0.05222895908801217 0.09266277227804801 0.02016839877405614 -0.004569396817775559 -0.07039619033840902
 -0.09775303887658264 -0.05533704694264566 -0.0866666857958283 0.06700533592066071 -0.003814443211124244 -0.03031370853416436 0.09176880585591773 -0.08870667804022067 -0.08523423080247927 -0.0912513895921319 0.04216295121401273 0.07649805727973966


