# Created by Octave 4.2.1, Mon Oct 09 15:21:48 2017 BRT <root@mosqueiro>
# name: w1
# type: matrix
# rows: 200
# columns: 12
 0.01919511278748418 -0.07577559973833915 0.07243610958636482 0.05106672385753974 0.07364668994978746 0.008773250217403966 -0.09961569302442083 0.008941536057931174 0.05476005941655812 -0.07413597854411902 -0.08882549708876128 0.03228159251525681
 -0.06697383732132024 0.07328677531198077 -0.001641354928416119 0.03487801241142799 -0.01433742690380747 0.08302684444696654 0.05506997625435309 0.07109584660241261 0.0985224352507322 0.06988805349264227 -0.03847084815237251 -0.08299922015168838
 -0.09484087155908844 0.08900680341752215 0.02121030918415072 0.04850164305211821 -0.07879377399967995 -0.02574691109533926 -0.0740023596621808 -0.04578340547011037 -0.09239395319791244 -0.031063509673959 -0.06973516291211862 -0.08949868004122576
 -0.06857977031147333 -0.03962574294718629 0.001033253623910893 0.09699615621347538 -0.03820255806377981 -0.06413727655422391 -0.06292857298709639 -0.0005013945896852195 -0.0593983121828816 0.04376163098373401 0.05141014211739234 -0.03312636198585871
 -0.08391035621140543 -0.09033679262560347 0.06749223844774713 0.07140185094822357 0.0685400558155676 -0.03085501472607664 -0.01142049877440145 0.02812228859217228 -0.03313438636356926 0.06876286852365746 -0.06466983085648648 -0.02001501181693867
 -0.06232584083703036 -0.09472482884990668 -0.03351865635880967 -0.07992673223563963 -0.0738310986558335 -0.03152074644645587 0.09230846163889914 -0.04539051811778495 0.08493690249112404 0.02945332922703212 0.07837730903831699 0.04012953779951173
 0.09869795246844157 0.04687541045028865 0.0556801676631708 0.02220507459005319 -0.008639296066119101 0.06191765604845118 -0.05373361652184116 -0.03897999123976165 -0.09335078743225757 0.06955790573988585 0.05984755063297673 -0.04093257471311626
 0.00592582285830294 -0.02608856493610524 -0.09721962092431047 0.04657823199519079 -0.03342623630870398 -0.09159466261607734 0.01011797665957012 0.06204871624596703 0.02900586962205151 -0.009510650678803551 0.05448257600911574 0.09334911168193974
 0.06876286378782956 0.06437704799783381 -0.0211913640563989 -0.03164640472447305 -0.03983679268060615 -0.03566114954639103 0.07406458246749167 0.0114247489088275 0.01890358731015566 0.06326357377184608 -0.04329360609538916 0.07945902381110384
 0.02639321992745192 0.04032808282900244 -0.06451985102690044 0.03854683994266667 0.08302924252889166 0.001472104596766097 0.0880799733355076 0.06583677594677087 -0.0373404672383461 -0.04024525108848059 -0.05909084075844814 -0.09630995980959282
 -0.08056106208077955 -0.03735456525088655 0.005435338986048449 0.08976018791887891 0.04131362019997337 0.09275358638603118 0.005613210365516944 0.04225045569826391 0.09582593856622912 -0.09724415381867342 -0.01583252684023226 0.01215656444486131
 0.05362192686996198 0.0003625448532175446 0.08241138892942879 0.03727263639764028 0.02263167242303354 0.07465892911187227 -0.04488269240055355 -0.01601686158142737 0.07337071390123942 -0.03759399523596538 0.02090491633775016 -0.0749374682825554
 0.02464626821311537 -0.05632074919556082 -0.05519049438658631 -0.005155978714877954 -0.05746280453106679 0.08072513561260597 -0.0570206076937651 -0.04397209784246627 0.05432581366079633 -0.07057069810047317 -0.07185027029693675 0.07483502727538816
 0.03306656301896516 0.03146848410488595 -0.09910604263215698 -0.01122379896078338 -0.03645180752924386 -0.05329693156479637 -0.07807297223834035 0.04509439174637664 0.07940324585028066 -0.09239437178656511 -0.07605525753695812 -0.006955904664802504
 0.04186978096620811 -0.0716233723248238 0.0463857460182325 -0.03204958155775632 0.07553557239902331 -0.01725347305837678 0.03199633183941769 -0.0887225873702546 0.08555016492945175 0.04710146899594461 -0.03190786025503649 -0.02098176158153044
 -0.07262385619910977 0.06781495887371655 -0.002465294382055144 0.08636084358519736 0.05906092058004686 0.06389342313601995 -0.02551259531903864 0.01531197771478385 0.03297239394571555 0.0999354693372928 0.09999728262381027 -0.02203811894011019
 -0.002635117448590477 -0.02595413660342706 -0.08641659903287166 -0.05848353844115061 -0.0728157249042814 -0.05281394587371677 0.05774460884431751 -0.07299952021441275 -0.06450053188290403 0.03196985569816485 -0.06944578162107712 0.06559259015817195
 -0.0204364008368587 0.04606967791651737 -0.0493228025558358 -0.04145128990267603 0.03099731478970341 0.02716016206647162 -0.05051388699449554 0.05179770623017296 -0.04741718806213874 0.02995892971003408 -0.03515275131262083 -0.04186685955029498
 -0.07265902403966906 0.09540249121564598 0.05172124345950632 0.05788094997330859 -0.009340062817647335 0.002051132098309622 -0.07628652127659498 0.02766077923579002 0.06361975918456481 0.01171599905077825 0.07101490834382138 -0.004549408076123751
 -0.08540229564786692 0.05270609286300051 0.03318146369432037 -0.03811009558767945 0.09549701393936211 -0.05652868613276371 0.0979533405938717 0.08355980866933085 -0.04034059228243158 -0.08337874166261125 0.001815995686572647 -0.09768077641429496
 0.0586420919766113 -0.05011456233140209 -0.006972528436101771 -0.007707410251819993 -0.05460077452524547 -0.06634622255972768 0.008990886311973353 0.07399846051709988 0.002839000348163465 -0.04924074285655115 -0.06607928672661489 -0.06973324105354772
 -0.08687590723063643 0.02873120697730253 -0.05097151209419135 -0.01508727899833893 0.02177222321052941 -0.08437581020126265 0.07698275889219686 -0.009783333744153022 0.08809747016875058 -0.02052379876216209 -0.05330927580802826 0.06121334395444386
 0.0171700290039946 -0.02367936776993552 -0.0730888923759369 0.008875486400821544 -0.02267944602614463 0.03734581261526007 0.04177064061887406 0.03598746938326902 0.07723362094752526 0.08116942252044182 -0.004040735079743285 -0.085716366553614
 0.02839042965545158 -0.06103216504728634 -0.0715161468356254 -0.02475879865295652 0.01364850195324116 0.04057500589529478 -0.04477007852303733 0.06757760683009428 -0.07404161183102975 0.04010137384778184 -0.09192092172986234 0.008853875525482141
 0.0252448266872449 -0.0301212111078303 -0.08163487893254399 0.05386427635771915 -0.08152931381003345 0.0646994647967008 0.06739014014074945 0.09665364540085528 0.05439207490960327 0.03519416187911154 -0.08385331273368817 -0.04975408163158732
 0.05927826085894847 -0.0213685209589126 -0.0992790821154147 -0.06692070007748631 -0.07340265272033691 -0.02552996337920152 0.06555554185492038 0.06183941481365146 0.07287633699307963 0.01958603211515922 0.05386997352377054 -0.07967047268967065
 -0.08197850419311012 -0.03651901761248794 0.01475170693323957 -0.0114309601202799 -0.0002591850694496495 0.02198533220441519 -0.02046025408216111 0.02131100202782525 0.08989245104563923 0.0255772036506324 -0.06981443252442558 -0.08455067586511586
 0.05707664284506136 -0.03463437835910196 -0.04208669016345416 0.08671678380671205 -0.08312005557552095 0.09877620441227206 -0.09419537915672906 0.007628923499545734 0.08290069748033266 0.009823330232902897 -0.03453351534923704 -0.01018108959346439
 -0.07694709001137705 -0.04253728577993356 -0.0307655008979577 -0.04072501577941373 0.03942489320140033 0.09069175998539189 0.06479669531669313 -0.08998140849918596 -0.02665310649701075 -0.02782338818045053 0.08858152091105409 -0.08881038801797114
 -0.07701832356674648 0.06525980939510173 0.01046643979731596 -0.06004637164558929 0.02111972579946408 -0.06757347595473251 -0.08478081182571796 -0.03092202588360413 0.06546117896387277 -0.07957317954097136 0.05053139601094869 0.004484284727751905
 0.06980682558837806 0.01636501049364802 0.07418767028828965 -0.05106957357019716 0.03972435425244619 -0.054711102521817 0.08002739057529143 -0.02990823244815326 0.02932525545038289 -0.01265786801213162 0.09777404533615988 -0.07655473636885199
 0.006811188615741856 -0.05421033588112755 0.02488258110247135 0.01378574522736706 0.04129468783527651 -0.07842937697856457 0.009180779049719562 0.03811210198906029 -0.09835122853240594 -0.03205169145659768 0.008817532853141061 0.03679300502840593
 0.003009251547936104 -0.04321580561912401 -0.05424699487748676 -0.03495133762629686 0.006661398073323624 0.09996301705789873 0.05386090478033229 0.01182294149279058 0.06837947593832217 -0.02425797817789219 0.02210043803824277 0.02442595346972279
 -0.09087243961705631 0.09413079070976058 -0.07438967964087841 -0.08592734013206693 0.0539605364245275 -0.06967747173461573 0.06525529811968483 -0.05726029921707082 0.009220568942976584 -0.08616920516557741 -0.0131845276098311 0.0917686494937279
 0.04059148521834419 0.003472318351553483 0.0315281346946153 0.08249472414917478 -0.09685184118041908 0.05856168555074429 -0.05381131544822257 0.008455179296455756 -0.00346932878343012 -0.02963135001348928 0.07963825144635206 0.02974866410447324
 -0.005710323666508241 -0.09919776461840875 0.016874037019037 0.02998654177862989 -0.02166684021568507 -0.01259819775138106 -0.01169502589486709 -0.01903869218171009 0.03312799115442205 -0.02916744438222955 -0.07081813843137234 -0.02400640438056018
 -0.07522596101536476 0.08290529546770506 0.08363035934466548 -0.07902942077574508 0.07825149038841414 0.03952151699616466 -0.0411093445121152 -0.05496085407543229 -0.03816784419292622 -0.02103556519534006 0.00210765817638521 -0.09033908451134337
 -0.06907373733825599 0.05048587616005368 -0.09000808036499852 0.02368839096510167 0.02945343319629784 0.0187065576571662 -0.03313162563965642 -0.004650178877904837 0.06011650130472657 0.06556862549310996 -0.01868263831244031 -0.08477940387293596
 0.02562167660314968 -0.05403014693877087 -0.01554345405103531 0.09324311971640797 -0.02450348991211274 -0.08500204041252991 0.06655356049289471 0.0967763248106325 0.001470249227245674 0.07996598471118291 0.05674775175164179 -0.09013829228053195
 0.004755173408020258 -0.00543257573309755 -0.08474291220319236 -0.08129469418487709 0.0994181392088824 0.0004552814838139907 0.05867631661137018 0.02636634270471055 0.09067130443940274 0.04367983871197001 -0.05144778049615143 -0.02455187605286005
 0.008448300088807745 0.03574417803902885 -0.03832839793797335 0.03125170806517544 -0.07471707737097638 -0.07425672940834366 -0.09375709780045388 -0.05637258933979067 0.08135900144365757 0.09352011838698598 0.01615070689785188 0.08224959720660172
 0.03928555420825727 -0.03944844928215946 -0.0239422533744354 0.06154016617545369 -0.06524615210898355 0.05404259263858077 -0.03440565781964894 0.03155162416070298 -0.02259541616011905 -0.06599132248360695 0.02524367330800201 0.09675115783412908
 0.0135513019720335 -0.08965236227456734 0.08396663150351463 0.07949238232741382 0.0131831788712005 0.0234808136245146 0.09278495133245704 -0.03711672948526247 0.05531942069415338 0.03714420179346203 0.04116191925889071 -0.0659213576205879
 -0.02803314048951593 -0.06467373322267053 0.03426795618820494 -0.05933917979137741 0.02121094040474666 0.02789997277729434 -0.02892076422773476 -0.00257131792864157 -0.07994102913972502 0.04017801767641016 0.06077118333930981 0.03196923830577506
 -0.00128544590539513 0.08670908367052715 0.02497059487675986 -0.0009757488231192518 -0.003606176651544599 -0.09669053850419448 0.03797787027465069 0.06168288319968454 0.003648244192639094 0.08313026255089745 -0.07026958549598891 -0.09011350780525519
 0.009241920640671863 -0.08473594131350123 0.01780325949083601 0.03922756833095453 0.02974952357051636 0.06234068221431158 0.04657760634481692 0.0414932413641822 0.08672308266983192 -0.01727335320198137 -0.002795615275095392 -0.06892101551360823
 -0.05777393406903168 0.06086449503778726 0.09190849198120285 -0.05931035852681171 -0.01877677197866118 0.01222412415350542 -0.06518817963476131 -0.004851707768497943 -0.05515843822461056 0.07534179044311165 0.009056591874421607 0.004911381857542807
 -0.01288193114675798 0.09704167607107872 -0.03178016451030509 -0.01035015131371447 0.05197724837338399 -0.02213586996626532 -0.02680073021931796 -0.09277169511055335 -0.06733077691084233 0.09133621617861151 0.04093167310065948 0.029256465217187
 0.02963424968685982 -0.0189488030842714 0.01976023323895588 0.03846695206515552 0.05997584758348315 -0.05796896264967497 -0.06826176492790395 0.0815906792759809 -0.07211164854375222 0.07389834191265723 -0.07928033423287573 -0.08796522708001391
 -0.07708040442828287 -0.01786935735429798 0.05814994492348197 0.08759162984452418 -0.07512829789306427 -0.08742051552469332 0.05024314595959326 -0.09989055502737738 -0.0180704462726205 -0.05653793528075227 0.02638260769503639 0.01638998889241368
 0.08115781151335225 -0.09948556826644683 0.006032490730748449 -0.05456633624292825 0.03670401393595724 -0.05193654770221791 0.04534337149145584 -0.02453468478656719 0.04947256397122851 0.07743891984144838 -0.04827987712906309 -0.03121208113273975
 0.00568081293696103 0.08984484873895601 0.07696132115855464 -0.05375517512788165 0.02396675913930377 -0.05829381526305619 -0.08176802286579993 -0.06678103246210262 0.04905200940365709 0.09602915114713206 0.09069294839260533 0.001104899030064027
 0.06596404479878057 0.0749660562405654 0.05223226239344023 0.05304253729755143 -0.0485011829069001 0.07089608303342682 0.06242275526588209 0.09421422391305193 0.0721212292369591 -0.003410444465931847 -0.02194414896171694 0.03034994077993564
 0.03166966294434828 0.07727288187184694 0.02147310855229403 0.01882713383426191 -0.03912779707922237 -0.0683474469864094 -0.0345285442019241 0.05922800567354122 0.08710555891566371 -0.075754224090194 -0.05648986755416944 0.005543575739987025
 -0.04288835887585464 0.0307705151464272 -0.002246205249970018 0.01813455024137581 -0.0389445492461136 -0.02945615943757959 -0.08369493840011023 0.01277892511267006 0.05057832846083932 0.02185491486056881 -0.05321735548790849 -0.01655036466955516
 0.0603745645091964 0.02614235062295456 0.04772099051484507 0.04073144705100179 0.03039495259355324 0.08047862510708198 -0.0867201249828744 0.09835433841865804 0.01917330968258586 -0.05484383851420402 -0.07288035581519345 -0.04510444273539684
 -0.09219805658524506 0.01964669964461874 -0.06919867737844913 0.01039603263093743 0.04788218543178463 0.0836669412781493 -0.04545266410103001 0.09375690201773088 -0.04054121812771957 -0.0262181891538429 -0.03716809079940196 -0.02203947757625736
 0.05614388579588844 0.007426016164426105 0.07769784249064413 0.06733794961139086 -0.09534252626760276 0.03426483042046743 -0.03291122607147955 0.06209125014818978 -0.06989009601118029 0.01898275030171877 0.08567891668207764 0.09755022542885958
 0.07175137687266098 0.04670393017518398 0.08475566048846547 -0.05645132512125805 0.07469623267221043 -0.04623306366423078 0.02296144709228649 -0.05972675583876816 0.06579203219623517 -0.0616868852622951 -0.0374678951801181 0.0415422654329497
 0.07653711990834597 0.01135563419919852 0.09760450722814606 -0.09270100531537979 0.002397976274117836 -0.0785568119991755 -0.01921778634045578 -0.0739164506171178 0.08149707771252093 -0.0531488605624774 0.03888633660853699 0.05604790884196728
 0.06994450588859699 -0.05349293122290732 -0.06378151053743565 -0.04915675689692564 0.05849369449169056 0.02770083874127605 -0.009989845001702177 -0.01795902700357042 0.07319092267246943 -0.09982908434379867 0.08384319899688553 -0.07919990303206209
 -0.07422067105142913 -0.07154849467502371 -0.01792660521733119 0.05676809316191175 -0.05477168760984773 0.05930968355344382 -0.009795626806610849 -0.04795086722794296 0.01281561362667141 -0.03526638090927545 -0.0328191821673194 0.09498179921835576
 -0.0938839711786067 0.04852377302935501 0.01112927533922545 0.07749962866627411 -0.09580947474479962 0.031729913985208 -0.000922995206716265 0.02672473557643826 0.06021212255196171 0.04013570768179736 0.004617705890554546 0.03492108648786091
 -0.005440254165838945 -0.01610921933444577 0.01220092007758695 -0.06871838121705143 -0.04964279401162634 0.01523596622682866 0.002935835542692833 -0.05659657707220322 -0.05120908974496938 0.007832031525374955 -0.04967352542680978 -0.03847838505347273
 -0.03640279505927074 -0.05719535058863862 0.05770052564850181 -0.08296454556485894 -0.09705053160694407 0.04507292388059 -0.08741710243938183 0.02861664721761278 -0.05016157774346965 0.02489032279779853 0.07453975101948249 -0.09591909954022494
 0.08899848046825876 0.0004102920880728195 -0.0009603374457695657 -0.003522765557150448 -0.05114173687998583 0.02072101704448419 0.02263933277399718 0.066979881277096 0.08667954008320594 -0.0412815141281364 -0.0306600725487715 0.06736683456910858
 0.0416234586724972 0.09832604863495525 0.05958634482417111 0.09085805770366617 0.04667163694202106 -0.09880802107277566 -0.05333365372019311 0.08502909875371345 0.02293435914417612 -0.08707237877189744 0.0126620684452274 0.0271378317891893
 -0.05444082199464487 -0.06428985172392154 0.06943030688132398 -0.001536664960079592 0.01565438588396621 0.03363959245627099 -0.0508121924903333 0.0743660501538895 0.005650840014611247 -0.06147469183284394 0.01462381681620228 -0.07969688575546265
 0.08822512080930353 -0.03678291171065745 -0.03908570837458539 0.05898872216900011 -0.006041180194100187 -0.054106714758956 0.01191761273567941 -0.09346394293420153 -0.02033139244720973 -0.05829764167722146 0.03640108749618232 -0.042364559471711
 -0.06179839549009819 -0.01717128441043675 -0.02257927337105034 0.04912816696183309 -0.08100152537337181 0.01053601404152882 -0.08453350659974591 0.0102739791691201 -0.03940673651865917 0.05565900274504162 -0.03020212594915826 -0.03788942227964007
 0.05270111667694241 0.006339020888699198 -0.01452306544445583 -0.08081159545823366 -0.06393397739206443 0.008210402486723417 -0.03779864468540738 0.09558834486649134 0.07624489374415086 0.04680610397866011 -0.05640027587731457 -0.007313618499036792
 -0.01319877416300758 -0.08474406301603285 -0.008837873548192682 -0.0007688609841348532 0.08229914812356873 -0.02287425372177351 -0.06884118623257733 -0.03225783636916736 0.06069190781233272 -0.05636470110334978 0.0347608757084919 -0.01233973111259351
 -0.05266843361491108 -0.01152057869326858 -0.08526834803024042 -0.09998659715394473 -0.02156648221696442 0.06508847231403173 -0.08641153887129735 0.082103568481494 -0.06598818506482797 0.03662909397807232 -0.06669093980087176 0.04761335984990031
 -0.007891824287995897 -0.06641059732131413 -0.08270721212493494 -0.08833887946628764 -0.03255913197584354 -0.05200642950330551 0.046870981977439 0.07291220985740829 0.02570585115389851 -0.04420502952236264 -0.05437677274074339 -0.07750852576729783
 0.03211828922136711 -0.07224886136617741 0.09478963658737652 -0.03931043766916142 -0.001747191746115512 -0.09159487109329913 -0.0530883892433013 0.02756759061881536 -0.03070728535311022 0.08417728405436509 0.08305470883072374 0.06561929286983856
 0.08014607754758857 0.07332532287414126 0.03585752926167529 0.09943720702467582 0.02246702448978329 0.08165882599090563 -0.04366287215943422 -0.05238049776351973 -0.07869849993257699 0.003573293150164705 -0.06257346356372709 -0.05977212032013893
 -0.04789437317773685 -0.07618782379112533 0.01759540611490548 0.005971210207822125 0.0702939043393741 0.04015309143591583 0.04128382651938525 0.008850431713774004 0.01896915295197092 -0.07855060796257191 -0.0117124749847283 -0.05016674514096275
 0.06742067479067709 0.09400898292553461 0.02842035674978388 -0.008424050113471887 -0.06101656705338293 0.00154130728190309 0.04465949143963724 -0.02633658081626968 -0.05280976163777812 0.05578259889197498 0.01668666102908931 0.006367890230337722
 0.05268261181456013 -0.06760088250970769 0.08974630526943292 -0.02579278499672279 -0.01775041491834636 0.08368738530188091 0.08585832548827751 0.05374335812290557 -0.01712070039307236 -0.08093853296167708 0.09683142796918626 -0.05921980587547157
 -0.09551966319845835 -0.00798169448890268 0.05543689787472852 -0.06133882913369374 0.01951078268503099 0.08526055742720637 -0.01592275993280415 0.03325944904959832 -0.07506529221964921 -0.06933497148470529 0.05719611201594463 -0.005394665186141318
 0.07369205278744431 -0.08851523060559156 0.02887246056852372 0.08163995917744063 -0.02559533290445228 -0.02294458574796766 0.06363760357490233 -0.01720226577209022 0.04401527136440658 0.04917769371989289 -0.002147342897073662 0.008750278215188589
 0.01954850863288629 0.0424098589916462 0.08722056678118642 0.07173157123876972 -0.0744139139527719 -0.05423934810858699 -0.07836598372306644 -0.04022575713020232 0.06493147571476199 -0.005916768368649794 0.06019447892220545 -0.09205162231309769
 0.09330379151714741 0.08215219626389986 -0.03746684398396784 -0.06875251422334529 -0.002187175998865587 0.00713222861020113 -0.07501091033083544 -0.002827036211242084 -0.02958257313355049 0.009142566674661581 -0.09209281801416054 -0.02728210938253167
 0.07116014088165643 0.02101268346626708 -0.06638251439270461 -0.02468186859912326 -0.04804112904446231 0.04202898677966821 -0.005991203557567354 -0.007538488640130611 0.09871541539341369 0.0461995615998004 0.09797427046220078 0.07186317943016218
 -0.0851787084294745 -0.02008470221476398 0.03170400608575691 -0.01989062846305654 -0.06951498847273119 -0.05071399150810786 -0.05789292336926698 0.07609746591646899 0.01217615006691575 0.06056752448675431 0.01306547778149583 0.04778445510901524
 -0.05597209363335022 -0.06753449364975389 -0.04948220787344587 0.09006191327621355 0.08916144770938003 0.07301411658242282 0.01073827332374247 0.03768261822104954 -0.0138208060948186 0.07380231381943597 0.04824531340980356 0.05489330720449392
 -0.076478642175937 0.03512019891382265 0.0972934513401649 0.05198467047066693 -0.07876689355636862 -0.03693300994931702 0.08624418262061248 0.0343606892932731 0.04794494177819375 0.0248930598598773 -0.0364586581034762 0.02299240656752077
 0.04286249819760218 -0.09911729708199248 -0.01807550262633685 -0.001899165902770894 0.08592201815404743 0.0639965176464847 0.04658227163030115 0.08175861225621014 0.00257441182442357 -0.04738913045178167 0.06830584966501546 0.09437018699383617
 -0.07798497478132986 0.0007224938772589784 0.04970384142818446 0.06682575869758686 -0.0532204377412885 -0.01801229365940817 -0.06479185807147038 0.0001120168224965079 -0.05075223207781451 0.08819699679184806 -0.01734209273169043 0.07382325277716173
 0.06742169437747322 -0.07901618602550532 -0.0345552440432909 0.08461685374203032 0.05383453409359271 0.05281916767238187 0.03138763660376148 -0.02279864411138856 0.09787232082428213 -0.00465660299438074 -0.07617917204946027 -0.03928516751670524
 0.03632057904756916 -0.01230353361511879 -0.0003207061452199234 -0.02867892990623848 -0.03365666074167652 0.09504564624691186 0.09681639492252417 -0.01544403912960134 0.04050236606402022 0.001945675267246871 0.04779398716291361 0.04772390789142131
 0.08963278713795519 0.08982687791586785 -0.06435036609014499 0.02918439961078162 0.01623368825596612 0.01399560183117635 -0.05355746844367887 0.05768143994521946 -0.007621253839170145 0.01658982936957051 -0.07726654828035817 -0.03563483725157103
 -0.04992043182053662 0.02641928661625015 -0.08175202857273216 -0.0390993982119764 0.007450187582629761 0.09471743539736663 0.05150476282807251 -0.09025255897902928 0.02051818310506817 0.07011335514046907 0.01106441719350766 -0.02606777006544067
 0.03453403079298442 0.08205285784733496 0.06774263392714544 -0.0008738662216728199 0.01507210305947604 0.08285836602259686 -0.005085188951973824 0.00173758748772837 0.05974380629714976 0.01962650713062049 -0.08895383112516042 0.004398797629426673
 -0.05720524920265459 0.06196519991500324 -0.0587955655517283 0.08666582326299663 -0.01685733828204156 0.04610276513559922 0.05470904727077341 0.009968854937874139 0.02555888221333547 -0.07000572098131094 0.006304724178940721 0.03882545092231707
 0.05238372117728041 0.04783051993935714 -0.02407730706489107 -0.08471269428376071 0.01050058194865974 0.002634441530179887 0.02640151436145211 0.09064449367095981 0.04232418866270038 -0.06192107237852952 0.01279237496598515 0.06718389114482373
 0.02634940396924304 0.01576522093769681 -0.03015383207436337 0.03427151053578859 0.05175917066543967 -0.008155722483352584 -0.0576141183264352 -0.06161851881848558 -0.06282852160778099 -0.06447664085599082 0.0861615165573045 -0.005466948167034275
 0.05530155559554756 0.07431716630928692 0.05082503831804613 0.02440126028184293 0.08493977012438694 0.004321355196243368 -0.05591896464497056 0.08795944037896725 0.02718712098781539 0.07086753277934918 0.07300792982438833 0.09470766582107956
 -0.002568727295614665 0.007239841068922587 -0.01383593177235685 0.02794784424643923 0.09601502962040678 -0.003008747080417845 0.04585421692142333 -0.08355513497424442 0.05392090815405456 -0.05347498000359691 -0.04349100576853254 0.02408972178546445
 0.01382713859737239 -0.03943483957616511 -0.02669724697955395 0.04619249419305665 0.02608639458366882 0.004236628213932073 -0.09601847135711007 -0.06022183153757338 -0.04072175222645696 -0.04761015562566361 -0.03774438198103369 -0.06826004196929794
 0.03815414338434217 -0.03057631150260266 0.04659470391965545 -0.009466268214691598 -0.05452288703054408 -0.05711625367835495 0.09222978606926438 0.02345575724196465 -0.02339180416727617 -0.09038849461956483 0.06641577668764845 0.08494710792010518
 -0.03682023599647104 -0.04965466031642127 -0.01230804529916776 -0.01351300289309434 -0.08319570389759269 -0.06070952396154336 -0.0457126034927042 0.01249901631233227 -0.06233036116197252 -0.0329404169303755 0.07639171051920329 -0.05767655019166188
 0.002579778074848965 0.03148250662004659 -0.09006378389958659 0.03556245496709709 -0.09257960924618844 0.04884343912817365 0.08608764524952589 -0.04663909369513498 -0.06689388200775272 -0.05110744345994857 0.07746350250392295 0.06277518274479593
 -0.01396804617831657 0.07872031980649805 0.09762276601013917 0.04830236888953196 0.008450925107983509 0.08447753039785935 -0.08548037237106211 -0.03616107823895186 0.08992505283813121 0.05272874083726961 0.01106180032070662 -0.01802784859761374
 -0.0433148602234751 0.03921346526891609 0.08026468226966987 0.09189580910525261 -0.009354706339735092 -0.01804704062155463 0.09629917983148406 0.09231749603291595 0.09735734778386107 0.09353231283998581 0.04045167418109069 0.0399369321861425
 -0.09606436171496624 -0.07840618911840884 -0.09355390530413032 -0.07897095251064495 0.09057735982780388 0.02690465146194115 -0.06212528338734777 -0.0705927602436473 0.08671293415076634 -0.02202840781661572 -0.05061663781776337 -0.001794095323618211
 0.05427635175587969 -0.03908876393380006 -0.03167886543113886 0.07524692947899056 0.02404181595642314 0.05073999385323369 0.03346322948253827 0.04281509823306084 0.00258854927523941 0.01682692601066463 -0.02916203588272896 -0.08866677793098125
 0.07505197839302361 -0.02120276731498552 0.07849686625563887 -0.0766436881549992 -0.07907080565806407 0.07153225275102609 -0.08035470464770446 -0.09635420949051494 -0.07712183990946465 -0.08873018580033731 -0.09875760307673065 -0.01352574604682401
 -0.01517750645766863 0.01249047456059424 -0.04716147149123701 0.03315624327644434 0.02612856013000436 -0.04261403189182357 -0.08292755173460435 -0.09070174979362071 0.05122429560712358 -0.0501625769624246 -0.04007158398631029 -0.03286470012457263
 -0.07549218332405284 -0.03770907713239829 -0.07713008808887065 0.07950190739988602 -0.05451140952102737 -0.04436240828744206 -0.07602647114882415 -0.09976575365141417 -0.004775207861409031 0.0663201450930386 -0.01274892533881553 0.0508485521013545
 -0.00677920454081303 0.07556214412771897 -0.08422365850016668 0.08251548547681756 -0.02560518753860105 -0.06135034708662123 -0.07306725966702998 -0.01862489190374045 -0.01870395404489425 0.05647519622566219 -0.04075021293560547 0.05545655133495561
 -0.04777077814601924 0.09690617361568241 -0.008120403221237846 -0.03651553715933692 0.04657115587560559 -0.01038229122300077 0.05608976179718808 0.0788603112806322 0.07162690606497052 0.004949110025099943 0.01192899784638227 -0.04269233763896453
 -0.07150809992928106 -0.0504965969244226 -0.02184779567016117 -0.05759930962965533 -0.06369257740676745 -0.04518164696754959 0.00456088160910513 0.004621455541597791 0.07809143053141646 0.07679683388968631 -0.05322208470664468 -0.07900749034933709
 -0.04572504176127398 -0.09210712877629046 0.08899995498267332 -0.043829069803112 -0.07348253255412833 -0.08728866492092058 -0.01395225886298715 0.07547978706246036 -0.04448073007372527 0.074034103623139 0.04253523669719148 0.08917378210906063
 0.04332524768474574 0.08852578609553716 0.02563940291264663 -0.03605073532913085 0.0214203705603742 0.08168355897391766 0.03604275344871716 0.06832429960834208 0.01626885362386529 -0.0148997181362977 -0.009884291866194314 -0.006268316072402427
 -0.05613025087300939 -0.09301376965453585 0.009410894466775011 -0.05363234763672208 -0.02760594231012785 -0.04856452331099405 -0.0859098856604523 0.01691402352689766 0.005950702817676318 0.02395469792283589 0.05440581499713967 -0.03204247766201217
 -0.07074391787360669 -0.0122952973607591 -0.03008139476485051 0.03684771009780405 0.02648334126903326 0.03708711037750151 -0.04921610629500509 0.05019119916971229 0.01426906607884124 0.007183526646829017 0.02964987840594352 -0.0291284173170732
 -0.08976031427506641 0.01379531026524786 -0.04681041482846313 -0.09610940155666876 0.01529598794246326 0.03616156355404213 -0.09016690728080751 0.09792412581061613 -0.0214104997887504 -0.005946425015585205 -0.0218832374360021 0.09419249860385734
 -0.01663094697658493 -0.09835587866632076 0.08984352693995248 0.003686704711239858 0.04189519073839151 -0.05604982606429038 -0.01236060594646288 0.07503917956983461 -0.04442073795617497 0.0003246194783911999 0.06021267925994983 0.04438025069986914
 -0.05333442866249797 -0.08793790445457343 0.01819772256303495 0.040158112216027 -0.07834817420996348 -0.09434903173980848 -0.03921699052017355 -0.09036496055913429 0.02482946376165132 -0.06446573220380306 -0.02516432264828256 0.08200783887829186
 -0.0913160429016885 0.01959116891078994 -0.08079949115075599 0.01677766470255219 0.09334281452088908 -0.006804931155452942 0.01917790266602074 0.07926894842865453 -0.0763322427096903 -0.05067401771253425 -0.066762774833732 0.08593316119835945
 -0.05616122865522423 0.02332740514236468 -0.0631414063219993 -0.09092002151954988 0.02188696010643683 -0.006189822706066744 0.09471978194347749 0.06422382939041549 -0.04830196676670905 -0.01072329921436922 0.01807788230290612 0.07469731640277819
 0.001179991788419543 0.03962586442758059 -0.05535647023556495 -0.02697550565027626 0.06431435009521233 -0.05962516941679331 0.03619413863440779 0.07642778116245869 0.03995740768922748 0.02676835045065856 0.06709961826340102 0.08713614428992816
 0.02445595631442846 -0.07663326680838242 0.003487335520054841 -0.09317799244926421 -0.05276860918336281 0.07859642744539108 0.09553374097544254 -0.03344667722700766 -0.06793871976380214 0.08652582788730842 -0.05439690747443441 0.09559710391781914
 -0.04159738505897234 0.02932949368624352 0.03602816409756943 0.01033540876899305 -0.03305754798478648 -0.01906938615103573 -0.09970788737004128 -0.0873247661413285 -0.0432050172696968 0.03783063714105384 0.09597452717634711 0.07190339192342873
 0.08471581858360938 -0.05027858603189349 0.05703551206467272 0.02525032513420705 0.07515334730915185 0.04107371441129695 -0.02059899975702383 -0.06733386901281213 -0.07524818147819054 0.09070085440957595 -0.04486923184281108 -0.02210922088053145
 0.09081109294035875 -0.01119838164134584 0.08656760178292239 0.04375414656022786 -0.02047604325076349 -0.02880368670053918 0.01195739547539934 0.05290626019850339 0.05367533923078469 0.03940601760198442 -0.001773855513830594 -0.04007780378835139
 -0.08609250305410014 -0.007713210128743403 -0.0431140471365782 0.01088812769506783 0.08165508763180454 0.04136151226021895 0.02841571827244377 -0.05833272331307657 -0.06180723176035178 0.03655734197757315 0.08783009980995274 0.05978188590521077
 0.001531111265804963 -0.0867581657149356 -0.05454430505812832 -0.07567491504723808 -0.02059106400329541 0.04479171947705463 -0.06207542514738881 -0.007580122899188163 0.09798552307047581 -0.02914841961736518 0.04742811692879884 -0.03120136603014477
 -0.06583413368134018 0.08617248141430264 0.04983761726375252 -0.04723680317342499 -0.0191600456455247 0.08681635212140185 0.04901090304493821 -0.08329584941968293 -0.0296124453388191 -0.09487389073371137 -0.009308969101078424 -0.03601974203105271
 0.09666928992139634 -0.02869551629203834 -0.07902029507515115 -0.08003115455678078 -0.030955955292482 0.09701706676408139 -0.0103900330678315 -0.05026223566027063 0.08284120861066568 -0.02209544926128076 -0.03036375342095386 0.016695501094106
 0.05999202210950297 0.07870954201528629 -0.09549408305015579 -0.01161576139786925 0.09357478443160749 0.06426113554102189 0.02075294262533653 -0.08502341132525446 -0.09238925047238086 -0.05012382550700728 0.05754799003282604 -0.02173683703240824
 0.002464660232604651 -0.08747514865385669 -0.01159935591311236 -0.001453726661681171 0.0563704139666141 0.06937772763138861 -0.02796418955787626 -0.0196246255784376 -0.07378410363882716 -0.0008946161218592319 0.02502417799135201 -0.03663208545536886
 0.02531456027986742 0.05761457807900794 -0.09011140699129699 -0.00619190115016989 -0.0612158547055702 0.0675777956471014 0.04183122981727339 -0.07696787082202888 0.01975509161126157 -0.06556834194815461 -0.04301880458993507 0.0172173769341514
 -0.01676586071660292 0.01253846149727784 -0.03529869689966426 0.03625424143848638 -0.0728441079456762 0.01654413635266938 -0.09564300481210079 0.06111884173365609 0.01735762647623065 0.03145238743848824 -0.06420661828003751 -0.02142509726964269
 0.07930377391269311 0.02972665864615465 -0.01951733339662234 -0.06460671106583916 -0.03951457056725826 -0.094210568345726 0.04767742468011668 -0.0299291150850889 -0.09982019735978673 -0.0785662437744078 0.0860735168768427 0.03856381150623209
 0.05014447659193763 -0.05239050781204117 -0.01661083475700929 0.01431523131072751 0.01723462233548823 -0.05320503160581681 -0.07983833291806247 0.04347406533297099 -0.05644511836032275 0.09488742264654956 -0.09108078249170881 -0.06510438578395018
 -0.04455198054106392 -0.0002222667028540237 0.09035111088165901 0.03831422022415182 -0.05843341659988434 -0.05655187229517499 0.04903395934009641 0.08234541587556726 -0.07447753841687171 0.08842365527386994 -0.0232800526026494 0.08660033525562547
 0.04893866614623035 -0.03314990613645991 0.03595215647332656 -0.01574534915078432 0.02205553830785956 0.01557097320932688 -0.02222563578108966 -0.04044001922959689 0.05161331878398656 -0.08215324694618668 0.0150167195154173 0.02139850198953477
 0.09397520480587906 -0.07904520013310076 0.06468835901955103 0.05565538465188688 0.02356619441949456 -0.02620987475134182 0.0316447546190132 0.06723108537849659 -0.04360553422284656 -0.003903440081422058 -0.04300958322593408 0.01668993525530445
 0.04089704667487817 -0.04544800927240275 0.05477584624446882 -0.0885940566740351 0.07953642006292266 -0.05378136407419122 0.07417382284003418 -0.03674530043046273 -0.09490961915027442 -0.02464954518678805 -0.004016274475446849 0.02797595560563887
 -0.06565069438060828 -0.006009276169931757 0.0278256909503912 -0.08770846089142419 -0.02753869806420796 -0.0879040352263146 -0.07624925969213082 -0.08271009693648523 -0.02793875746908679 -0.06455465046694295 0.009725709048197209 0.0466198500473643
 -0.03171641723912015 -0.04962917192888162 0.07922552263669222 0.02816245093914388 -0.0689044341604641 0.09130692598259757 -0.09637077743510521 0.08573403324753168 -0.02330653548903946 -0.002137498532845297 -0.07406054140488949 0.0950794762057337
 0.08020544920694458 -0.02369344104846795 -0.07793024840509057 0.09083022272017272 -0.0008756845721386575 0.04161431720128267 0.04366990749935187 0.0930183571694983 0.001573823226498211 0.01660985357624833 -0.0088265422536178 0.01885971745110845
 0.03428235089429582 -0.09299345252776137 -0.07470951521180226 -0.0005273981024167262 0.01716022908167703 0.05196923082745691 -0.01295913715135036 0.04919974991533679 0.03311592483468667 0.07657927930821473 -0.04806492899753864 -0.007926912782219186
 0.04270746098479314 0.06325007454778889 0.04924006803233372 0.001435922277094909 0.07668498575052249 0.02732240562439456 -0.03155765564607788 0.02607615699164381 -0.08392199557353106 -0.07142421976928075 0.04846937542737978 0.03246452563447161
 0.04125042105162699 -0.02833425512915216 -0.04067331138525566 -0.05828606442586507 0.08828775925440455 0.05265961455054394 -0.03062231196913055 -0.09290282142856236 0.08195365448527084 -0.01158764806607274 0.02895349211132231 0.01330073281705732
 -0.03759488185853081 -0.09608303860452187 -0.01772766134299403 -0.02107537604721287 0.007373331912817221 0.005600592229249662 0.04908950920895991 -0.02509190110667878 -0.06249633745586519 0.0006595860101468592 0.07624311206063947 -0.0508429524776409
 -0.00983140027207853 -0.02728244092144033 0.08565968229883669 0.05343652217112529 0.009211860980514436 -0.04058877504079585 -0.01766671732843467 0.02645499145881064 -0.03738194385144523 0.09236611736584863 -0.07171353613019602 0.06939692424922447
 0.07156098763488439 0.07035893922046207 0.07865249780117367 0.03862255750178897 -0.02256146090538921 -0.02470435949665241 0.05144346192630347 0.01529934858059159 0.09048304606542759 -0.08889388471262336 0.07551035609673365 0.04550068106980493
 0.07754505524175256 -0.09964090298573626 -0.04730246739446101 -0.03252613130075276 -0.01530893673856473 0.06527596957772516 -0.0002513812232850798 -0.05916388808273702 -0.05528599537204814 0.06238459272227645 0.09656821355185571 -0.01509023894208197
 0.09071685805553512 0.0342828501274553 0.07758367977365541 0.01496219723342314 -0.03676822903641234 -0.04815038077377673 -0.009897104528733325 0.04005938663635866 0.06780332834808456 0.08147956785146118 -0.06521943553391513 0.01918290902722863
 -0.01618911561033652 -0.01429885397498723 -0.06368299143091452 0.09173105768213732 0.08118743710133533 -0.04637916511325503 -0.02508929759061801 0.09351453764690207 -0.01853732997811995 0.09781313889830931 0.07641869222291789 -0.05883269696969117
 0.08107295693170194 0.09879280569936832 -0.09209598369697369 -0.01943308095565405 -0.03275557098825214 -0.03622488047736236 0.0154232538236404 -0.03694900079862772 0.03161208325993964 -0.06674756208580759 -0.01302284113569754 0.06394525733608178
 -0.07675990234252511 0.008296248614822657 -0.02915236826833928 -0.03308954735671737 0.09199970736213539 0.09718595196852006 -0.01012953992286668 0.03780192289824455 -0.03529941647096066 -0.09529613293288075 0.02710007549866991 -0.09249134084963918
 0.005453460517732059 -0.01875255015348737 -0.004924090249718169 0.08892334706185773 0.06009506779686519 -0.07161042431456167 0.072488331853723 0.05770995851737259 0.04093385126520652 0.01569232303255372 -0.08924899555560133 0.03945284940168678
 0.04648263842849359 -0.08615301956162115 0.0165839674885131 -0.03838888673193627 -0.06044642481488908 -0.08304683379250843 0.04158064894010893 0.06666032921391457 -0.02667173885089096 -0.09127484860148817 -0.04141040860783095 -0.05800816846983708
 0.08725156646905538 -0.09684320142476439 0.09479457632973343 -0.02567459305771204 0.04325625242367387 -0.0391217130092936 0.08551831247602304 0.02165837017772139 -0.06973010711051054 -0.03458130137424155 -0.0125935963858341 0.02217250663709058
 -0.04800987454686835 0.04610349513866516 -0.004594335310198538 -0.03301641238887652 0.09766426241854695 -0.01726501789413551 -0.03432583063263689 0.09841071750130012 0.01573170019589185 -0.05291733515861997 -0.08172360082966217 0.08273455696223869
 0.02158045973436684 -0.07467341827208734 -0.0640831743343139 -0.06923132424350621 -0.007395016141531943 0.05597460701395671 -0.07673288938564828 0.08514798441144963 0.031585391460693 -0.02865574288232936 0.07189964523255782 0.009576075461535452
 -0.05241800122229889 0.05068534535972857 0.006809608854259547 0.05696866102687381 -0.04602790511668894 0.0306487905468503 0.04242940075212837 -0.09484696214419014 0.08824236445807859 -0.07962657887130466 -0.09128893852239092 0.0749770844945454
 0.02168017226830118 0.07101164243441868 -0.07896446674062101 0.01949309343453706 0.0305641821666863 0.01597746234713367 0.06512919599418257 -0.02307846972596078 -0.02784767429170462 -0.05334369096496366 -0.08480661490390644 0.08717444501058777
 -0.03754654076064538 -0.00130876571647133 -0.06833758808289317 0.005448971904097349 -0.07673065398356572 0.003699944045580605 -0.082373486114379 -0.04925001200210487 -0.009912297861483454 -0.05019614592275247 -0.08486872076380696 -0.01133044971430272
 -0.05236928057431242 -0.0637181374662127 0.02292529603383495 0.03795119787266113 -0.06156050975574706 -0.005028586895570633 -0.0113697321030418 0.08280988979517373 -0.02348374231404166 0.06848734228894343 0.04900952633793437 0.08121221491473193
 -0.01566320346908531 -0.05715755608486753 -0.04632270770718271 0.09343183936503596 -0.002693754095659764 0.05956670884164425 -0.09592520342527266 -0.04286549355591333 -0.005047773682260406 -0.0161536066159553 0.09529813631425063 -0.08125812963657825
 0.049614207857236 0.03173409985782663 -0.0679637933624406 -0.04148902543453658 -0.01102013865865342 0.09942490823984595 0.03911667425603166 -0.05370076016855964 -0.0499378887189483 0.006274939115930731 0.06553636243997196 -0.0435991200235078
 -0.01483991660162526 -0.07733837104287816 0.02697120703133443 0.0259688869841396 -0.03600826778499737 -0.01842816222844837 -0.03673627552997787 0.09034435598700674 0.09603912742075094 -0.07499182919695703 0.09016828616823619 -0.04301229778943908
 0.03692389764989659 0.09259290466842643 -0.07257926493724026 -0.03554113053218023 0.04615842244933729 0.07536230671320404 -0.05070958600020618 0.03868505366941011 0.08468675536641201 -0.06665834822391778 0.005792537679227536 -0.05047839408995493
 -0.07111309229239346 -0.07034478359597704 0.07124925591403589 -0.06800069127211161 -0.01997447940377842 0.02057342708135453 -0.09792739958619949 -0.04706518006728783 0.08380714045307822 0.00150960312362744 -0.09198066708785287 -0.02972384833074379
 0.06727375742168759 0.05652375242698321 -0.02527871827932519 -0.06154672199034893 -0.0320054986554623 0.01523827675804756 0.04705222813508789 0.09827989822834449 -0.07551699641651305 0.05207359066102152 -0.05713291275957336 0.04978258745630276
 0.03280646048624275 -0.00791665314387982 -0.07802681896008287 0.03521670048773756 0.0724245009405155 0.04975825445091822 0.03488526836635639 -0.04529128929403727 -0.01542454283162306 -0.004648741936559189 0.0244073316799069 -0.01730913433631115
 -0.04144626313726664 -0.004492747017992307 -0.03074087910425495 -0.08029975051199095 -0.0105302171313639 0.08181734262709345 -0.01147634922475962 0.02575777652404024 -0.07630820337173203 -0.06436712141462747 0.09834625605787464 0.03168664672175958
 -0.01725158078427808 0.05460857263861743 0.03709196944222654 0.05408598771400294 -0.02976609267734877 -0.01844644843724444 0.0710570434019436 0.03427582314285862 0.09594122052529194 0.01668908224803314 -0.09866053716061189 0.03306867618933079
 -0.05195393816422184 -0.02705073594464928 0.08080958574683325 0.09165386220770289 0.09656776474279505 -0.07313094994943148 0.05797013452100094 0.05031811746500386 -0.0005982399651450615 -0.04761781884670745 0.08885735775216219 -0.01313964092556613
 -0.05592353093946731 -0.02174316152421804 0.03961538089732661 0.02457218981396328 0.05942183092839706 -0.08273135414217871 -0.07498424165828856 -0.05653246163469584 0.02315382927982494 -0.01871550266719867 -0.01262684255041144 0.06707046478229969
 -0.05229164480584722 -0.07026430637628726 0.04948883505070359 -0.07447657342485609 0.07694234612699483 -0.09735136989892816 -0.07382114472872818 0.01771319307900313 0.06441142563583754 -0.04742889256208173 0.06494437396768651 0.06981481407737208
 -0.07384027556933152 -0.09829765773182959 0.07180319745772587 0.02394705715748775 -0.08508333840670035 0.03127608950612312 0.01679478639214234 0.07771150659605572 -0.08623944875730349 -0.09746477943576105 0.05981462508257399 0.05676665073801287
 -0.06470662384546949 -0.02267866065325855 -0.06540526713731 0.06327458397449384 0.04493584240345086 -0.0201469187364902 -0.05335683252075484 0.005766480360826609 -0.03757822833096941 0.06353673226218404 -0.08613817874603169 -0.0778335134397319
 0.0244353022608083 0.08738896636562082 -0.09854014768839181 0.0531691653839074 0.06028463460607109 -0.03256037706214447 0.01701952803356474 0.0794598330572559 0.03371151078796034 -0.06880404975498372 -0.02554303429057952 -0.01950258196713991
 -0.06549802705412097 -0.07459602604960522 -0.06315359905331039 0.001715762272881144 -0.09201037768798732 0.01359175283657818 0.01064216435456596 -0.04618743734624921 0.003112909190988902 0.03365663501358213 0.03347893971110211 -0.09486916067103725
 -7.298739835345791e-05 0.002474108881768203 0.04570489173037001 0.08428187229518033 -0.03000277821259477 0.01719688940424632 0.07903316772652866 -0.0482143921029972 -0.08215744889383193 0.002102736231052088 0.09203444403078329 0.04159917010411504
 -0.07820659938279695 -0.09562602906109093 -0.06289852784956253 0.01570329464494277 -0.06926206349627399 -0.07453690590331596 -0.02012454082902942 0.09002019445536971 -0.006472811870852413 -0.07975455625209384 0.0774380221522365 0.05792030256610711
 0.06446262596007052 0.05811588882707949 -0.004038359109260065 -0.05394315203660249 0.006732100905957633 -0.08384462538470866 0.003643254728664086 0.04328614157309282 0.02037891847081355 -0.05740578809192808 0.03552128478236538 -0.05747798154885752
 0.05814967869336865 0.01190563697364413 0.0179543591075583 0.01847561089323395 -0.02360737171402996 -0.007195613902112444 -0.02336583724870979 -0.09362669110600787 0.07939965733990337 0.09613668722349036 -0.08362757946373162 -0.01804213328323562
 0.07165574775411651 0.0616800946376731 -0.04024135031179929 0.0808817457369462 -0.02691457304804916 0.0412661169941089 -0.02868539833049845 -0.04130310439078332 -0.05660112362244371 0.09060366704169118 -0.02530661846817132 0.01347368216057107
 -0.05038800994658345 0.06384690360551001 0.01855110673282404 0.09507322948109709 0.04135619413608327 0.05420742135509163 0.03477731040904811 0.06152650700922241 -0.03106291697319706 -0.09431789790247225 -0.003301388454525239 0.07414052237056609
 0.0982372641191567 0.006054260592578922 -0.06402313408964477 0.02335630873924929 0.09896095883369069 0.05148676413284717 -0.06964167321892453 0.04472545700585617 -0.06966174878658286 -0.04433194262688528 0.06241977136634624 0.06967835812670131
 0.02680333246977434 0.09964234742474976 -0.07525966685694346 -0.06297033573723167 0.07086141419640254 -0.004560392844500855 0.06494385844753137 -0.03794360435369538 0.0580269401455977 0.06326621408242136 -0.05069626904607173 0.08407134165286057
 0.055946854250401 0.05745121610263013 -0.0171758424235107 0.07726721250281918 0.003606450754048335 -0.0467300031437088 0.08072850535186635 0.05041855248611313 -0.02581928223299161 0.01135570479339368 -0.0599637224575046 -0.07061969894947837
 -0.0998202210220569 -0.06582894962191915 -0.078615785392275 -0.05021685396434566 -0.06231533748561199 0.08349148863183153 0.01169256671271945 -0.01866561139039059 -0.03829086018584824 0.05421696962202924 -0.02978063128936061 0.0953981795464775
 -0.03055997603059055 -0.09886904334423971 0.04178941401394773 -0.08479751306688622 0.03171080733217829 -0.03345153056388671 0.002564120083641416 -0.05423346557829926 0.06695058825228811 0.08208586872049403 -0.06723906939419244 0.02463898456533345
 0.04735674336116683 0.06750888809551708 0.01499776260465864 0.06882085969004059 -0.01023546779841941 -0.08045763429163183 -0.07114245689850122 -0.06555062971679887 -0.04709335211828337 -0.07633452129640488 0.05650283425631922 -0.08276282195739071
 0.08013532075661242 0.02341288485490804 0.09773554574316487 0.04946027805612002 -0.003022757138156015 0.03859476167483175 -0.04390599503277607 -0.0001534988922488878 -0.06078400400755849 0.01399803543290748 0.05917631237264712 0.08048637225478375
 0.0594862745925864 0.04935411302436393 -0.07971919265124972 -0.02985516045669405 0.05731459887303267 -0.05529535089778048 0.08483952398976866 -0.01607726133462556 0.06392200089048328 0.03698613848503385 0.09251383397964497 0.05241755798477246
 0.09408182078736801 -0.001075327324503578 0.06940944493255083 0.05542572906034957 -0.09416164545537453 -0.06467242228938742 0.08912106929000069 -0.0636490067903204 0.0654858800542856 0.04839160302589557 -0.0631021237971762 0.01566502952683617
 -0.06833011493248328 0.0600878630984201 -0.04055626978855795 -0.01324516692713264 0.09941164578826203 0.05279211656038063 0.005791473386375645 -0.09528768419935116 0.06492772994326246 -0.08146294324169716 -0.08932530641220561 0.09277794661250055
 -0.0953175696435458 0.08483758552183807 -0.09691200829490762 0.05246042828172301 0.07317952588886453 0.07592829877769799 -0.04643272316372641 -0.05705672823966538 0.09558882430384844 -0.005964696778175696 -0.00609788761392481 -0.07532111041737623
 0.06294752515672133 0.09666111106519734 -0.001786670408430585 0.06332681037602048 -0.03431735267969255 0.07034624949210119 -0.03563062606428277 0.03808517168931877 -0.09529094061356524 0.08008365895260902 0.01254427025749327 -0.02637057002396689
 -0.08872314134712508 -0.09683266588111795 -0.01578059834614959 -0.06062509128505357 -0.05899092942268417 0.05116851541327344 0.0002541766118253908 -0.03442013893449967 0.07494887791396851 -0.09551835292936355 0.001509935568021106 -0.09070055645141913
 -0.06170464805370403 -0.08413575012465273 -0.06009508961248779 -0.05151706707952763 -0.01275188004893377 -0.08954710816855239 -0.05398761619637532 0.02638279318732831 0.004932282353135503 -0.090587911371934 0.04713982514915854 -0.02615236066222121


