# Created by Octave 4.2.1, Mon Oct 09 15:04:23 2017 BRT <root@mosqueiro>
# name: w1
# type: matrix
# rows: 200
# columns: 12
 -0.01054659217426665 0.07834643886039047 -0.07749736999521001 -0.01001430000798803 0.0100788023622332 -0.04808487165746459 -0.006823366701157185 0.003584375790706362 -0.03934524646351027 0.09882164938432855 -0.0428288911199142 -0.0431202442455063
 0.05398451340809426 0.07996505247268912 -0.01119495854404416 -0.06012207223908969 -0.002684085984350007 0.05713474624501255 -0.08605994643074821 0.03394151912152835 0.04536566498531089 -0.04035431351294231 0.07141799250588587 0.08853535314293864
 -0.04143672703955409 -0.06581751486466116 -0.01731867682544376 0.0315020326478104 -0.06544216575062212 -0.07061409430800093 -0.001938246515253858 0.0422718652956057 -0.09230602429308223 -0.04037064696905516 0.06249499461571051 0.01791488766076924
 -0.03924434997132521 0.02629733419539032 0.01198337404157093 -0.009734509459623147 0.0387047274540219 0.01117802345267657 -0.06121831067948537 0.07986188492098437 -0.02967508190845107 -0.04578503395186585 0.05194961049521984 0.09429504426245813
 0.02523214427422121 -0.04616271671812712 0.09858573052286898 0.05910047186315343 -0.004916410484986464 0.004823732004881107 -0.02687667908666334 0.0610974173186736 -0.07062801495394985 0.04226250845791024 -0.03238642265716575 0.07418292391136361
 0.0668321018970591 -0.0229422717504488 0.05258482794736793 0.0646134048332489 0.04802519111677289 -0.04309186376187523 0.05132970672909817 0.05723610358694337 -0.002561546187379901 -0.01607980653360298 -0.04367895009178212 0.06263781220980413
 0.0003771473048298918 0.07584453011383183 0.04703612260049334 -0.06364155779987771 -0.0787869879076112 0.07643610894406108 0.03488289465527017 -0.05993600760884193 -0.0539145980785121 -0.02934768853890063 -0.09980381044461888 -0.089524909472502
 -0.01329049120970366 0.07508859466597326 -0.05310870100575193 -0.07231860278455376 -0.00700060857081021 0.03698758135080821 -0.093796774207728 0.07419912638433179 0.008570421802266789 0.05467831459592545 -0.08577842673026936 0.01955967892769243
 0.04438397532926508 0.09247162323897587 -0.07141989254359235 -0.07148635903348086 0.06471895468030436 -0.0182961311838338 -0.08831695405121726 -0.01487806672705992 0.03852663842403289 0.07701027649954936 0.07864088192036767 0.01786429383895553
 0.05535962503689482 0.07383343221927069 -0.05201413446718143 0.005897969535877651 -0.0707284727299874 -0.07380166790651294 0.01735777594676584 -0.01768552665042428 -0.0006115668117027268 -0.05931175513377919 -0.09901002813809263 0.06386261186777609
 0.07293141742983164 -0.04784836579447286 -0.07957229231057029 -0.008526354275971343 -0.07093148890300183 0.07440309306765192 0.08959647036175211 0.09214326302441297 -0.05218208912805259 -0.002501815946114261 -0.08336848869941946 -0.05161214109145885
 0.01825992205601849 0.09756050025596957 0.0698111948181572 -0.01204064919568117 -0.02389426336070163 -0.07334424436178211 -0.08605561759798161 -0.08189289014662224 0.003272116353062418 0.09003788828597686 0.07464985329258961 -0.02441387778468952
 -0.09353473379366954 0.07780378360084622 -0.01130894501406167 -0.003536738577628873 -0.01134652729343212 -0.05744940600105614 0.05508025474181902 -0.09614445345726154 -0.0521674599183832 0.01461352203354457 0.03267818591930557 -0.06662734239250906
 -0.08056395122909174 -0.01294516189063041 -0.02440786493560712 -0.09943942386137779 0.08769682130628473 0.03737672823146357 0.0786815946722258 -0.0780652230250342 0.05430323855215391 0.0664771216692962 0.09784655880710316 0.07453116038661758
 -0.03164471635793122 0.05297673967800048 0.09201940370613357 0.0511428283211296 -0.05604648295102547 0.08826276656425602 -0.02771981239744263 -0.03970120400955277 0.0574594538870748 0.0233352317111752 -0.02598255722079487 0.04530775285272962
 0.05218654618590921 -0.008460842501628985 -0.06647014157302938 -0.02564908453839038 -0.07343953372495343 0.03952187812808569 0.002807622328482001 -0.09982233372344795 0.01011049460653368 -0.0121053791059882 -0.05302777871866639 0.007910277305873376
 0.09691944812854458 0.04098635782958615 0.03700045352474315 0.09309738859443614 -0.02960955386786118 0.0945485525346241 -0.05228248022943051 -0.09561460356063241 -0.02536796640295233 0.01034236318498001 -0.09310041704665392 -0.05017214098423869
 -9.389306380493123e-05 -0.01352863114771988 -0.03049363469417866 -0.004211926892970771 -0.005697129709496263 -0.061709560422625 -0.02208215933451416 -0.06894531405514667 0.08062435313453672 0.04046821885954208 0.02374942082427919 0.0732210025515668
 0.02666715399022285 -0.07804458445682613 -0.01057623750613271 0.0005065404021627751 0.05753508257556852 0.07171684905620793 -0.0662183058111083 0.05811070341176133 0.04814480901162146 0.07432391995630322 0.01719003386598472 0.06027342111282649
 0.06156791378944065 0.08345159571344637 0.0702461232619086 -0.01269034508559151 0.02665573686104086 -0.09224133948060025 -0.08704268586610875 -0.09687307247022203 -0.03210949978708882 -0.09295202744002962 0.04447374878059032 0.04353618721595945
 -0.01493611617551326 0.02892831982834493 -0.01158712012832432 -0.06436729894345375 -0.07501531055513992 0.00376146050765265 -0.08849836476512733 0.06236229338945451 -0.0160342731159718 -0.006116884508302972 0.05868270884185792 0.006710506296626312
 -0.06621538780349562 -0.05776800559255203 0.06080158838526747 -0.0005328967246631539 -0.07127425111795371 0.04198054859614064 0.09015174485483507 0.08429120164332674 -0.03506235234739484 0.02355071701436093 0.07623648403836411 0.07624798373326816
 0.04268383364346442 -0.03727568318260942 -0.01080629928389512 -0.078328788230003 -0.09072142346555938 -0.09207973259321602 -0.08177044242920532 0.08498139620169146 -0.03885055561895855 0.0295038594819641 0.01089673011955339 0.03644848696364575
 0.03268482045113302 -0.05857266287384823 -0.07590852801343256 -0.07372063664127645 0.03271471102126339 0.0453773476453829 -0.02648445281686504 0.03568425174392381 -0.05040804605670845 -0.02042657528229389 0.004190865521515638 0.05998180964172475
 0.0746686544314859 -0.06935273619216244 -0.09273000232672921 -0.04792924105079223 0.04230927273017024 0.02651639786798352 -0.05806340491322838 -0.007398313145697638 -0.01055900890645221 -0.05703057033384952 0.0815463454169579 -0.01835310931206545
 0.0276673670715071 -0.03023664756668688 -0.08138029117520834 0.09587878438066533 0.09367593951362971 0.02404833210664951 -0.02199520434293276 0.02505888978901186 -0.08421750689300979 -0.05966670906557331 -0.03606770275257491 -0.08402991785860311
 0.03896836026624548 0.05290654814432771 0.06453549844907666 0.05243155698987664 0.05515043230539338 -0.07298359838015162 0.03517188289703815 0.09896518701547882 0.041678173831177 0.05373607760915131 0.005946336652955519 -0.0501959670003003
 0.09847816105771079 0.05712204112468128 -0.04269803458614489 0.004004697242712088 0.04724388157789799 -0.02282609226835851 0.003492497151237159 -0.08244049731304308 -0.03291603362482826 0.08722601442471775 -0.0706639393615598 0.05021780295480371
 0.04982850398188216 -0.04708621329481166 -0.06718378288425689 -0.09628741824231009 -0.02142716830094479 -0.04037441385566535 -0.06947127583467189 0.02359387280048905 0.05945983228179144 0.06200438440324665 0.03994383432699697 -0.03810446202168413
 0.07288027451116114 -0.08337433025708371 0.08140602650704373 -0.06940114414242424 -0.09425851380836482 0.04407414373834598 -0.05275537346242229 -0.0674724011081952 -0.02303793139607756 -0.01087724160952709 0.009088027225883574 0.03768423960536521
 -0.04746942412794889 -0.02041739769869225 -0.06728748617244409 -0.0420580964000498 -0.03724987209685154 0.07111765881987372 -0.08628442115659024 -0.01142601922243038 0.06137917738227769 0.01435203250559725 -0.07243473094102248 -0.08054459676041752
 0.09671890770596792 0.03665588845949694 -0.02023617689542644 0.04593185171441197 -0.04471295116005915 -0.004771018667156429 -0.06020254505690305 0.06360912332123858 -0.04799053742773793 0.04277161562693144 -0.09402523259425648 -0.04513315653577065
 0.08562020788155866 0.08995490907035417 0.01527660494467756 0.006436727458829242 0.06853775383782845 0.04097492217093715 -0.03503308522141559 -0.096762418364934 0.05923573272489774 0.01169276336935995 0.08329686601787759 0.0766581118443872
 -0.03005494127446448 -0.03984573760715692 -0.06246660970222334 -0.07281956277175014 0.03786852501500659 -0.07644145206046342 -0.01070801907735167 -0.001562929013399578 0.05488513754512089 -0.02305148414495609 -0.007615817887206125 -0.06877306132556188
 -0.03790954780088755 0.02608027022799803 0.08442055737346185 0.0006710640691507674 0.06885429378193902 -0.01389860360412519 -0.04951923244987819 0.03850868198690036 0.0745190435039832 0.01847458033203908 0.003023417956869931 0.08418378724585721
 -0.04997147390566345 0.002857682181893528 0.05103966895037937 -0.02778920434523159 0.09359301257610744 0.042775901142244 -0.05564280621906092 0.0608661510987149 0.008812777093027302 -0.06185254976887834 0.04717066487640781 -0.04344156252676884
 -0.01851695899010483 0.0428174963018248 -0.08967557419440406 -0.03653717361626622 0.03063026237643113 0.07675791027656875 0.08789488528483347 0.01131398054013974 -0.05126730073820839 -0.01765962260970816 -0.03684302360608506 0.06868609367029771
 0.06077582210724516 -0.0603163315123561 0.08137664265809277 0.09610140362171374 0.09946266713190086 -0.01171405511583462 -0.04086574762403305 -0.07652472745289142 0.03208599187593422 0.005408425981512782 -0.01784491495614846 0.03131151278798974
 0.04387969972411371 -0.03719275887424055 -0.05105965727594516 -0.06338164679954247 -0.04840122365467524 0.09857465815637079 -0.09662911675526438 0.04290684525236574 -0.07474694704894236 -0.09924142710211456 -0.0567391634464226 0.03895043032656137
 0.02121912336299832 0.002686249463785109 0.01601251553145597 0.09494875157882843 0.02605115375569578 0.07727300894652661 -0.05090565321509314 0.03050410901244235 0.004669784949790728 0.07789577969258352 0.006459277309070338 -0.04967179046967049
 0.09237801942227986 -0.02258313067148493 -0.005590115120989558 -0.07976956234943124 0.04771471637650232 0.04569265863594146 -0.02327241145093015 -0.01515097221473104 0.001850889610158182 0.04777639151098118 -0.02429537419412428 0.03012995578879846
 0.01718572703137647 -0.02006321013714615 -7.100240276919356e-06 -0.02528138092584124 0.09325541104936011 -0.03325353953227747 0.05684749555528898 0.01049639891145751 0.02044379122288434 0.02590012907160918 0.0329004718729726 0.05126915900100867
 -0.08450029061038153 0.06693035529428706 -0.03377836340064876 0.04623499183221264 -0.08038675239408763 0.06794100913860873 -0.008966029325570571 0.07369138964591188 0.02798790706816692 0.01282620504528539 -0.03445698731903196 0.04094287303486008
 -0.08253670686530967 -0.03527704992013511 0.04290745428003223 0.03393146655972529 0.004346961210116754 -0.003980003837792304 -0.03191352318331048 0.09105767015593799 -0.05464662828637958 0.04373669126798968 -0.01436029365311869 0.02974046839349215
 -0.09938164093164863 -0.08718905004746255 -0.03220955970330587 0.05086904927898647 0.0284715938040816 -0.09359515224076913 0.006952513202011248 0.06865699010635512 -0.01622959498457141 -0.03680663710443716 0.09324284394124033 0.05524754199683096
 -0.0919070972227486 0.03024605659723761 -0.03485698870198574 0.06445819676158479 0.05619384398596758 0.03612659785403638 -0.09234205910195929 -0.03150777844464984 0.07178164117285979 -0.06636440966243551 -0.07302886942566113 -0.003228828018838642
 0.05639711056999511 0.0474559524261447 0.03760515632586223 -0.09696924848325505 -0.08869933456297918 -0.03509603904027882 -0.004900222591332354 0.06880606367726247 0.02743563042940769 0.07105487835951596 0.004210238838903063 -0.0141026905705942
 -0.0962515140055263 -0.05756321720838741 0.08812391707947476 0.0009987833568411986 -0.06018976563415251 0.04290409245121929 -0.07415080415167065 0.04916724496860331 0.004684469996694959 0.004681107569363088 0.01398950149348921 0.06137609326255469
 0.07852878830551238 -0.06380638324403504 -0.09360989186339264 0.04227207811211742 0.02186301723795536 0.02000555388295977 -0.008002627936466139 0.08778306899977498 0.08246560070609615 0.003325016715586451 0.008684770142855444 0.06737442627471621
 0.06547854288905053 -0.02994381363523722 -0.04074152489750446 -0.03874530286094632 -0.02261231214433693 -0.007341708688632695 -0.0949405318717446 -0.02563769123935183 -0.01388099684748233 0.02187230595134675 0.02463134254136412 -0.01834684811985163
 -0.01655593514432371 -0.07467178290790989 -0.09144606044508327 0.03657201557243298 -0.024776945152035 -0.00865659232625679 -0.03647517844010592 0.02858677994915265 -0.03984773958829561 0.05186141869260461 0.07074376955412007 0.0905200488165924
 -0.0002830719356915756 -0.02105227356308084 -0.009661546248668385 0.03658956130925028 0.08100236333140498 -0.05959359051392445 0.02132605734489086 -0.09256780299486057 -0.031625618210333 0.02215819972183164 -0.03521834814052859 0.001912408368687307
 -0.03236745471001727 0.001977616998734402 -0.08144582920912792 -0.03816603414030061 -0.01474725092662491 -0.06220975709107858 0.07441123526406571 0.02986821781789678 -0.01778280425542661 0.06032687785002697 -0.01146750827170941 0.04634360563024514
 0.09004976639137804 -0.02640814338492886 0.0996423684494695 0.05628710670920606 0.0936628569041168 0.0287298308801181 -0.06815344074591001 0.02308549222462024 -0.09354871313550474 -0.02947851025681131 -0.04769934062162872 0.001817676701018817
 0.07133511550111632 0.01873822590400689 0.09113539984340896 -0.05977683133370605 -0.07201010401284226 0.04580427754816402 -0.07475158041700064 0.08468077264485083 -0.04764689385012463 0.07814110539643576 0.08233533364300888 0.04365599310498874
 -0.0714268047379495 0.08188814881052472 0.08996047844123595 0.08639396496257726 -0.02683466098643926 0.0788604093992793 0.05915890545284774 -0.05152285491343894 0.05446256727807774 -0.05721992402305399 0.08395589052732566 0.04764716436119107
 -0.01262628223268604 -0.06590366261063813 -0.06465594789218387 0.01719290707396685 -0.06602724070327867 0.08239927193371047 -0.02814677457228211 0.08595819879741767 -0.03065224309758276 -0.0734599811601873 -0.03248056003538451 -0.03371294639686404
 0.08106182495878506 0.08594090629275494 -0.02995752542128317 0.06140107956874538 0.08011436633277627 0.01417361428859573 -0.077992073914811 0.04193096260627438 -0.03581996270838522 -0.02893393388645317 -0.07667615928757733 0.05460884107711769
 -0.03561581915295581 0.023238899028897 0.03499343920029735 0.02878165732412438 0.07051538262175139 -0.06594612296629776 -0.09554149269688705 0.09349528398246207 0.09926240309110043 0.04182191444610989 0.09100761130438445 -0.0009242178442064042
 -0.0851365602297829 -0.07621222969682721 0.09204377895087462 -0.03146291102746722 0.002726568859006545 0.001042833966939161 0.04926045410255117 -0.04447487749611739 -0.09389449012155993 0.01725624456946999 -0.08612116480481673 0.08613450250729987
 -0.02308626514305355 -0.01465754050951398 -0.05873211823081414 -0.02147294121278667 0.04621269466015571 -0.04038045620304211 -0.02727261765904186 0.02743528060965508 0.006882093406915854 0.08100456018368532 -0.03721262087307488 0.066588530882738
 -0.047874363860119 0.05726862423976678 0.05859720364537852 0.01788406864022925 0.05214784624702826 -0.01024495236467596 0.05602650037644563 -0.003094550887910899 -0.09914609731525377 -0.06618984039950035 0.07899844336313475 -0.03202524228355916
 -0.08704539860675148 0.03853640648927389 -0.09851966325384431 0.0755497800153738 -0.009491369877043965 0.03544212325949087 -0.04864257115468068 -0.03888857422328823 -0.08211587630047212 -0.02707764355342088 -0.09182425948514399 -0.08901814708895917
 -0.07750217884669587 -0.05651188425057873 -0.03455070535452828 -0.03476682872268938 -0.06654355612585496 0.01846896268924761 -0.03089377971987363 0.00406686173213619 0.08449859316485656 -0.07046615788434187 -0.008166924849542082 0.08302964707039659
 -0.01789827000187053 0.01191796442408503 -0.02889689844665645 0.03146271129454831 -0.005572240281337307 -0.01070716123526344 0.001489511972276231 0.005173773589519245 -0.001456540033409504 -0.03840582497609188 0.05120086481280203 0.0795553494474118
 0.09728736459019507 -0.09145408602921168 -0.07082638032538037 0.02507637196633744 0.09861858926873382 -0.08544758819219897 -0.07206629740519441 0.03624729025569012 -0.08089625915990314 0.05894273808036418 0.09405124080364774 -0.06260775846764134
 -0.009408204729659253 -0.09401379400335701 0.08799997973080351 0.0185094508389259 0.04273836372944437 -0.08027975803639506 -0.04983672775238469 -0.0007929776217413809 -0.04353554347790117 0.0288844250835672 0.05343553509952212 -0.09745500334758313
 -0.04522558758385899 0.008149767165185895 0.02969606292359919 -0.08910109449206827 -0.025451743379745 0.09775166083262116 -0.01495862119750201 0.0510860286655701 -0.07390237013143608 -0.01006143496373292 -0.04640019352788018 -0.03149384105154712
 -0.04569826528214577 -0.02946520539481964 -0.08319596686821323 0.0849514856615019 -0.01044204582267751 0.02606717437743716 0.04840238558006343 -0.04476911391081061 -0.09957971470937323 -0.03963244458850782 0.0868883618655801 0.09005743298429747
 0.05008592927052188 0.0689700096834118 0.06659479654859846 -0.08241647680568766 0.0162301312041192 -0.07384254867594039 0.05397793144280841 0.08268628429826397 -0.005182153397517583 -0.06729907669538894 0.04043035848551718 0.05436718648419817
 0.05757516612485178 0.06629048788781067 0.05295377479701868 -0.03097508239318746 0.01573207409741732 0.05587384818772856 -0.01558799775426306 -0.0008520414135737009 -0.08963539450187519 -0.09259804921496395 0.00962820797577213 -0.04859697533120116
 0.03496343223972714 0.005942875969440126 0.008311404539083078 -0.05863915399294687 0.05365872961313181 0.05571875116389408 0.07298273405015476 0.05811580500619401 0.06406732594829512 -0.02198553045636747 -0.009227639429773948 -0.02578451480797482
 0.05204138988162049 -0.07223621523031359 -0.04012182063298528 -0.04092845777315081 0.02244415149262854 0.09741871269834376 -0.04490285010470424 -0.02582999105320236 -0.01088155005603827 -0.08349617737891007 0.05647138849819322 -0.07937790328796014
 0.03839077155943257 -0.01490273337337923 0.06965589242883952 0.03530234630586004 0.07413731124085485 0.01138263998479497 -0.01883916428372043 -0.01885678442090727 0.03971891029506328 0.0369550770817848 -0.04720631421852656 0.02972612775852584
 6.108526098433376e-06 0.0416372729737004 0.01246003738438173 -0.02781900369038194 -0.04345214433041468 -0.02448543170661593 -0.09493475311705514 0.06072954561801105 0.05219145078254839 -0.0316539421615064 0.08593949050627314 -0.04065768396166966
 0.05422138280111341 -0.088559244037278 -0.05427702034389201 -0.05645877212413028 0.0780195450612296 0.01504272192844944 -0.0428828678703734 -0.07453452486892792 0.005103597252502673 0.03508323678959199 0.08636565608662963 -0.07790491803784388
 0.07718386365577498 -0.09158764330533113 -0.09622000083720639 -0.04580410082028507 0.06843021894007248 0.005348743974992937 -0.08138412871975668 0.04839719952443605 -0.05966085322601283 -0.09264555088166419 0.001804128132257901 0.09109220469273357
 0.0907517279929525 -0.09347239040653506 -0.05668507564355471 0.03218334842747153 -0.08206925497887158 -0.06842615109594909 -0.0810205360944624 0.05766466330199116 -0.07251451041871038 -0.04516543581685614 -0.05429429780870653 0.0167894867411806
 -0.08436320139767456 -0.08138622601220813 0.08852863775898115 -0.07731485977311867 0.01518839338859712 -0.06333404872736936 -0.09409977579420015 0.01738273857971465 0.02226096232051253 -0.0602366231661898 -0.01984466689478576 0.03763687742864524
 -0.06570426485473307 -0.04868264238772792 -0.0494190012134759 0.01011131227641257 -0.08959734157482921 0.05624775415073616 -0.02481474562861077 -0.03682964181276957 0.001106580896835019 -0.01448177616057372 0.04936394505859021 -0.02071017415387598
 -0.07297801547507873 0.07921303163666302 -0.07843400168335166 -0.008460315619341699 -0.0817021378831303 0.08955309886215637 0.0384265100574645 0.01517553148557807 -0.0729635623323447 0.07987812903324051 0.07020302147953292 -0.04332328700743195
 0.05017717798377716 0.05341959937214133 0.05977153620797016 -0.05963173942302541 0.05503726340232437 -0.06642353263213069 0.09813296746005232 -0.07749415544975088 0.01779875562773495 -0.02213998263656648 0.09323038831215844 0.0924229617518115
 0.08430255432618511 -0.09769254343840816 0.05620858459359993 0.04461715138620512 0.05198577229353624 0.09820480830509193 -0.0550534818723469 -0.001856023054000039 -0.05909468114679652 -0.07302690597090764 0.08599795294957724 -0.04047333963516665
 0.006698654017921274 0.02153125549160666 0.09541916499875813 0.03352100560108109 0.02886429238513505 0.06155372967537343 -0.03797605342956759 0.06405738539061415 0.02616837888541898 0.03167627591649338 0.08276645124163026 -0.00859374237846823
 0.04158909214472267 -0.05749845641123509 0.0978298760853645 -0.0141266679476944 0.0004068741401212633 -0.07361805264207097 0.01449940773518268 -0.0983804902977921 -0.07200729993184742 -0.06761177498306836 -0.0243446150678516 0.07705249672906597
 -0.02743812234250174 0.01160423092509888 0.03787051547227344 -0.05534390388244225 0.03532969334603361 -0.02926016901568568 0.08449615244911318 -0.02500055365616358 0.07517311055685225 0.0983616228648965 0.009157738469828661 -0.07847785624713521
 0.06332136322995374 -0.07900925580841395 -0.04314038405190451 -0.0704375996443788 0.09095638244351076 -0.08625526711564573 -0.06550768279277466 0.07951263848011025 0.006656525857666115 -0.04302357338023347 0.09933454277233197 -0.04835789253669177
 2.325409681938617e-05 -0.04819749367407655 -0.05204884744856097 0.04350317419005439 -0.06880197738203342 -0.09534666365165853 0.045128413579899 0.01104716709699798 -0.09920039715969398 0.07043011788927042 -0.09114768315428974 -0.01319706728013417
 -0.008328909418600552 -0.0553184499984024 0.006775531562289938 0.01730560589095509 0.03947684572750623 -0.009454117806876647 0.08409897592924842 -0.01349808869221779 -0.006128388796376061 0.03386658851233898 0.04174088562756856 0.04571703396758262
 0.04782065807668229 -0.08789394277125501 0.05983471400270327 -0.05523585488925268 0.090498507176273 -0.05040294642671971 0.04359181310286842 -0.01261845989193702 -0.052951624380278 0.01585083831376635 0.07374824382494566 -0.01829897669457287
 0.09672993611319894 0.03371206196684837 0.03289225560973014 -0.03800432032898643 0.0253892589787863 0.08776704141556937 -0.09907963797417751 0.0009792495418275982 0.0843358409833396 -0.09959383316932428 -0.02105840012829233 0.02002590440986636
 0.04073188447937681 -0.02364526604291138 0.01812261266425944 -0.05165206422133189 -0.07484525880205115 -0.08002517542647541 -0.04159515048752473 0.07690595006583609 0.09638359470074337 0.02511459758681869 0.08000049185386882 -0.02134891221073124
 0.07947646147275675 0.07731481961573114 0.0991534416135561 -0.06489841571352106 -0.0219767952354417 -0.06072515081691773 0.07265479113500972 0.01322606051401179 0.03562568999606625 -0.04193977917185076 0.07160377879235807 -0.06801608600019779
 0.00603326837120946 -0.07321990634415099 -0.04939497780117216 0.05304589437838556 -0.07012705146394693 0.08712835902338453 0.09724521226520846 -0.01294609298727813 -0.06054379914536023 -0.02855498829219343 0.03937058349055042 -0.05053045502954467
 -0.09312204851119694 0.0287420619260548 -0.09455950762719705 -0.04975258611603742 0.06321791150319833 0.05830237337356259 -0.06364609080806546 0.09319111220562082 -0.0660544340289469 0.01179400132017501 0.08653932684142396 -0.09993985457279457
 0.004154377579956889 0.02853334598775911 -0.01364156736837904 0.06328377625754938 0.09697666254263665 0.01777661338831002 -0.02693873165169637 -0.04548620790241335 0.03057074113678063 -0.07562445394162022 0.068448836950459 0.03450789966206488
 0.02508930864322195 0.088680821875424 -0.03190257424748597 0.0299940233329157 0.03734306346106411 0.09171597350308999 -2.452804181865553e-05 -0.03557281343815676 0.02400144014218375 -0.06695980342351451 0.09013628912843932 -0.05811824974653316
 -0.008566390653821282 0.05695973549452402 -0.03869007489571971 -0.05472679733170673 0.02123287638707327 0.05188899305282854 -0.07350748197798773 -0.07121512475346267 -0.03222428458632491 0.06765318794711023 -0.05818148387526433 0.03188746494599756
 -0.09771538320716959 0.06915196203552948 0.04263573153502262 0.03923248623613623 -0.03875892782643234 0.0235498568013609 0.01982116939578618 0.06573226323293119 -0.09504827675082514 0.04439419086585489 -0.05117974729138902 -0.03371043065329406
 0.02845705639248461 -0.02457570875916518 -0.08892436449328017 -0.03955598792461318 0.008956324096961149 0.05649439931621603 -0.04685297847399587 -0.01112005440169733 0.03021951649185323 0.03865736877690618 -0.06237401286573433 -0.06206137344231021
 0.05321171378431888 0.07614021432607695 -0.002968354658473588 0.0393858869247504 -0.03933483477321315 0.06645291122590558 -0.09973434154716966 0.05954362327079762 -0.02551083527109758 0.08663818021139735 -0.09385870719944844 0.09654703087936517
 0.09506562703813692 -0.04022048871554763 0.06448331343555275 -0.06023055188577177 -0.0677418402526796 -0.04538689805963182 0.07273553772542471 0.05563757624968216 0.07587644395834081 -0.02727152565957149 0.05036288329346308 -0.02041054651116173
 0.05844826870087533 -0.07453978041972324 -0.0675709212341955 -0.0849478790882052 0.05125066978436632 0.05497421878442862 -0.02531506496416189 0.07457877167523971 -0.08836504131900277 0.007520054508121071 -0.03344635249615956 -0.003219267149550842
 -0.0627590307628665 -0.001588222312953178 -0.03805833127634814 0.0797070269875525 -0.03108366596791425 -0.09118519351336409 -0.03413088215946981 -0.01317018412918855 0.09262906895927839 0.04681200549103801 0.07080145359281037 0.02731239212566708
 -0.05565032834272953 -0.06510664904161687 -0.0735037563791881 -0.05773869357589606 -0.07754043282291839 0.01872569089964067 -0.00577852110090335 0.08713073385354592 -0.03610945598011925 0.0196665085599825 0.01747892889205957 -0.09721425498053789
 0.02214879687437679 0.01990021084033025 -0.0536157130150911 0.05663785293531667 0.003316037961232296 0.07267657845402595 -0.07419695062523221 0.05712275509759887 0.07895067606396602 0.09235655293898232 0.04474701895804864 0.009835837719164117
 0.01754525444009239 0.07235267976869536 -0.01476985482078569 -0.0326541797984418 -0.02381995658046189 -0.04372994217621326 0.09546845321292333 0.05228278283322851 -0.03026647512742728 0.07173256148131676 -0.05838766840775337 0.05412874485369087
 0.0762026969965475 0.05456619505583468 -0.06053153868808933 0.04373306394714843 0.02148809432712344 -0.07742329353104835 -0.09896307888020814 0.08878113545653379 -0.01518811116938691 -0.07652282379340895 0.04437201956727871 -0.08413030817124376
 -0.02802867706249114 -0.04438958407714756 0.05958144197884035 -0.04457064071383855 -0.0980109584712778 0.008262855195750721 -0.00516366656228448 -0.09581156415743464 0.04435518996562485 -0.09759826596196804 0.05375975677820086 0.04889764143276285
 -0.06179769503336713 -0.004971479981255383 -0.004832961898333696 0.02464980880622096 0.06981719383045784 -0.07273574984970103 -0.0278068618987221 -0.08171571450349513 -0.02241525580736502 -0.02369807317987492 0.07405640226033158 -0.04898535158186484
 0.01267343194786583 -0.08069923617389538 -0.01820844771211791 -0.03094185480061888 0.0461105682114088 -0.07244706266280296 -0.05207270816256772 -0.01632933360796594 -0.05932134639616879 0.02813240649206503 -0.004491581283586496 0.01271424977287736
 -0.04029278195772909 -0.03081255444143369 0.06250214459165127 0.08852926484502882 -0.07890709891361596 0.02486737431039007 0.02776113009921438 -0.01357366930712497 -0.02147635903080755 0.001386170168609896 -0.09294946647195954 0.02360867283008924
 0.07749077310701796 0.04012066814462567 0.09465046442884148 0.07390091305574251 7.749623073272094e-05 -0.05895817222108349 -0.01254021683863699 -0.07677319848691067 0.01086974202940405 0.03486157152936714 0.04221087977142385 0.004389796906722324
 -0.007146410918046381 0.03323689202524954 -0.06834940915716395 0.01699567233474257 -0.09585220589429412 0.09130112595361309 -0.06078290724532914 -0.06661881683686319 -0.01006631255324028 -0.07132298541069237 -0.04574088028343572 -0.08018157685141902
 0.08721561730861704 -0.05547040245346643 0.06059933146150551 -0.001004250218441735 -0.051825412843738 0.05858940999841833 -0.07359653745172125 -0.01684059256825264 0.05279283569953616 0.05313386061077363 -0.005995674320732586 0.0496276757431442
 -0.04090949217240313 -0.04891581412808767 -0.08625763052109019 0.008781593514794378 0.05221715604257327 -0.09574277884183202 0.09196386108514451 0.0220379383953178 -0.0228589287692908 -0.06512560903580544 -0.02793838245030708 -0.02733544527226281
 -0.04014894320460142 0.0554089344184204 -0.01481027474359847 -0.08097096073186262 -0.04985726718236797 0.06854572539619697 0.02489728330358376 0.09814997509200726 -0.01937060776143365 -0.04573339918923213 -0.07527980489666401 0.01592129998739511
 0.06555106785745377 0.04274743543315285 0.004353658538271826 0.05102475968254674 -0.04454685470473484 -0.01223753451870048 -0.07211773090548168 0.003625363107076479 0.07725467098063982 0.0007665477224626932 0.01840857271052909 -0.0847959860044763
 0.05150667224760028 -0.03932720527246353 0.09291024580886686 0.08469676922675146 0.06865589680915538 -0.002735705256238175 0.02475916954559651 -0.07541317991151276 -0.001843511706404524 0.0323161923351267 -0.02774381016719872 -0.03430970947625091
 -0.09102487018188248 0.05102308146259096 0.0872216851567667 0.01533372953900818 0.0977205956556253 -0.08775421168321729 0.04892954641997127 -0.03468464293012717 0.0002730995765256317 0.0009738928008286851 -0.03579375579702225 -0.09157190765867992
 0.01406993255155717 0.03938292281364247 -0.01254109217353253 -0.08437687122875454 0.08828641360533443 0.01058165319780294 0.09813372044221777 -0.008842324468274904 0.09099523427268674 0.06047874578442344 0.002993556419476476 -0.005381024272339191
 -0.001962791930346403 -0.04538973203545046 0.0311073835843779 0.05435071007785422 0.07299732930218922 0.0699615885140894 -0.01839586763409397 -0.09747935200829762 -0.06556292340380254 -0.09458751106296454 -0.06857203217495056 -0.004194976716310514
 0.06983410115702943 0.07013937046913188 0.09062432757654509 0.09792480415958016 -0.09766333552082219 -0.04672354922622696 0.03609629394408201 -0.0006575422229410655 0.0988807308274455 -0.0323818291666757 -0.0538669024081142 0.07959687697084877
 0.003938202784980277 0.001033159592228425 0.01104280052319935 0.09183758827675487 -0.09856569774416542 -0.02293268056584288 -0.06265582366474988 0.06613970875391015 -0.006358928194481223 -0.04960737627573634 0.05369545128953535 -0.07791807089666393
 -0.06184220957499206 0.05550531340276227 0.08195360536047508 -0.01030192437133139 -0.03919702842985077 0.02731684082008648 -0.003601426676862335 0.01115403736367022 0.02014988124059525 0.0601134889588732 -0.05623405130552456 0.07473056628524705
 -0.0173530246435766 0.09455957478356863 0.04500861849702359 -0.08204554572020445 0.02998898594419855 -0.08868044084832838 -0.06222993011144796 -0.05945258313316174 0.04656389645345532 -0.08740402186566991 0.02437020624723149 -0.0699867124430117
 0.003878458202470611 -0.0546802558436654 0.01878758657951565 -0.07167263722848821 0.05636073561241953 0.09154297985347568 0.06028978968774287 0.03728636800800142 0.01338454630584436 0.004015966237664162 -0.02883194317583754 0.05289323930602519
 -0.00807024213063022 0.05916898733479659 0.01810193072502786 0.05386454351667788 0.009906274650933938 0.02690247543673638 0.03960345425974246 0.02083138868810067 0.07736770498404977 0.09650104009541918 -0.0875011860244313 0.08743274301680137
 0.07263164965102142 0.02104326879509515 0.09873515898211432 -0.07264741718969663 0.09713411387703741 -0.09587545656671012 0.0436904750087794 0.04111332846689619 -0.07548344323683842 0.05422729692437026 0.05608581444236552 0.08812878412577108
 -0.05992670821379573 0.09820849568275269 -0.0575282646547619 -0.06434988872486219 -0.09608925660120213 0.07496961942169808 -0.0912104499186781 0.08567140369965259 -0.08359313480971391 0.07401484008132661 0.09207955936985121 0.03283079983665574
 -0.09556699493414678 -0.05353904329691054 0.04865090343953696 -0.02155448389365464 0.0270970080451744 0.07434526966705474 -0.01595478447146384 0.01073411065078855 0.02967509333960666 -0.05563064762751159 -0.05709267397288512 0.01780226172192392
 0.07286622376783322 0.02486635497180807 0.02234104372023112 -0.01179428659957406 0.002591296327730322 -0.02510613887403403 0.05516073341422442 -0.02224848150829153 0.09174986566103849 -0.08226989316360767 0.06776996999888171 0.06280649900165644
 0.03479597304165943 0.08244618632256787 0.06177697144146552 -0.01453886921921024 -0.08262936994114628 0.09501435900386854 -0.08363551360880589 -0.0757946347121377 0.008709800712127264 0.07607968111085836 0.04353929442471707 0.08748650580714795
 -0.07620737687517289 0.007315716342609718 -0.0129367717632127 0.09337517597448367 0.08478428252051032 -0.04629549907836263 0.05969500682328296 -0.0954306054125513 0.02974696727604245 -0.03886739874208388 -0.06675035634079829 0.08575745141846025
 -0.0281489473299476 -0.07185981486568699 0.0001258592921729723 0.0354028036587748 0.08545586343944453 -0.05258891888347873 -0.07983200063967819 -0.04332436486041082 -0.0678976563431979 0.09004129930168803 -0.01849723422853501 0.0379948312954741
 0.02741498283572313 0.0101419367319846 -0.02549034007719106 0.09181863293758061 0.02647953929857369 -0.01879501019438037 0.02115456219176115 0.009683556300658577 0.0943320060566325 0.06563458906939529 0.07328040299390184 -0.003458564112690507
 -0.09630775500153869 -0.0416014615495678 0.06367833142852788 -0.0765510262692006 -0.07089042830188108 -0.07916465813786956 0.04143147286268056 0.02645512927991908 -0.06823187069587969 0.04140318876271404 -0.002395384120854174 -0.01770893955826759
 0.05913206428351733 0.01376463208946425 -0.06269112941333263 -0.0130429455090194 -0.01909866952857532 0.03866985886465521 0.01484254743951752 0.0904818242955156 0.06988902485822215 0.005477391096566753 -0.0966188402779538 -0.01194630245707552
 0.006169780578392833 0.07816433359432215 -0.005509615869056156 -0.02940095382289777 0.006971892258597359 0.06635463139993572 0.007481213545256299 0.01948972489966319 -0.09049172081330081 0.007430887582883169 -0.01681939600309917 0.09607187523852853
 0.02992492602656974 0.0284801793514752 -0.0005128182164468031 -0.08795670167141446 0.06603195490283473 -0.04927144704501124 0.001371419903025944 0.05381777654587297 0.002474981159928308 0.05252699906947175 -0.01225293965039434 -0.05591813577284543
 0.03743094506340577 -0.09743302703705292 0.08250209216262072 -0.02665566357957398 0.04643087552519598 0.07979183567777573 0.009377818791884457 0.02308014505808864 0.03568236659967408 0.02056144613863346 -0.05405693859565367 0.07611910266501848
 0.08194280173910537 0.04019540405037222 -0.06218304750123706 0.06892031220827582 -0.07639179700224612 0.03424234403974286 0.06610721763381219 -0.03300358065237306 0.04601736435061335 -0.08468375720879878 -0.08115782338866126 -0.05260328297227607
 -0.02216175204452914 0.05204834896504792 -0.008615709721359596 -0.05136191075832085 0.00660173510145326 0.06188104436039041 0.01813282009843245 0.02145128597801882 0.01847175954145919 0.04384687521396757 -0.04453774639793501 -0.005876390839546664
 0.02084258990968005 -0.0245870020550594 0.08614290610193778 0.03636881807083925 0.08596318262705058 0.003502889453562474 -0.008239069894488471 -0.04486388851066147 0.03354354978052249 -0.08736990272717031 -0.06498963138265845 -0.07439035632667687
 0.03947972382025058 0.05990130257233603 -0.05124438473156939 -0.07599331681962018 -0.027273942182214 -0.03209548991196291 -0.08450960706132443 0.003975317496971581 -0.04221795932678588 0.05064485959203172 -0.01589304620889681 -0.09940116798796536
 -0.0551446406871231 -0.06087283678564787 0.00681495708246331 0.04849950935705855 0.01627008795513638 0.03766201696749713 0.06346686924542233 0.07571711475869561 0.0488939677181667 -0.07944127940786121 -0.01204880438105654 -0.05124055971236766
 0.02221645004869414 -0.01483678393956168 -0.06868680453900081 -0.0996576746990135 -0.08619654213317988 -0.06951893886012751 -0.01989695954514831 -0.06480518086382564 0.07758522526698883 -0.05650797278153494 0.06539235817323252 0.01803344546619261
 -0.04012565948031052 -0.04112882585802246 0.002831703081824871 -0.06918802618166965 -0.07032677245547134 0.04098771925097547 0.07854613849782019 -0.09833867656690087 0.0195540585303396 -0.02861473259107222 -0.0162989347159659 0.07043238453422104
 -0.02941450685810355 0.009874891859768462 -0.03240689008568658 0.07744655452261648 0.04888683019292314 -0.0324737781359372 0.06434189238065122 0.02422212044850422 -0.005360651434836092 0.07623813522793363 0.04325866787619542 0.05908334769652379
 -0.001486986566584289 -0.03081244289833444 -0.08895265076775576 0.05152807703427376 -0.09494449620740694 -0.01831527624825614 -0.07495741938637328 0.01869228628582727 -0.004216993435315147 0.009735952294580769 0.05635073748673494 0.09954818549533734
 -0.03888348435411938 0.07014866463108602 0.0955545150172061 -0.06021794608944299 -0.02737906945477359 0.03558642424158934 -0.01553284135891303 -0.05154823086140209 -0.0327199213686849 -0.009752636364189826 0.0445056604314589 0.01583739943048565
 -0.004027559014867899 0.0408084041900921 0.04418299646519458 0.02831562448780786 -0.0835156773247778 0.04485831542715074 -0.001303154477910212 -0.007979542785336108 0.04854006532589528 0.02687264727751529 0.04769718816868693 0.0267119519550342
 0.03388289493784685 -0.06254130087558309 -0.07367787054577525 0.04630115902922521 -0.09803117047816264 0.09344713465501842 -0.0120266659937389 0.04013392778722388 0.03217913968630054 0.03417373595811501 0.02048939661610635 -0.01030713046335968
 -0.037750309788411 0.00904806849189739 -0.03949813524267997 0.02278126597873878 -0.0829412507127032 -0.02104940993119588 -0.08033462256603038 -0.09956683988780347 -0.03336235164806194 -0.02763274955926821 -0.02126897955762047 -0.04397772143937119
 0.03168610819592702 -0.03846806847271608 0.04121348724473878 -0.03852241345825004 -0.03696157912142832 0.0123367262991509 -0.07820020319403251 0.05647061641839227 0.09138671491707501 -0.05452142157053751 0.03297381240413669 -0.08892754305256709
 -0.02762671862364045 -0.01666186743069743 0.01645981541559374 -0.0796889398139206 -0.0174590568062306 -0.03173256487558927 0.05222494460197488 0.04336595747710073 -0.04739163714948366 -0.02299018799488123 0.07436909756684057 -0.0952038237126614
 -0.02518335916742617 0.0742126605537563 -0.04698751310763005 0.09877354135294611 0.03575650738931099 0.04117710990007667 -0.001336683987351039 -0.02349785741190488 -0.08786151544653344 0.06397226089295655 -0.04713717388115569 -0.07312974677721253
 0.06205164522835055 0.09236198573555573 0.0164981239424951 -0.008250073851201453 -0.06255496170035024 0.07184065503427634 0.05021246384192379 0.07025639191717534 0.08294423855470665 0.03273732361588572 0.009668064264468618 0.02808886169014177
 0.07936989017968651 0.08996690843867108 0.03883606372749068 0.03713119785293056 0.09365483638587732 -0.04000107067403355 -0.08556302795526873 0.05816094306973704 -0.002730282414152158 0.02318706868116127 0.03400106695903338 -0.03746552714321244
 0.04488946780336595 0.02837723426330152 0.03261965019865151 -0.07959969934119068 -0.06146426760386194 -0.008135627249468452 0.08153819368437126 0.009531593398173069 -0.0162235902934801 -0.06177169010587041 -0.007260673236736973 -0.02628580332596503
 0.0917258643415165 0.09260434372430559 -0.03268562173790478 0.006338529877509269 -0.01652664900317805 -0.03753240484703099 0.09201162288270209 0.004816249980567469 0.09202694375971973 0.03635134796196207 0.09415371062317698 0.04283220859523601
 0.08420071394632708 -0.05517544938748068 -0.05050933672301111 -0.04394228995145599 -0.08471216908880863 -0.07379179017029193 0.04273493935439815 -0.04851055569832213 0.03489401506030013 0.07836751408646866 0.01943129804502888 -0.01368443813756716
 0.01935138708125839 0.01691328336932593 0.006894043829475491 -0.02829540962854687 -0.0390319128240182 0.05361235184363108 0.07142467051813703 0.08559718732359883 -0.04864271728402808 -0.04143667473503631 -0.0905730563013573 0.01103609861345514
 0.04559846618523217 -0.09747046264102734 0.08293629845396064 -0.04169313034698707 -0.01707746059373541 -0.0688855294609806 0.006564981408522241 -0.0544907721222575 0.09579707665688572 0.05804843332597814 0.06212397171015033 -0.01642501959252309
 -0.04078938570151286 0.0336482757703877 -0.09025655071920662 -0.03170924414218862 0.08909905005038674 0.08734179221109659 -0.04467618071502585 0.05505962194102845 -0.04940453191276134 0.04999221145463795 -0.03453475488959661 0.0840588293011226
 0.05067937160301622 -0.0962398662664148 0.07474100034865763 -0.08933179488263593 -0.08465993576840358 0.03554455520513669 -0.01009587462136044 -0.08049441782253772 0.08612947562363898 0.06059172067023771 0.01871687526190217 -0.0974541650879247
 0.007890126797148622 -0.03088014002681229 -0.0229375516144906 0.02881054941573757 -0.01605125497759899 -0.03952885513034691 -0.07343928990029011 0.02978486274875883 -0.0895550514661735 -0.03961724623471711 0.04767786103215446 0.09242780008391802
 -0.06775557970119633 0.07011706324951966 0.09207677422180996 -0.0444585793248152 0.07634975681954423 0.03809947536977398 0.04230125029211301 -0.04916251865501794 0.0393267775731139 -0.05834667253893827 -0.09548008506401302 0.07895550235472251
 -0.09676788624730466 -0.05341353078736943 -0.0260003651526963 0.03499067816035964 -0.004685491539568196 0.08871567728470528 0.07750966974211182 -0.04797298911549702 -0.01077071783794889 -0.08742385249095042 0.09596590075637837 -0.07211656432145201
 0.05946274028346718 0.05359887099050237 -0.01615680068933462 0.0893265709473105 0.09209706299313827 -0.0007476113203643553 0.07126145927435834 -0.07357409305379711 -0.04482994819723333 0.02208500873051569 -0.02761569088048842 0.0960523459683468
 -0.002110270009861831 -0.01088879058328728 -0.05019751525994075 -0.03331828955755727 -0.06174392619418848 -0.02494285169411151 -0.04696505228236902 -0.001097327238524348 -0.08792911626564905 -0.001212938992730089 -0.07933360224874143 -0.07579669713501785
 0.01632142760181768 0.06911146098884938 0.04842406552944706 0.08645792213459969 -0.03899417459236908 0.02047429530355564 0.01265319712363404 0.05394242699355536 0.01581304385389241 0.09930914464225535 -0.09051898260255395 0.01053790199190477
 0.03682600935837843 -0.05917435511110058 0.05582042691857567 -0.008036996997569532 -0.01157412303778579 -0.03207029311298452 0.05824255128077929 0.01549193348952874 0.02434536805601048 0.0959212859631044 0.06072162641098464 -0.04840902421161128
 -0.09002045023283156 -0.03291226378564062 0.03161480164140537 0.07990387412600361 -0.03673880944109041 0.006743432086404641 -0.08075950268755733 -0.06371567689686419 0.08356290127412003 -0.09443425129437508 0.08071361869972321 0.006133533343952918
 0.008382723256376429 0.06662385421495176 0.008159942045311758 0.06517145516455378 -0.09281097353510545 -0.08612173738338681 -0.0279763057753481 0.017779123698479 -0.02645726358645512 -0.03602626866095594 0.09630274476727571 0.05788185970806009
 0.0630573662714112 0.04318936431711826 0.002977472726650471 0.05132673924159231 0.02387141773773127 0.07071987180292286 -0.0790838310612656 -0.07535270670563687 0.05314535641203352 0.08524020904690097 -0.08141321466783741 0.07748492889596462
 -0.02844840495395734 0.07765512639039771 0.01267120593742763 0.02464509705908127 0.07130305375545437 0.08873658048971861 -0.02405689154350568 0.0526599930005916 0.01056432940596408 0.04753456392889338 -0.06427362397484163 -0.02841763797939054
 0.03928590560507284 0.03264912153317784 -0.005558430494988373 0.07056849733342407 0.05235766939698935 -0.09080330442997787 0.04838342686684111 -0.03650154221746739 -0.0986474509253135 -0.008908651268109885 -0.0006078695639236964 -0.03837342465320583
 -0.09918126146411425 -0.0191281189240993 -0.005205813906150727 0.00474437909032896 0.006325446259108358 0.002024104695175416 0.07041200530027425 -0.01213943286607869 -0.06902558566171528 -0.07041865245075246 -0.04388045174424481 0.05794636662652533
 -0.0466749844697023 0.003285811507694136 -0.08720550254332042 -0.03873823707264587 -0.0005811595805877007 -0.003071028973827217 -0.08141815451096879 -0.09290105884403388 0.01091062196071206 0.07645969660972621 -0.04485476189068537 -0.02255250734741671
 0.09643707027958634 0.06702527830903701 0.04410189444209869 -0.0989041747319558 -0.08179613304190031 0.05912463574872892 -0.0335304499316223 0.01749243883764995 0.04723507422980294 0.08680910527365368 0.05754715110918268 0.02024880839390383
 -0.0007080144223091805 0.05627857608442544 -0.09274725489838921 0.03518193137392459 0.06347284435600944 -0.01602093688842811 0.07835388015161418 0.04497565897233366 -0.09883445385868896 0.08740521281084562 0.05996051281666026 -0.04622754380998267
 0.07201724674888638 0.04096056253524094 0.03328657018120793 0.02362007989279209 0.03155217299752033 -0.0780510995619499 0.07057360498589291 0.04530886633633832 -0.006293971595000766 -0.0941957328862965 -0.04312492219073904 -0.0564579974730359
 -0.02150834936709776 -0.08663037190515936 -0.08255576510812838 -0.04442105298900831 -0.04125745286474693 0.02606440003998278 0.06172003699609283 0.05166155637818559 0.05944622469113534 -0.05118477658184208 0.06060159776738039 0.09089014133527937
 -0.03157753606080151 -0.02833594506578356 0.03654479162460789 -0.05975793460110917 -0.06562776868631931 0.09182769113690623 0.02748336856538897 0.08347535660346811 -0.09242387416300779 -0.07618089431941948 0.07237555077323074 0.003064781908238584
 0.0206817532654046 -0.009446362628585434 0.03879045191283792 0.01337666732147758 -0.07129421038759817 0.038418196443161 -0.0003533964308877063 0.02464866135794667 -0.0605029561585429 -0.08178405533923924 0.08276899476077113 0.09335889628174782
 -0.05096895562854301 0.06218947914498796 0.02456201529414381 0.069432623047578 0.05771422028801898 -0.003154727254059381 -0.0723764345321956 -0.01473381883508552 -0.04668794535379494 0.01769235528055928 0.05998547703155979 0.007084265071719775
 0.06621851131090847 -0.0816487387589846 0.01657146216733055 0.01160045943659307 -0.07414904866850218 0.09918171102400719 -0.09772701711712461 -0.06385318432746102 0.06363640363923281 -0.04036258027837328 -0.04650779748647153 0.04883907426384809
 -0.06743932856228796 0.04901448720273691 0.04377140362558501 -0.07680393905386207 0.02522738727142121 0.08722744138128194 0.03316628118009568 0.01918426592028763 -0.0005788451006630696 -0.04383154812095124 -0.02561584767318043 0.03520087042325898
 -0.01109215760406469 0.06766676488634207 -0.008030727302380844 0.07263513706392405 0.09515615852584908 0.009753553616586336 -0.0866771075247298 0.03202570109676744 -0.006528961119411716 0.03436806205678339 -0.04737355362880692 0.03039712802306288
 0.05110798721119997 -0.08549602559259989 0.077178159252728 -0.04706389918656621 -0.0559231008632961 -0.08727673165894594 0.02800160610776051 0.09998383710729392 -0.03444091216062854 -0.08392563986852658 -0.01472097465939642 -0.09657185188652063
 -0.03208636267273433 0.09536517918770115 -0.02976039773982084 0.08491248027056422 -0.0214270310897552 -0.02456254676239343 -0.06218420118343403 0.05460078475901745 0.06562545913308263 -0.0933173935412015 -0.04357447614799353 0.069836270882634
 -0.08325606020377645 -0.0536180998502812 0.0431070897569614 -0.03758885204616339 -0.03814525792649498 -0.01617794299512419 0.04875580833887525 -0.02095485514218201 0.04472937930663312 0.02705397214618438 0.02659680517655727 0.07729710518255384
 0.07964678418786453 0.09668193402211869 -0.001615192676849897 -0.01542076754818686 0.02595295939599299 -0.02564297890316389 0.01814287296338279 -0.05570894717832388 -0.06245742565160117 -0.04101982708910282 -0.02842962552929333 0.0218829677358771
 0.01390329322835918 -0.07994045941571359 0.05467844072272135 0.0835211943985564 0.01905174837511181 0.05069632805145852 -0.0177409964793044 0.0797159762915601 -0.05685828530333018 0.05153659596902624 0.08945294475460625 -0.07213238092754552
 0.02237548320500815 -0.02486924848079165 0.09398807939553219 0.08281645234114596 0.07796950593835686 -0.01393775087699821 0.06845041199750024 -0.04557145511418076 -0.07024332007271218 -0.005844739777883259 0.04867793638854961 0.08396947003810459
 0.0776554223011999 -0.04749537881925704 -0.02944811860822998 -0.06710235971788492 -0.001941065924184027 0.07691316344106819 0.06220481370843123 -0.07107670736246613 0.09787897280555091 -0.02723945813885492 0.04044643909100767 0.04908333284821981
 -0.002184615352664926 -0.09949219817207434 -0.0004526725403222326 0.032867521029493 0.07937369022287749 -0.02267075674703943 -0.03506556673661744 0.001578464704141219 0.003041001225622383 0.03792547946690789 0.04773808227718504 -0.08968685885492286
 -0.01902825283260891 0.06132209588980456 -0.01665598568191649 0.02823388477399896 -0.04365560727933585 0.04734012335858068 -0.04947040640169573 0.06885354095601245 -0.02706609623679403 0.0720167461988318 -0.02253210964650829 -0.04865253396756383
 0.06061212476182093 -0.03458966983689332 0.07520180265316154 -0.09691524353586518 -0.08997679443155226 0.01322972436445227 0.02643028345462667 0.05881057095011541 0.0003284642493957407 0.07233794997189999 0.07879967109616179 -0.04618594542687073


