# Created by Octave 4.2.1, Mon Oct 09 15:08:24 2017 BRT <root@mosqueiro>
# name: w1
# type: matrix
# rows: 200
# columns: 12
 -0.01796901234303888 0.09317695108207483 -0.04614995556462579 0.03470421937813156 0.06656419226400123 -0.07574292062666248 0.06530560417773437 0.07277410499876072 -0.01753130648389628 0.01554285264524116 -0.06377588511429916 -0.08727192854413054
 -0.05998607195385043 0.02220343273831989 0.08430713598706538 -0.04580130423191823 -0.01521238651884081 0.09838923494234461 0.05749871587154357 -0.02042672159996381 -0.01542019924886205 -0.06277811435043626 -0.028199241444617 -0.09475291970369297
 0.09958939928988245 -0.01581463227257623 0.0098835944131382 0.06756200412254024 0.03398337867808834 -0.01289600963016325 -0.08814061856937287 -0.06309163415868292 -0.07434873854748547 -0.06061835475862253 -0.02084846435687276 0.09133092997819928
 -0.02561324126660997 -0.06442202914969755 -0.06619093280944247 -0.02767812510291118 -0.03651757793734739 0.06781406501102719 0.05223621164406603 -0.04805115255822489 0.06323522497868736 0.08133951383718696 0.02504016634808495 0.01022333942366282
 -0.04732508314821526 -0.007316355373054875 0.03304080116969119 -0.03106329470731066 -0.01539296096134922 0.002843084003134572 -0.03094796568523843 -0.09901334512404471 -0.0498423930562382 -0.09815660993156991 0.06495485863941211 -0.08943223380280756
 0.007785237791001015 -0.06595652109060982 -0.08710148383868226 0.08924413797977609 -0.02449331749023308 -0.004012308396573724 -0.0005714720179851168 -0.07278523983985689 -0.08429819910708822 -0.0780596201350276 -0.04911826772420872 0.04896169978328035
 0.06098286927353977 0.05130714795384247 0.014758617507211 0.05120281640730417 0.06333663379552748 0.04810580663830505 0.05294631470416233 -0.01163871376349625 -0.02800965995603492 0.08058296821187913 0.0206721218379428 0.09809108118030427
 -0.08641519930014696 0.06937386883909574 -0.08062054602634802 0.01058608235797671 -0.08794239830961674 0.08079046236960216 0.0007061901796381054 -0.02161457005497663 0.09716816966818598 -0.03572582042752612 0.05614848628405553 0.07752621410365154
 -0.01056536365075361 0.04948194180503623 0.05948893657464074 0.09739709450787332 -0.01153354277486723 -0.005023737740257495 0.09504569479790115 0.07539952638012626 -0.06845392148405088 0.09352783255864144 -0.07534391146084474 -0.07402062914225735
 0.07040191149373287 0.01674185207935616 0.06102387995635961 -0.06110522956063681 0.01719394458871304 -0.0670467003728298 0.0429939839982692 0.08906136785789562 0.04574484854979988 -0.09937753789357297 -0.02163563005077548 -0.08598604329802811
 -0.0942079336308827 -0.06698420100858994 0.04114477619303722 -0.02488560544820612 -0.02169686066677587 0.0699792226405703 -0.03258993177223436 0.0927769211674786 -0.07798721360809055 -0.02408736624743571 -0.09586575223387928 -0.02278323339713159
 -0.02160474425211184 0.04953175741475749 -0.0353580260799172 0.08476395675530166 -0.07308554561315266 0.06138708096091056 -0.006680512544541772 -0.05367296149047977 -0.05248204723047184 0.08436345066825177 -0.03854039070779253 -0.05142245352186913
 -0.09675787122703423 0.05481868333755119 0.02820907543979584 -0.01123247423403115 -0.08863443006852327 -0.06072895346511219 0.09438079762659707 0.03567102072069017 -0.09576667543091304 -0.01613347707860363 0.01082244016756961 -0.02069487312886215
 -0.03919046459264638 -0.05632529394841401 -0.08574440993868512 -0.0136192876198009 -0.01412275643754207 0.03373691351733438 0.07231359907035204 0.04948632043706014 0.08015432062102937 -0.02992720992371499 0.07169543371269235 0.06493814740580209
 -0.007225934941722328 0.08816764152187792 -0.002035952068712571 -0.07547819380851441 0.0379413960549117 0.0009692431902269538 0.04004100553320189 -0.03546761567944798 0.0915460952792034 -0.05945503747242836 -0.07459261205817326 -0.06725342958412359
 0.07581526555857548 -0.03765119920691106 0.04955840500576952 0.05571305168692975 -0.01513164498893195 0.08567346416296481 0.08881927830216033 0.02814010903088093 0.001547984766145552 -0.02549413909378441 0.02448866105309548 -0.03079717735443437
 -0.0385276719976747 -0.04767898854393013 0.09770234106312131 -0.01121085098252682 -0.08151776616161782 0.07789304099359323 -0.07830556676277937 0.02949333748622857 -0.03251832951577417 0.02900380038081218 -0.05751693045303163 -0.07526856025437069
 0.001999521414366254 0.03275869815435603 0.097469368881101 -0.09262437828932213 -0.02061866881267291 -0.04518517548539086 0.09010962464505015 -0.03328363497594786 -0.04536786585877434 -0.08439759022551949 0.04652525395586155 -0.08364738239428821
 0.05406977864883117 -0.03384997419320311 -0.03638354877683264 -0.09476614660384297 -0.08878546116943377 -0.04550291989216146 0.005648546040703639 0.01345371849526891 -0.08310039302880923 0.03145850567981281 -0.08043885132167847 -0.01281684439843557
 0.07615669328568861 0.0004540621204394552 0.0257775139011916 -0.0544306395029022 -0.05937113749322675 -0.005842932256712563 0.00236479792326294 0.08082512685260035 0.02342438997811461 -0.08293046397869161 -0.02572405600434277 0.06060185846891944
 0.04121414868591419 0.01102368538433389 -0.09623317108391247 0.03115876339915075 -0.008254880413347904 0.02631511296816069 -0.06377030928999011 -0.08561496257719338 0.0171683023975657 -0.01660318556200471 -0.08304815330024956 0.08979625024178181
 -0.02141744111805587 0.03135152172298647 0.05023851237700069 -0.09783812061102956 -0.04230345300167983 -0.01631788676597862 -0.07381839672482009 0.09133671801027557 -0.08268532983369234 -0.01649734441636573 -0.00142581537058592 0.02207221673955825
 0.009826703388307961 0.03123952632738777 -0.08503144956646037 0.08742768891699143 0.05300828071467473 -0.07990034002784746 0.03097710712305249 -0.05674863915715781 0.01608791652470523 0.04821439652122778 -0.009794563751482077 -0.07581859610196255
 0.08009779712037471 -0.06321216620348866 0.03307064210893354 -3.608236866850523e-05 -0.02808786797658479 -0.03453240925960978 0.08401383523203629 0.01440364934833083 0.03738538015816778 -0.09438030194403968 -0.02888955313831063 0.0619672959805132
 -0.04696448516268042 -0.0963598841156267 -0.08962848920307465 -0.0828571270384427 -0.01108761870550365 0.05961193861294845 -0.00640957518459101 0.002680076013634874 -0.07621433941666471 0.01829939202744882 -0.08449683755335193 0.01047405096437722
 0.07991812036665236 0.00849427991288261 -0.01175772031980557 0.03049222433026419 0.04614575185839703 0.01569574719891276 -0.07960547083992983 0.06508884324985664 -0.01106846792363828 0.03875388385362835 0.09121044398655939 -0.07102770137253242
 0.03454726342865622 0.02699278849237591 0.006589316830355157 -0.07546948816117038 -0.09219634490128743 -0.08070941743237556 -0.07469557378541022 0.06072730567413867 0.05938079168584026 -0.02186640803318901 0.02667190564886254 0.03107207968526965
 -0.05157732419321825 -0.05083979461392888 0.0514206788876746 -0.0485002240724293 -0.08681421643485154 0.0492939447347939 0.04062254814438535 -0.02783306957704502 -0.09873954500546896 -0.02260304334017263 -0.05680638109583006 -0.05187987885775961
 0.004980514459612867 -0.04091258953832101 0.08088796920818669 -0.09717800771649321 0.0606261498726442 -0.08350127085715754 -0.08480411189700125 0.01982620820453622 0.00228334119532117 -0.08119591465890807 -0.03049786119188792 0.04612371258552539
 0.07878079121325529 0.09780129941738189 -0.03996237890751319 -0.01314500930801719 0.01213574247298665 0.01515718946419682 0.01828849995617951 0.07405913326231947 0.07868382465420434 0.08567236629031449 0.08351936513670694 -0.05623076024212895
 0.04318060371455074 0.09558325442356344 0.02516022767896234 -0.004455510568705204 -0.03876955604166826 0.06635528227484602 -0.03593491820512437 -0.02286024852977137 0.004013643846795076 -0.008447152981778921 -0.08905796221546071 0.08827326103462119
 -0.0548871927862373 -0.07674475475538035 -0.02672806530437614 0.03396066265588016 -0.09935763258960181 -0.04302121150487025 0.01917976248831754 -0.06071681928846643 0.02199174431082702 -0.06534345798592503 -0.01820924610983524 -0.002432693969568883
 -0.001210331787855262 0.054664281802384 -0.02838340359797203 -0.009921691610694477 0.001139011317203314 0.03580296928471674 0.08148830404911112 0.03313836285010069 -0.06210806740830049 -0.08472751957788362 -0.0004720454214285075 -0.006040795764728615
 0.05726097630723578 0.05404778220498993 0.07683109330895754 -0.01250074821317743 0.02268253394762927 0.04890420039644472 0.00347246990020042 0.02295587293102926 -0.04313332557843616 0.06738006635232072 0.07876052470387965 -0.06072317824216566
 0.04804011780165757 0.007212561900093534 -0.05730876842968661 0.02766428527619411 -0.06661033749023942 -0.01434034278959638 0.02022380861490394 0.08411846872432727 0.05409772913615107 -0.04850359251254689 0.05005645041737702 0.07489872087788571
 -0.02186367511187003 -0.01652403427586401 -0.03676541959806151 0.093644140565395 -0.07967976451090501 0.01780767669420244 0.06295744712888648 0.01905392073808339 0.08188322951899127 0.01159084983528121 -0.08530990269497374 0.05958249563665916
 -0.00439737072072087 0.05767722779113424 -0.09080783472137599 0.05836349184024134 -0.09844731575458 -0.0787578458807103 -0.05898166754920858 -0.08663139229917693 0.08513135960569626 -0.005466749315861053 0.04482566368844679 0.02867195701111125
 0.06869955509000639 0.08576286706315323 -0.02043290015961194 -0.09974997916530141 0.06117763601626369 0.01593480254027679 0.06264523381966972 0.008212166496241097 -0.004138209745035634 0.01543857633280873 -0.08232295978956533 -0.03125746828654184
 0.06616587562882875 -0.02373171947425382 0.03750124126066076 -0.07489643888390919 0.07579310148518803 -0.02235400786115524 -0.06582284780156208 -0.02529442497773828 -0.01642006221636169 -0.0526237605180499 -0.093641899400106 0.03427959840055336
 -0.07914848358763701 0.001731834878983901 0.006068534093538205 0.09244182533311066 -0.03756792209148671 0.0245693766836507 -0.06928161187019363 0.06356249540137593 0.01920019820406833 0.08769974383850596 -0.08378943299602881 0.04546596757883534
 0.08039234411689614 0.04903783891387015 -0.08744808512719431 -0.08837728809554639 -0.06668582887306687 -0.004623476889864767 -0.03623666804035473 -0.02144789027568858 0.01148780222978965 0.06420287503865435 -0.05314445866779919 -0.0882624117740396
 -0.06614091482893975 0.06007517927805245 -0.02841426024544155 0.06452817953671428 0.01572082725634857 0.08391213313803181 0.02376743857445326 0.08842027023155141 -0.07624575909332477 -0.02502879485986552 -0.02969608984681706 -0.04248410031267499
 -0.09965440938788521 0.03503193716795447 -0.05684531475753204 -0.06446306009998459 0.0890178978523197 -0.04511611794831595 -0.08403673350384921 0.06437381294191821 0.07968038561372046 -0.07850421917854319 -0.03797262170366346 -0.09458024202438235
 0.09854891214390238 0.08447159247023914 -0.0484643265650199 -0.05964069966892113 -0.01301762882888838 -0.03792391829201073 0.02019769242097232 -0.0968741928164446 -0.03885960491481021 -0.03490581258781539 0.01287332055679587 -0.03716919970894669
 0.05290456639040217 -0.02823025562508805 0.06061998289213189 0.04911410532562849 0.04835946458846188 -0.09983612023193662 0.04145302029378722 -0.0868218844400304 -0.04136220363700144 0.05162805023472075 0.04239172693860863 -0.06678712339375412
 -0.05973571199240951 -0.0762381057034954 -0.07152783336423479 0.007774953419008607 0.03192140923578857 0.04518010081504026 -0.07645330238390846 -0.07021502727111421 0.02257559403164869 0.003578117459377236 -0.01455665700634524 -0.0640236222823945
 0.00518081519993667 0.0515106283989393 -0.08091474926766108 -0.007984233786442557 -0.0669631219093749 -0.02138825494668897 -0.03308136869757759 -0.01809300196455679 -0.0006721516874296091 -0.07394132245376528 -0.02685268071877335 0.0007356813801505935
 0.08966920780796941 -0.01962905107673904 0.02962332024217465 -0.02355073090804802 0.0479209166918948 -0.01110716611993848 -0.06567135319055929 0.03624939357153428 0.0132314466744317 -0.001297271481994641 -0.04927457931770857 -0.0699253560538956
 -0.0484863185671285 -0.07984225875705958 0.02208622032783576 0.0505487433248909 0.08709506409817749 0.002514301720102211 -0.02357063942181067 0.02831910188783759 0.06576665330811773 -0.004630946905112926 -0.04984383821626194 -0.078837529295467
 0.02777538740306651 -0.01419349722226636 -0.02758229173008266 -0.03063062694341129 0.0787253334147234 0.0111451097412735 -0.08687861647183041 0.07570826435858749 -0.03156944893970776 0.08417380237237002 -0.06176818844672319 -0.08044918224638226
 -0.0884999171820038 -0.08044193558104697 -0.01904072366497964 0.03614891200330556 -0.0177306585064361 -0.06491148153018231 -0.09871012907618493 -0.0001489801761910131 0.06636025217384772 0.08673995734001483 0.04225897961883329 0.004587741079154897
 0.08741695445654749 0.07085215607152545 0.09013169423568695 0.02396441285446146 0.02131337628480545 0.08479511108265156 0.02652237870389063 -0.0397727067015628 0.05641620089467941 -0.06466288576209624 0.003838342965231598 -0.05852867947860429
 0.002663778729716931 0.07740060939655588 0.08759113536460236 -0.06674240939479181 0.001337691653700013 -0.08650698843113429 -0.01120781340423199 0.01942360951504125 -0.09003501037095729 -0.08023094518623623 0.04305005547421575 -0.0651843305487857
 -0.01928779164372786 0.05461693687240529 0.07911629648415061 0.04345927400460578 0.07551384541522679 -0.09985307348732808 -0.01715354116499898 0.06022416064645605 0.002443277546910316 0.06540640082224869 0.08214468189876006 -0.02115407975755396
 -0.03811042831106716 -0.08837866050272386 -0.02319680201767962 0.07398511204105432 0.07853583607881084 0.0376407953488703 -0.001443320814798837 -0.008902656808247561 0.04008148204780743 0.04333360808168024 -0.09160697499345906 0.01584050765991289
 0.02928476786706707 0.0003947596472986675 0.07275979759632348 -0.09098671795309743 0.0550449048291258 0.07610840964740462 -0.08018036396214565 -0.04234948420675969 -0.04606128192805447 0.01590923054656612 0.06873840959850547 -0.06956588642191201
 -0.04736940063323219 -0.07072547400604172 -0.03833950786043262 -0.07066144518828167 -0.005365812929198549 -0.02570394684768634 -0.03895275623394567 -0.005409026216859625 -0.0315425664641009 -0.04325399956647522 0.08555387195161832 -0.02347534828562695
 0.043444908946428 0.02365547330980386 -0.04108058694033269 0.06332212945225438 -0.05562644307787273 -0.09090752632141959 -0.02287400127695946 -0.07566359543879313 0.02469842919418781 -0.01209050027645032 -0.008783100325173793 0.0724080204397245
 0.09247759749534712 -0.03025389295587927 -0.04581523975377858 0.07941400119520392 -0.05349271721824508 -0.01156912885123626 0.01187098613863269 -0.01305828985700783 -0.0318952677674401 -0.02613519626063586 -0.07553031142691066 0.07596297504138175
 -0.09736613887626315 0.05996397655076979 0.0509710044059013 -0.07087628393740425 -0.0552131956545063 0.07858563895738388 -0.09448888062030741 -0.01718028594173998 0.07024838865733993 0.002529712266169604 0.0750386524887913 0.003456429496326449
 0.02616942456348761 -0.0446246776291367 0.07248971203956189 -0.006978059173063239 -0.09672654234434692 0.09861517807286288 -0.03887283495509607 -0.0682415046836094 0.03693777705903936 -0.09455598934037225 -0.05506795213467818 -0.06762554523712982
 0.0300617232785019 0.007622400259732681 0.09618399157191024 -0.01938530692686037 0.09275189009398963 -0.02741995774379019 0.07513405590186059 0.03329882821408001 0.08861434471648286 -0.09950832655942081 0.06109548741013945 0.04430610693799908
 0.04420994919664384 -0.07232263823119484 0.0843060329151808 0.05007074541039758 0.0406794051879783 0.01077283027434135 -0.02024449559964982 -0.0325349290812315 -0.06696589564346189 0.06818113575313772 -0.09384007215851313 0.05286016716429115
 0.09174265184268635 0.07510971835874819 0.01261991763633703 0.01279466212902496 -0.01659984638890025 -0.09207361768550801 0.09103007022197943 -0.0845835402504197 -0.06880539426379066 -0.08030601543621252 0.07983225859580476 0.005818911247654462
 -0.05918344898841182 -0.09436601092466901 -0.06554210491735549 0.0003243647076911216 -0.06223945605042717 -0.00813429984435951 0.04201794961064048 0.09191622699639823 0.09230317241379224 0.06932555287570197 -0.04406832489968113 -0.09163958402105378
 -0.03656659288411521 0.06054789796653073 -0.05869050874491727 0.07514543350460695 0.002998556224540178 0.009997809002295674 -0.04111112036592481 0.04533488994145102 0.09733708297528557 0.07579693221532724 -0.07565941695675787 0.07884412956626516
 -0.006965100599387347 -0.05875278927762936 0.07034623619393618 0.0564482422377228 -0.02300845258241756 0.08081609626959488 -0.08595376522393521 0.04161674364570156 0.07043683740096482 0.03622527521078683 0.04381698521010929 -0.08535880461521017
 0.03415452928955989 0.0797044373565072 -0.02787234882977038 -0.09463431459506197 0.03166589210301332 0.02692387152609738 -0.05377325263626779 0.08708434098291695 -0.09813431319124656 -0.07207413305162895 0.01848502457744923 -0.08974737062575368
 0.09507858455847601 -0.0502299070857101 -0.02202169943323531 0.01613838780001513 0.05434827649236032 0.04006535444999831 -0.07763178993235124 -0.08231290927572903 0.06056355086138054 0.01279221194347217 -0.01326011046540634 0.05471693203188252
 0.02553922628390104 -0.03757647784512447 0.02772901020248125 0.04071418209417019 -0.01799811304760887 0.09456180231365172 -0.07954334850542159 -0.0378620122321557 0.02227423403148296 -0.09385108695761063 0.006326625495212984 0.02954083867006291
 8.272820203954201e-05 0.003070741874202226 0.07772714861805627 0.04714417885771785 0.09661084093378502 -0.09951828720933893 0.09942638873883813 -0.04532498952883483 -0.08614345998360359 -0.0545378603832844 0.03749054214172517 0.06975859870692505
 -0.06739233579994192 -0.007714296825378594 -0.08572453598326894 -0.03736952975973545 -0.09507822183243635 -0.044939918002914 0.01278377221796215 -0.04866426702878101 0.09447760276870057 0.04392576333168652 -0.03483734382745091 0.02865581260209732
 0.03750344206524311 -0.06446608495452549 0.02295290453598382 -0.008767393836201648 -0.09296709745409468 0.007975664954463529 0.01691506416691919 0.07661007228042535 0.09315568773107852 0.003687042706896043 -0.07699339638327529 0.04936663229513452
 -0.04910489640009576 0.03735881445663136 -0.08556580817587234 -0.04388401076967668 0.0356999438133547 -0.0328796735319037 0.08958848865708657 -0.0420527601092858 -0.02179426947686031 0.02584751424017057 0.03920519340983991 0.04405720292375362
 0.09872563031255752 -0.07296927311266926 -0.05561068443107552 0.09276362093573143 0.02880152529448798 -0.08826735102620921 -0.07270726302481689 -0.02953126635645013 0.05847016257480525 -0.06431519663614017 0.07766450269265679 -0.08132859282416557
 -0.07071237420509002 -0.05809631632715634 -0.01833074958954671 -0.06679486025400706 -0.02350140364617975 0.06532342338731284 0.06272139789217779 0.08596232861152986 0.06401860594360473 0.09388959029324676 0.06730504145645808 0.08497345857306579
 0.001646805242263197 -0.08409201487127342 0.01536726669790964 -0.04371570930991665 -0.02246929575084974 0.01811939986916249 -0.003625874921983713 0.01906633971265066 -0.04367938478530277 0.08209355429931284 0.00551403354468516 0.0490145349188032
 0.05512129123690163 -0.0905195260611608 -0.0413121483796065 0.03037622468832607 0.02839969252196012 -0.03718194771470779 0.07414078792612466 -0.09474773478591247 -0.0289444021504319 0.07195355431808545 -0.06284033059516761 -0.08308296173510277
 0.05465598070542693 0.06050342969618125 0.08092796613294448 0.0001443646039496205 0.005424309417269055 0.01472652914157839 0.0533170752839883 -0.01812297827702457 -0.04495067461670171 0.002091854812606028 0.06251312980164894 0.03549910091005079
 0.02820818898962932 -0.06395602384958844 0.01473868871578524 -0.07141227917393245 0.04415005749731199 0.06675462870014767 0.08507678445740846 -0.04353985410326845 -0.03109510759985624 0.03824103109680752 -0.04250609430456666 -0.0574660285498288
 0.01059097867805377 0.07233054743270129 -0.08026925594506304 0.08194139452763158 0.08573602972005542 -0.09113645022355332 0.0717003963101526 0.0993762637372714 -0.06160754037777209 -0.06065424308326964 -0.09933757614418379 0.003292592432610347
 -0.09491337520868938 0.03543751265732981 -0.03310280171133122 -0.05612099062562702 0.0231170610257683 0.05117968418724297 0.0971081486846605 -0.07497949561094354 0.09557766115750024 0.04587342217860807 0.06496081576313337 0.002867842779941787
 -0.02080325940661806 0.04635864896790803 0.08748538329663866 0.02908850330274954 0.03166622395946228 -0.007752579945234289 -0.08343703864663148 -0.02317471534249763 0.08524167873952415 -0.03938794759350876 -0.00956629435764135 -0.008698434569835711
 0.08456786066514013 0.001183420038990995 0.07281743334705212 -0.09250262082053839 -0.03098390014060867 0.04903265561955478 0.09662236974386121 0.0883778924361473 0.03662626260940149 -0.07469715447200935 -0.003431060378344425 -0.007386596356306036
 -0.04220968609627779 0.01812503838105387 -0.01053137457682748 0.07815015396649891 -0.008061258373080499 -0.03019796391578027 0.007378959222530845 0.05441510707966646 0.08598394885955793 0.02694261748286925 -0.07929462104598541 0.003679832512765532
 -0.006233039797471238 -0.03456072778180373 -0.0117606675875879 -0.06968103783036829 -0.0548664951388013 0.09460494586896182 -0.08722135403924236 -0.09699733583871174 0.08458449639015272 0.0449276316898907 0.08185362771001278 -0.02985201153580609
 0.02352331912052633 0.03611415362544826 0.06487418782290896 -0.03367299984084743 -0.03905568081967373 -0.03169116328488429 0.002817776686693363 -0.001358624284460347 0.03429935089736533 0.03534578753498191 -0.01412430177747372 -0.03477022582333331
 0.02988669046503048 0.04091130684740379 0.07410718683144649 0.06061809518442621 0.07268006166638516 0.05315817714643151 -0.0664465062991027 -0.09333670195366574 -0.03279372414344937 -0.02824871948520719 0.02685936733747635 0.004698963231806491
 0.02264390863189832 -0.01035811474802516 0.04040579413618209 0.07036361608609243 0.08482791153902644 -0.002857731247805625 -0.05702451874563001 -0.0654551582319309 -0.01132661613549543 -0.05195865168206401 0.0798748351950829 -0.01491785581629806
 0.07157980812455411 0.08026145081646946 -0.002677815475275291 0.007792769224600635 -0.05510660341695594 -0.006395150859563187 0.09589916975028129 -0.002161751060760941 0.008580579405460531 -0.09428201592430713 0.07207865180721915 -0.08200350160942495
 0.03358578110645624 -0.09990193362407596 -0.02954495815630506 0.01454817630025104 -0.01443092889254624 -0.05928735088549367 0.06007590657011386 -0.03243388140509033 -0.02685564026441743 0.0188622910815234 -0.01986574365995425 -0.009918892955006864
 0.01687057805139144 -0.0135741980012401 0.01175599810906322 -0.04405474551492642 -0.01481291673308895 -0.01368599270775116 -0.04178751570218334 -0.01689558359441576 -0.01257136461345401 0.01272053300363574 0.04006569566283374 0.08123817355916682
 0.09234944119604946 0.05693594303223168 -0.07046599445396921 0.04379275567482913 -0.03622237368423066 0.01209644355429292 0.00188084490610288 0.09713230464039888 0.04336258373915233 -0.03268110367451561 -0.07143779245746674 -0.03166020976709975
 0.01857683605839977 -0.09022208431236849 -0.04523783319094833 0.04903354024254958 -0.0698424584621913 -0.008907439668803002 0.0569314230997533 -0.02911784760354447 0.07854476499221769 0.09340731424829143 0.07607920002086258 -0.06450078922896331
 -0.08515857265122873 0.02726899085544737 -0.09126849486524731 -0.02632246301927207 0.02118779710754608 -0.03617847149067567 0.03400735510096864 -0.06035463245877436 -0.03994175250588831 -0.0127983710497547 0.02484489218899451 -0.04020361676879652
 0.07236830669062411 -0.09916523929483419 0.02406675846532798 0.05622720436637438 0.09436350000832852 -0.09175880674009802 -0.07594996899732351 -0.005940398810546102 0.08740011962983399 0.06984880971839733 0.04724923574436085 0.005195955401308905
 0.02230303469518716 0.02353654202189444 -0.01176555412904398 0.07464356978989009 0.0358253888233333 -0.07206388705877936 0.08314246033145584 -0.03505269500758738 -0.01796564157866821 0.06826732807305977 0.06589922727597325 -0.07230021406603168
 -0.09517636357686352 0.066428143749622 -0.01845149840138618 0.06161193609424251 0.018035854283264 -0.01742623703654547 0.01121831065029824 -0.07757405666139894 -0.01521590780317504 -0.07960472612825432 0.02378131698691957 -0.007114417595131442
 -0.02213565493892077 -0.05056079163200448 0.05194099807075517 0.01609973601793339 0.09080904582343269 0.0775023132923584 -0.0371781092355641 -0.05371620730557737 0.09323075610311324 -0.05873661738011707 0.06434106707927001 -0.01247826385292031
 -0.04057402747146871 -0.07595919065985224 0.02450927339236546 -0.02976787631568255 0.08910156534242294 0.04697893887054297 0.06249812916132555 0.06225322018002744 0.03209002697499241 0.005781317692850924 -0.0707422383783906 0.01270057100375695
 -0.0868852007274124 -0.05744116524661759 0.02627518297401527 -0.07464889480909948 0.08112043373945296 0.09781976264669706 -0.007147199039304553 -0.009486699973598106 0.08584007494429141 -0.08195656514768103 -0.05746145104965671 -0.01348355623142036
 0.03069181625437095 0.0621429837329347 -0.02487763804891517 -0.08749229472946307 0.08187987192980714 -0.08425896848437135 -0.03301060505942803 0.02529725721966847 -0.00904283539665017 0.07030930720323189 -0.04072292958469092 -0.009247495558672561
 -0.09872966831930415 0.07467830646928661 -0.05094191045938811 0.01780631816291907 -0.08861068012848607 0.05936595738260692 -0.08717689103157544 0.0250727148581989 0.09554423154278238 -0.05827560294742994 -0.089814795419769 -0.04500717983592998
 0.06840225484282814 0.04627169677174975 0.06067286956318743 0.09279807584144767 0.07702566266269353 0.003213299284756929 0.07106454001917825 -0.03004931864136688 -0.0551480094953046 -0.01178093171752258 0.09266443919296152 -0.048165955400733
 0.06031346350976846 -0.003534147933290113 -0.003397697941558295 -0.07754089434250112 -0.03547190425857173 0.005329017559540961 -0.0540705627186861 0.06423144094336924 0.04700655851238217 -0.02161106609428408 0.0290667065813261 -0.06793059800861476
 -0.05243580793372288 0.01582473699145441 0.09398421831364065 0.0007924223119613882 0.08922470561357893 -0.04497449832028836 -0.09093245743588349 -0.08339355155614818 0.04879903675378011 0.06500606507859008 0.02444577553682362 -0.01441781119973116
 0.09622716129521716 -0.09502734603709836 0.02082457096682359 -9.865894130153818e-05 0.02526709759320717 0.04445863972799302 -0.01422442173322079 0.05870890289915565 0.068012810828287 0.04436167786480286 -0.08976955953376661 -0.05802253053769081
 -0.07607406046866287 0.0965574012614214 0.08019927702743546 -0.06441916006853633 -0.08254262467002128 -0.03460612799063328 -0.002804944068288628 -0.03709898140537501 0.05489723954247402 -0.01197260780257561 0.01499790147007103 -0.07803876949001473
 0.07468500631901742 -0.04797085381736047 0.01181738000239266 -0.0647395009644789 -0.02674550388491087 -0.09785284480269918 -0.01314368435183576 0.002962263800297918 0.07238189898644046 -0.0226384151926205 0.04576686090394583 -0.0801672555786227
 -0.09009945779082729 -0.07904178559575453 0.03341443458402915 -0.07205712630539753 0.05682622822859071 0.009125784264902181 -0.06214681638384744 -0.04593572003151149 0.05834793301545849 0.04028078191979487 0.05745392452209608 -0.01755273834624047
 -0.07512746790676317 -0.01949112599485261 -0.08606880742702321 0.04079828914051295 -0.07414772501616224 -0.06988093449523478 0.08429805413875383 -0.04807458481921182 -0.01579093047851096 -0.08958921964333245 -0.01112475059910392 -0.07971821632943107
 0.03462176085473101 -0.08548951056190401 0.01211427036257666 0.04751315984737231 0.0650096009391419 0.07527036120056294 0.08257891450854413 -0.02005599150381274 0.01658873519427009 0.05633298178279522 -0.09870679675694546 -0.07398865288021139
 -0.08787213608325729 0.07601349316489825 0.05136691912954175 0.02472126640276129 0.01363778332784996 -0.05287936374226715 -0.05179246162342065 -0.03317436823858501 0.004141419591608006 0.06840259874354354 -0.03416845325641288 -0.04433950139168962
 -0.02595908795636789 0.03473779784401784 -0.07459455118206068 0.06825011788283419 -0.06712928214989294 -0.03866089129345759 0.02736616738593717 0.05002692305898818 -0.07027670635047822 0.0965059701947035 0.06991054348943285 0.08854212609274151
 -0.03000946723015246 -0.0967296857117442 0.00572362994904789 0.01230364315950497 0.0478523658060922 -0.03654865122643175 -0.05090352389779224 0.07860334889970294 -0.04697118598289424 -0.04257923233292876 -0.06686061197538173 -0.06125180387758619
 0.076386407427357 0.0204134323411049 -0.09628886463028394 -0.05244794047542346 -0.08699445234486802 0.04652795761748194 -0.000574137310160705 -0.04346063210404275 0.08041727876295324 -0.05156276933946503 -0.005175382652727226 0.06042075774650069
 -0.01108400413323093 -0.09355167245428682 -0.05733310551375847 0.05382353577930415 -0.02382004732394595 -0.01360932936134202 0.03522495379907176 -0.02145763530404904 -0.07584475349618219 -0.05087932362847977 0.07759319224301164 -0.03823013807313914
 0.02226432202385822 -0.01586081381522518 -0.07809502658705475 -0.04427591496042277 0.01545653633169183 -0.05338286218721205 -0.04544719978977351 0.0540673283476058 -0.01863706225058046 0.02742763166841505 -0.004012875789820652 -0.09770045570058683
 0.07439116861317716 0.02973458146331387 0.04713975117555952 0.03740642885590428 0.01896413606823624 -0.0621398345192769 -0.0409303755769776 0.09278306839715986 0.09907541506795423 -0.01627609095862169 0.01736603543303539 -0.09962303713675848
 0.06376745041744966 0.04329263526169738 -0.03038183241909966 0.04840701994645891 -0.00506310790740884 0.09543957218385901 -0.08799833457520839 -0.0175506967027915 -0.03721391307943535 -0.04700482114585415 -0.03947228602140395 0.09275112829354248
 -0.01381729690175117 0.08260936854292369 -0.06216114506217364 -0.04057687628297323 0.03138659157830437 -0.07856388982065296 0.03954078937824615 -0.05669631736780145 0.05727059464099135 0.009233317346943798 -0.08086965165871093 0.03798109741587688
 -0.04882327533477313 0.03329935747917728 -0.05036860466080929 -0.06837303324810312 0.08688749875425514 -0.029624991226155 0.001059267531219391 -0.00728082168238707 -0.00449891806850225 0.08763150407719456 -0.09332428642765926 -0.03947532074842683
 -0.08522709567945558 0.08488188090327634 0.09006142679294143 0.08500004796306823 0.05015081763656001 0.07143030291270575 -0.006672303808885519 0.008652355939170436 0.01054632958101068 -0.03433022574482107 -0.06657726246298248 -0.05164792916392461
 0.09946547302152528 -0.06464234810547553 -0.06178067628369829 -0.02316546109409282 -0.09249817054621032 -0.04678870975387221 0.08999399297376354 -0.05874748490277865 0.03624262154398658 0.01930747000513551 0.0215891650193869 -0.007488306206320364
 -0.04437734840548838 0.05460826953189077 -0.03586877593146318 0.03698998750895161 0.02814001437284605 -0.03368984012666495 -0.04774788249662375 0.03120602595868299 -0.09832124092696963 -0.05536397989582523 -0.06963574400263133 -0.03990106549300404
 -0.04587166968319324 0.07729247659188615 -0.04795199286803845 0.09718720595777075 -0.05497030724060647 0.060041092795241 -0.05693776012989539 -0.03444913685152423 -0.08671468571406021 -0.01639674600645045 -0.08150097587886279 0.009849979117731958
 -0.05371843891052951 -0.04021305271324548 -0.02586998422639243 -0.09220792011731445 0.009429248611867308 0.0629336360766026 0.006521070467734577 0.06186304508658233 -0.05162449266678081 0.0131950613679654 -0.0240957722638851 -0.07372132076416571
 -0.06902408775079344 0.09570966900109376 -0.04489487289420845 0.03878614708044789 0.09043371999723396 0.08858452048645668 -0.0477174845399265 -0.06994407720579349 0.03734283891602139 0.03189655316301968 -0.06313590471173744 -0.008563734607977297
 0.06859142420477241 0.05345547474812123 -0.08094273960922921 -0.08283034713359946 0.05244278176725667 0.009522360290658047 -0.04075700673226747 0.009243459642265167 0.04309390911602481 -0.004007610453323818 0.01526288870968311 0.05911872112914529
 -0.04128445681392487 -0.004681158459371101 0.09256957546896305 -0.08996060896850534 -0.05434190066821659 0.07293273378146489 0.02345095769874776 0.07139887583963811 0.08119847934721203 -0.007029779716229964 -0.08051071987445119 -0.07384903832541502
 -0.03456698603990306 -0.04835613668503413 -0.02268129484509379 -0.01414970159172148 -0.05406859082854604 -0.008646907394489048 0.004034143670716597 0.02049990656723064 0.04079686794144588 0.08870624442781774 0.05781162428437922 -0.04819149179893431
 0.04672348104936536 -0.002856381008625869 -0.08629931713971643 0.09305843702892372 -0.01513737801732408 0.08846584193486914 0.0923207804222729 0.04234545343290003 -0.05262978730314843 -0.0469444287306594 0.08555725606757142 0.06306474526555506
 0.02527334332640022 0.08707179934719175 -0.01471433734735551 -0.01889480209905742 -0.04957352370443013 0.09124415614051395 -0.05015169005345582 -0.09821175070318044 0.06188949723763848 0.03004389163809998 0.01834372046752682 -0.09575095649055343
 -0.07159317297522111 0.03719634513801826 -0.04572395705521903 0.08885139221460711 -0.02246739970610825 -0.09544519488741023 -0.02078333267000107 -0.08106869972593228 0.03406592947010226 0.0519371896319899 0.07199817880555012 -0.07434773286931699
 -0.02730408712628533 0.0781159833481947 -0.08109739309813196 -0.04912667715952389 0.04710761189983739 -0.02345012082998016 0.0205680376586149 0.009114133144581205 0.009125434696915444 -0.07584191616409647 -0.08429790412767814 -0.08263678233040017
 0.06195192445882355 -0.06743326870028524 -0.07067008613333522 -0.09042536278630303 0.05080521606668648 -0.02564316547069266 -0.005237004614204718 -0.01334847483336275 -0.04718015079208301 0.06377842415294682 -0.04056167420094209 0.007577342423784855
 -0.02656602134247364 -0.0387466072243701 -0.06244343143793551 -0.01297098957148976 -0.09600984613875811 -0.07190692633062469 -0.02474006103901857 -0.03551968938709517 0.07181491266753373 -0.09773857915450646 0.06012911980181671 -0.02182990142450424
 -0.00900343764890757 -0.05790584429724571 0.02456904204351154 -0.04973311166300923 -0.009695303320074053 0.06285056707977552 0.02127656697449634 0.01063099023964387 0.08952399329929286 -0.07153816823134231 0.0640373215318987 0.02836620788465322
 -0.08279640525814441 -0.001328359076104818 0.07410130533503179 0.01103321531461872 -0.0007019684655582281 -0.04042903600351921 0.00699656383316416 -0.0182696602478957 0.08937147337099688 0.01797019009965155 0.02030590275697311 -0.05252598085277495
 0.08725216446326586 0.07019467920270483 -0.01682952677423336 0.04092273322440043 0.01087972203724311 0.07825168406473626 -0.04852802545029131 -0.0555426437544187 0.04267454746815763 -0.09454945096114847 -0.03422037512285633 0.004399916496729411
 0.03221044317905791 -0.09158983555204026 0.06484762753153439 -0.0007073835384216881 0.0587504960845241 -0.03131040332823003 0.01009450541521066 0.06972476550318524 0.03315109682551728 0.07864831083236701 -0.01796699057037197 0.04572693884627468
 0.03024280033503468 -0.0455037725768822 -0.05163094801919052 0.06473469362740514 -0.09149473999006731 0.06612438964538209 0.06416430061329745 -0.07853255740019413 0.08632019387889253 -0.04113304590342816 0.01435355930972719 -0.0322172455239743
 0.05043265862418414 0.004564704329454064 0.07287839539610944 -0.09004555290488338 0.007935273581173893 -0.01171140138041554 0.09200001816445358 0.09819823476405981 -0.08931912840817274 0.08800588432011561 0.08593949084789368 0.07347068979220955
 -0.04827994412115297 -0.09477920607972969 0.08533467704696823 -0.08898532366126988 0.06020411839530315 0.06144715149903918 -0.06367695595608117 -0.06462233998709201 0.01680431087607379 -0.0535620387408822 0.01538958760799183 -0.07615324849400751
 -0.03212432028247779 0.01175828256541758 -0.0002792005869183128 -0.003276856186932575 -0.08657957809776544 0.004655042997841946 -0.0913400790611901 -0.03039364311906972 -0.05016181851785526 -0.02876356331893058 0.09221536623068224 0.06382787852910737
 -0.07764673997879251 0.05149487793768739 0.0342847957542444 0.06869934590170032 -0.01197917889086605 0.07893510546294311 0.07854926255745198 0.02856063980269724 0.07389191672228751 0.06746888953887895 0.07975162701598554 0.003664198302704924
 0.02475572254614918 0.04632676225781246 0.09123624297898819 -0.01734517585445675 0.04040069343569003 -0.04250011258737431 0.07467102620280866 -0.06131246008843444 -0.04457584850215201 0.06023043912334788 0.009351261978115338 -0.01539819778368218
 -0.06137455628912167 -0.06188797285802951 0.03537019062093352 -0.02950031052552753 0.01823484559478719 -0.03623934047931375 0.02218143063794639 0.06643073436866001 -0.09115704774380944 -0.09311680436962401 0.07122238803159095 -0.03002800484736627
 0.05590591721799781 -0.09116931550035175 -0.02989169830814872 -0.05627637091814669 -0.08266336839399228 0.06362186957110116 0.07081539161339692 -0.001199585367614692 0.08170954716085838 0.02286634745238643 -0.08552157573664355 -0.003272340977260757
 0.09239480249799184 -0.07046698111386797 0.06242726582837338 0.08606320996727243 0.07317708713563528 0.0193421947849511 0.08469039306892537 0.09591861222246589 0.06150032729822527 -0.0486991201028019 0.04625041546813374 0.003437605454489859
 -0.03474636526813248 -0.09228763176253971 0.09965686761879192 -0.03469408463526145 0.06015025754371128 -0.01280948870649158 0.09860281007992344 -0.09549387808269917 -0.09877054336866273 0.04149652940339749 0.03428738135697823 -0.07446342224579451
 0.06209678324711687 -0.06131479732818385 0.005677372508162512 -0.07516249115254722 0.03022304429931816 0.0817231068669024 -0.0686733931925439 -0.06283967769832388 -0.0980471850127798 0.01777981151195548 -0.00338399660342939 0.003073520892301132
 -0.05700621898096497 -0.0676970604957601 0.01131844694409814 0.001446579502529105 0.09232354832901779 -0.09568836433581837 0.003324883423889549 0.006615719740602974 -0.04577773124298993 -0.002746473557503182 0.01104538259062157 -0.03755560341661045
 -0.05388806882825042 0.008025540636982381 -0.06666940500139229 0.08705553057040691 -0.06739075312639799 0.09388268014921972 0.084703876018101 -0.07545284063675207 0.0440230648446788 -0.02782281974998355 0.08610687702922776 0.008897921440910131
 0.03057597030903272 0.08093853846524082 0.05731349637627675 0.02054185406362989 -0.02968290761013374 0.00805914637002994 0.093952567822424 -0.005644949787302594 0.03829297511881072 -0.07185494082582168 -0.08826199956159188 -0.08374179414161517
 0.01834332238804341 -0.08535928151837406 0.05861539875715896 -0.03926159501477661 -0.06645125592932627 0.01094191676434789 -0.06491456067980134 -0.03870592129147964 0.02714617068153299 -0.006745274217852107 -0.07136559403944737 -0.07904933220167192
 -0.07509055004788232 -0.01401827941851976 -0.08923080151590658 -0.03698792041588085 -0.03626728471675565 -0.08821733596140581 0.09118804536345815 -0.07932821499206877 0.06037679817184347 -0.0120246393310994 -0.02437005581325305 -0.08205855746176616
 -0.09099544323607497 0.0660455828913902 0.01331449213804359 0.09621584517263518 -0.07610628390042734 -0.07995964762325691 -0.003336307555809923 -0.05386810224110711 0.02694046668768604 -0.07840705260676492 0.09278013171314228 0.02572904707391493
 0.03018560004235077 -0.02231910086238266 -0.07460434314632285 -0.0435939252860475 -0.09751180026701491 0.05961776952829284 0.002899853437392894 -0.03444016817218096 -0.01805452942163963 -0.003243479681117073 -0.04624014115488883 -0.07198094015951845
 0.01388629304568303 -0.01080149501135455 -0.08230027687271096 0.01464079026894369 -0.07061725381895412 -0.08624489371471102 0.07247490440213583 0.01460478756914414 -0.01278585799521061 0.01523052926576521 -0.07072647593366405 0.09039933653602761
 0.08108842673128799 -0.01710330240474355 -0.07346985683805966 0.02410646816910759 0.06808954664129055 0.01597112980480249 -0.04544372516520338 -0.06057284601166683 0.04092470253376884 -0.0582698443029562 -0.03944285707680789 0.03199868849639897
 0.09586305239250878 0.02542938083119672 0.06951945444386906 0.05332255990724888 -0.03620670152128473 0.07811536488859247 0.08915922995836784 0.07228091527574335 0.0607738258029869 0.05525913631325238 -0.08317235033187564 0.02418962733026117
 -0.009027138818254107 -0.04303131901075183 0.004548002120960293 -0.04386381784031738 -0.04895115838493304 -0.04168019975162144 0.04420465578517971 0.02792226038997556 -0.07255442368957829 -0.06257313921463203 -0.08043671376305454 -0.09296740648450071
 0.06991835601816784 -0.02413861894010447 0.07968642786336816 0.03650165549103279 -0.01717975271328477 0.08567354646965203 0.09741659715892456 0.08594925343378884 0.01002303660344579 0.02567797459636609 -0.01999346624425874 0.06243954287793912
 0.01149642797071908 -0.08181053517392435 0.03839092527288654 0.01589934350827645 -0.0838121060289517 0.004335905243891422 -0.05863820047880887 0.09608050963313866 -0.06132249195358846 -0.04363250673138389 0.05491084826343326 0.03661646822148065
 0.04655661680346454 -0.06626762388694449 0.06570937410273592 -0.04102241780374741 -0.004226494335422451 0.08504555203485073 -0.003378284671326448 -0.03669474613172601 0.06286714281254643 -0.0004494844471076287 0.08556214811599286 0.01216025270323159
 0.06175558506767212 -0.01413687366133422 -0.08616594166725312 -0.06731126289753211 -0.09193009321504587 -0.05219291241736001 -0.06999522780402997 0.04452517931663183 -0.04070509053505117 -0.06514131070004556 -0.06321432136783395 -0.0607485008862359
 -0.04692209004794735 -0.07370562129819437 -0.0316474644319981 0.02553072664273456 0.08339062534599095 0.02613032025244216 0.05988798378069141 -0.08693965634306224 -0.02657851990462827 0.003189926755466338 -0.001375828480246227 0.08424936899094018
 0.04878793969627376 -0.02229802788796421 -0.08910887763146906 -0.09835924501940276 0.07131923387162281 0.02085541966338514 0.0576963590764909 0.03156504881578936 0.05369494407732503 -0.03724124943013944 -0.04284148917960612 -0.04070933244724956
 0.07645783579495799 -0.09129634451285207 0.07323109332872976 0.06116373830670882 -0.003024926634733735 0.09307394425506729 0.02325389105174236 0.02102057024226116 -0.06508390700922778 0.09294847472592582 0.0100083573707052 0.03381316815479876
 -0.08105075348445406 -0.05899904573101977 -0.01611682090386425 -0.08833879527862232 -0.03103272722254008 -0.09242013110363356 -0.02518396377801774 0.09851898737081594 0.06511587791564283 -0.0007292988701047415 -0.002978478426069936 -0.05793444573059573
 -0.08832257444419953 -0.01102025307793827 0.04403303296804706 -0.09415326949394903 0.01294685357338884 0.01892770316289021 0.01488750587387944 0.04850304090333835 -0.05421836851473158 0.04388499805643833 0.03530987048001338 0.03451406256182055
 -0.02111186001227081 -0.0309683341927688 -0.08089515426146332 0.03750714762783117 0.02269479031336044 -0.01319215489909421 -0.05667264869903955 -0.03780965787498131 0.04043374772509767 0.06529294648063297 0.0401758446540737 0.04098309549590709
 0.01170243971425937 0.03887297094546077 0.08801656255835427 -0.04589020825390221 0.01125010171411014 -0.08444008134979661 -0.06040243221665914 -0.09301723589758644 -0.01244333865824597 0.08278762454940905 0.0474454843257269 0.08193309061748566
 -0.08947588995818168 0.09711245319157813 0.05508330036851039 -0.003297858096134393 0.09465452824330678 0.01335642273593396 -0.01744309406042391 0.08426425150307504 0.08506097742001137 -0.0526154731175417 0.02060081768259311 -0.01103614575198505
 0.03096795730867014 -0.0660976887137953 -0.004073008575726803 0.01676759839173636 -0.05112275450163683 -0.04354663921415983 -0.08248474509197806 0.00307442467390584 -0.08699853116142986 0.05009931492749115 0.06423302886355881 0.04350132974244331
 0.04748024579148508 0.007966963846148409 0.09240418184705232 -0.007810335220039696 0.08508160876671925 0.007575524460625732 0.01904071134304677 0.09328932447716234 0.07456459188578241 -0.0187891406623668 0.03356963013999822 0.09942572402904157
 -0.0520561756094602 -0.05951612879755165 0.001498237273439187 0.08328563389772467 -0.01942109826514561 -0.09762602255768002 0.04063304290192754 0.003559226704693302 -0.01239573370588384 -0.0005246224087155499 0.09528386428921429 -0.08828468751687595
 0.08233197730344829 0.07640759786558679 0.04871619879870889 -0.08790790912569618 -0.09613720793204761 -0.02263468275119219 0.004523946293748304 -0.07662775467653264 0.0804126184654867 0.01557156135695981 0.07182745980451397 0.083176616346677
 0.03757167285438442 -0.02473235671993809 -0.07156359880624774 0.09308790874218503 -0.009471175758453895 -0.03622337286718967 0.09189612680302794 0.06633607044299891 -0.0668347641892709 -0.09495367977850699 -0.07757951715934908 0.0102832454061131
 -0.03109659438791239 -0.02535867319210192 0.05284859853004067 -0.01078575867028621 0.09581268161152598 0.06139950383063172 0.01621365003704209 -0.004267388287659879 -0.06126743186404441 -0.01531379921189871 -0.00877951742129747 -0.06353986972159326
 -0.0647632228495984 0.07163708470769484 -0.05789025485243696 0.0661132377817388 -0.02001465610831996 -0.06049897992720411 0.0008081787418723757 0.07508071442485556 -0.08351093939993737 -0.02458586982234787 -0.04596104206507913 0.09452083665268038
 -0.03156756119184261 0.01695139059056147 -0.04124816974856146 -0.07084741892609245 0.02821197731386632 0.0346420316189095 -0.02723376552086544 0.08200378220341817 0.07127205664419886 0.09186550670743573 0.02704987357812599 -0.03945110794055606
 0.02848613086232987 0.005029553620912466 -0.04719646611561298 -0.0636946617437531 -0.07061871699270361 -0.09675685447274104 0.07353363698150897 -0.08092890554641857 -0.0121920370887805 0.04324805558873399 -0.0581936087466621 0.01984885521481417
 0.08561228874539625 0.03947026112329172 -0.01562183744828177 0.0857549399872955 -0.07203433442563775 -0.02144498721219443 0.01861500810990002 -0.08230450350465503 -0.01900442262002743 0.09609110648595634 0.07170706596351567 -0.03473634915073757
 0.083204992453421 -0.0002465215977841273 -0.02228499196366812 0.07344020368939747 -0.06867385537235457 -0.04260750868323952 0.01094043393305202 0.02217200294980518 -0.08939399200069988 0.05835244391016592 -0.09099566585371437 0.02303770948388
 -0.04350634903682972 -0.04371862612585439 0.08472722284346665 0.04242118713373114 -0.04163718926879378 0.02254914613898169 -0.03592533432400806 -0.09402081181232218 0.09568273644565672 -0.06060855254228913 -0.04819597152701175 0.005271575116571239
 0.0690123005008029 0.06075343718765594 0.03568505814879619 -0.08529742461634324 0.09401005304473353 0.08313282144999831 -0.09701462187444572 -0.09188205036062946 0.0280234719131997 0.08025507675195195 -0.08025726337950598 0.009643879380499598
 -0.04516764254737583 -0.0526472531345893 0.08092895252791873 0.02994709276384244 -0.06694938820574771 -0.07883000317191777 -0.02289781472965063 0.0881316560528459 -0.09909041315993447 0.07253201754805463 0.003396583246315171 -0.03415436593370619
 0.01721084199940341 0.07657169917875808 0.04235461633705556 -0.006456317501643674 -0.06572618971308847 0.04554476605060903 0.02185081414241175 0.05888261166277342 -0.0638726736891734 -0.004938090108278087 -0.08956415214315305 0.09040433368924405
 0.02726261240157074 -0.05642516362910485 -0.01381077237946007 0.06619984466795564 0.09374878976439582 -0.0805481495964829 -0.06818005227626248 0.0362347870066009 0.007677669126992012 0.07089116528792208 0.01415894814895036 0.06121232850331196
 -0.07632796195965756 0.05714474250162102 0.06550375045795739 0.05977945345204611 0.03260263481477005 -0.06668928309110286 0.08267198298085229 -0.07594354702451639 -0.01971741866060085 -0.01932238032983916 0.0164402567473773 0.0984956189540048
 -0.09798866455170897 -0.0782972504639347 -0.08416549418361716 0.0697190534122023 -0.02697340019604028 0.07069242547705967 0.05787181806423999 0.007104611900788371 0.01314665598398268 0.04060644442070205 -0.05222415972254743 0.02040635407207428
 0.03033366275043836 6.563083726900121e-05 0.04994859884410879 0.07515188462896813 0.009216479624624491 -0.05960645734681 -0.09328997145142721 0.05294515681752682 0.01537769174235695 0.08615585932933262 -0.07442545733148555 -0.004590085565475105
 0.0433847786989662 -0.007104024724120583 -0.03609191620775813 0.04467366929345373 -0.09186953033342435 -0.09003257034492453 -0.01519179843871837 -0.09315968346339905 0.05503533828932769 -0.002548695709725518 -0.03571423320309132 0.02778686908495404
 -0.06575406413239995 0.04284888343032639 -0.06958852122033929 0.0186521828293548 0.004875407353485656 0.004394342623476558 0.03359974594025963 -0.02718082953375249 0.05787650661643626 -0.06449557952295162 -0.09475263057952836 0.04462062978308642
 -0.09301251532532424 -0.0687490052251635 0.02163495465580653 0.08718843121232664 -0.02834331866997918 0.03868099891270882 -0.06701967498100087 -0.02309044103588297 0.09316157817356838 0.008599834295782968 0.09799672082077948 -0.06475967942153915
 -0.05355687405060607 -0.05092006291647901 -0.00649572369303017 0.02716178755093637 0.09017308963143106 0.01638531419530702 0.09893630851733703 0.0634148079951776 -0.08366802583818797 -0.03151379377586511 -0.07169371078807012 -0.01927496486405336
 -0.08076200924829195 0.04119542267352302 0.07967975120646806 0.04629780920238885 0.08414440473203907 0.01187811337135831 -0.04693899573921789 -0.05409248865396415 0.02457594281823657 -0.0671328619885545 0.02022853511975334 0.03041476561633905
 -0.0715932741264847 -0.01213615512218111 -0.06095565875562083 -0.09701196645790608 -0.09703031733968134 -0.09703790813873915 0.09436695955300531 -0.03066655472140682 -0.008961314680069096 0.08542431132102235 -0.04403425497982491 0.05550409838252776


