# Created by Octave 4.2.1, Mon Oct 09 10:14:31 2017 BRT <root@mosqueiro>
# name: w1
# type: matrix
# rows: 200
# columns: 12
 0.004866280061788644 0.08193335862167792 -0.0469945384063054 -0.01003640649242982 0.01781416352012374 0.03495712875689302 0.05574706128103202 0.0233145856523492 -0.09424349205709016 -0.09937334839418803 -0.02657577606568834 -0.07113055907713262
 0.001122584399178367 0.02496667905155037 -0.07271736069730696 0.03880532016755953 -0.0446690134479551 -0.005018219780932739 0.07375328340735585 0.04593043816363868 0.03739709995885437 0.0523105648419902 -0.08778646742146112 0.08455762192855154
 -0.07001023511277593 0.08877023185337041 0.02287023741873868 0.006626362738387043 -0.08415966021814389 -0.07394919018920802 0.03461704351393319 -0.08899035071916489 0.08559588325176326 -0.0183843284902646 0.08924964261433765 0.05305033641989565
 0.007488845810533468 0.006711924817620576 -0.08419532375510587 -0.06196976239295637 0.03054525929190538 -0.005837375333716296 -0.03697947062458566 0.02615258069024212 0.05886428760308168 0.02372770000454014 -0.08737821140987501 0.03782927651815737
 -0.009849205671552286 0.02449763075668043 -0.04874287171108704 -0.05441981680324603 -0.03330309301854649 0.07665830912895621 0.09663247327664098 0.0358804849940802 -0.02727464867023008 0.0866199673839371 0.009106152307392951 0.08803263974768433
 -0.0698508740803805 -0.006904588536878087 0.02270502599723816 -0.09882392636553421 0.08455175977992443 -0.03745514040563699 -0.07890315825671394 -0.08180715578239692 -0.0682155037859429 0.06575174454216212 0.08332217462002933 -0.07318247038672282
 0.006348479437228688 -0.02394310889685937 0.0569514845991714 -0.09862251717735659 -0.03194519941105706 0.05561486556232961 0.02897863328325395 0.01108555717542858 -0.04932340292322465 -0.08790264429193019 0.03705790903494521 -0.04519046399002907
 0.08950530702964629 0.03813759191037405 0.06281088120799969 0.03345816607512686 0.001046398503821114 -0.06903884802299744 0.01711815522679778 0.07113160098116841 0.007345023969476117 -0.04729331840136188 0.06395089877013124 -0.0182127230916668
 0.05774042020886119 -0.09957399795811929 -0.06690114288721935 -0.0771537907454527 -0.09753474316114726 0.07518189409417034 0.06657798014647812 -0.06019990699541381 0.08543850321360005 0.03957541514109686 0.07861047309337482 -0.08511880602025362
 0.03223772121115701 0.05157103853175332 0.02587335715082323 -0.009863815098431136 -0.09151224731185367 0.04533888643225165 0.09206461039916911 -0.03514978713135847 0.0201542032021301 0.07776848843235776 0.06720297895575872 0.007315176583084157
 -0.08238230882113617 0.03025800109735038 -0.04887130354296586 0.08376552289250594 0.04399169668249647 -0.04184521566687752 -0.05831524530821683 0.02853369501715819 -0.08700674428537214 -0.02010774723174626 0.08106392768970294 -0.07192481169459439
 0.08085986915586824 0.06784040200430097 -0.04419123237698147 0.005963141172589156 0.05705937374166989 0.01356661048309844 0.01359458577773828 -0.05949812081331064 0.09275516422963606 0.04505371849425971 -0.08483420342264236 -0.01135219417130601
 -0.04614616172777272 0.08943535464093125 -0.09537050471064701 0.01498863141630639 -0.04686596522431913 0.08740747354917974 0.04196134509907259 0.0177374564119395 0.06059603373583852 -0.06405307325189577 0.04963520932560764 0.07420194902818
 -0.0249447439898466 0.06339275390584259 -0.0075033310531957 0.04816785267354448 -0.06888794640766177 -0.04723396288800782 -0.07167087650443531 -0.07981549032855906 -0.04703059717740354 0.08880813400295384 0.02601695896191686 -0.03376780269670908
 -0.04969957934066439 -0.0110228178814594 0.03733359946343764 -0.09222148668632647 -0.04667521661832816 0.08348510470295553 0.02619297745252602 -0.08175325301456486 -0.09283207273245561 -0.04655262140858175 0.008643780569708118 -0.02675981268836257
 -0.04954156008913252 -0.005477787354725691 0.05340301548770451 0.02575214489973512 -0.007346845762018217 -0.07033732934848902 0.09423407790136104 0.01709998701183317 0.04479855231434654 0.03967769859505416 0.09334600146269312 0.04381851499583195
 -0.07410454262505199 0.09731402778027703 -0.03286341248623913 -0.05795789071446761 -0.09507310978297849 -0.05739990989654226 0.08816151200695072 -0.068331529944226 -0.04056628776893209 0.02439904948931385 -0.0190042868428132 -0.01434175567980017
 0.07338238900432209 0.006738965828365501 0.0630080460689621 0.06378021233971745 0.04520650196390918 -0.04548891356385062 0.01913593334152072 -0.09092238561726415 0.01632177280700353 -0.07780814941813767 0.03062677475006015 -0.07498972079266288
 0.07535819596531168 -0.06369626526240954 -0.02197420243058444 0.06095544348779489 0.004545210357884868 -0.000300183106881971 0.08449972288185179 -0.003645257747501546 -0.01586308518125074 0.02175610666974774 -0.06423419156657068 0.03765706280773423
 0.08671219674375558 0.00846888707627827 -0.04498130325373288 0.08746259301017326 -0.008561286473637866 0.01660203092053705 -0.01548903439064177 0.006114702130652488 0.04750134192183861 0.07621136574560469 0.01697290458562599 0.03669419333481375
 -0.0476213485427175 0.04561151283436354 -0.08353739486270344 0.07210530356449399 -0.005538222040060617 0.06810312385593836 -0.01440550092219936 0.00659836173617738 0.05827389755277645 -0.02382195796966489 0.04672451636109559 0.08061041748667425
 0.07653210066110183 -0.04377086496658564 -0.01408060274283637 0.03575084387518296 -0.006926228618807123 0.004712207919530781 0.05047644858285305 -0.01645486015142004 -0.03896300973812915 0.04459546161763531 -0.09604485674853191 0.03677432657397794
 0.07903102669603698 -0.007710111013238721 0.01298901470642902 0.04046496728937857 0.07345799199783939 -0.04665643141655956 0.05629254873020395 -0.0192875891996893 -0.07418129218004793 -0.04196908817721959 -0.05525485945688048 0.007715277922034885
 -0.01665155362190139 0.004284363306080355 -0.07056898258605043 -0.008999114645132172 -0.06203157009364694 -0.08967916309592444 -0.01337822293906142 0.08372005447478009 -0.01740789236705477 0.004902711028425169 -0.04210241312226094 0.05126710134367615
 -0.01870639919933413 0.01939087041440057 0.08888456218957486 -0.0670771563601649 0.01153847044279868 -0.04515368590020416 -0.0591750328967755 -0.0812590905327982 0.003938542450814111 -0.05478883076443656 -0.06175890870308786 0.06667067888853093
 -0.0273383064365445 -0.05468558502519411 0.02019469696421503 -0.09905922506563999 -0.0185388182474045 -0.02737704439123979 -0.01800388643289666 -0.08960357445144837 -0.04552424133513168 -0.049176369034488 -0.04786565756801714 -0.03531281380520218
 -0.0347178386087497 0.0206064396749855 -0.07061652810013735 -0.04883762706721263 0.06196537125350618 -0.0335079896314287 0.02553838304964007 -0.03741870364171015 0.09375420451695121 -0.04196144915144656 -0.08242414518768698 0.0839371472741734
 -0.0660328490579021 0.02712162731858461 -0.07027059675358351 -0.005109507742611402 0.003068284753204711 0.04471797196120003 0.0699277902315851 0.0656011946919228 -0.02168007256677953 0.07333763217400835 -0.05735084637461493 -0.05343545375917395
 0.0244295927884282 0.03760377164800516 0.09171559033553031 -0.00213655064339581 -0.087556505003533 -0.04506337525959142 0.08211092966699271 -0.04618942798225908 -0.06224675755395676 -0.0876061903988028 -0.08195697900918809 -0.05538559469223529
 -0.0154176137535669 -0.008011588817013193 0.06644220594427816 -0.08776966386712694 -0.07848740628041 0.07778117008339561 -0.003319242937215097 -0.002132021394428057 0.05481378231815631 -0.09964744378524286 0.06890284667789515 0.0279102467587467
 0.06944648941983866 -0.042768102634731 0.04098817405958052 -0.07017215076910426 -0.09807660151165988 0.07338299013043667 0.08690396548076387 0.01712425395712384 0.04765393867580264 0.03306349682521476 -0.09125382974550571 0.05150583159230102
 -0.01038650442812686 -0.07351529569285753 0.06318292939332421 0.007567655282485181 0.08108137337972063 -0.05483070659196489 0.02964763427071032 0.008283760498206116 -0.04507445880486355 -0.02226118993242089 0.002703904501273696 -0.05394102782792797
 0.09203527607922699 0.01424753441858181 -0.05195230261398673 -0.04066563046695883 0.03936305615801597 -0.06095263809287607 -0.03401702264204888 0.01714626292173589 -0.06172476434821105 -0.02646558197151488 -0.04219761098894445 -0.04941814064143747
 -0.02966945451364854 0.01936077443453962 -0.02650276847920591 0.02152597667983683 -0.04747625394568344 -0.0734435407553518 0.07015817379350037 0.08772556934537273 0.09258282838588536 0.04997635797882741 0.08597296036434138 -0.02645286959931242
 0.02886272007959559 -0.04243694546494589 -0.05156991193660813 -0.09194646758333529 0.02744346495243349 -0.08235381601780906 0.04823646782897045 0.0894631111860715 -0.07664061573831749 0.04513902248652138 0.05916797644067706 0.03947717647451746
 0.01745508369418555 0.0006531533806410084 -0.09377097825337245 -0.006409710819696018 -0.04235692131568944 -0.0762696981595249 -0.03702629908359921 -0.07684004385859926 -0.001792530262060971 -0.02402655929293994 -0.04917246690036675 -0.08539364832837532
 -0.04112740634442934 0.03057093157128332 -0.09460878266737932 0.06319929824095391 -0.0609467304263594 -0.05909260097297878 -0.04607427568686939 -0.01322652644156258 0.04889796393696252 -0.04300091188683614 -0.09066452721863213 -0.08354672378494943
 0.0772781533575839 -0.08320978834634278 0.09996254892411716 0.05742305155455005 0.02947400039446726 0.07018788451609087 0.04115577152870725 -0.03136352147224687 -0.00674581925519592 -0.09737164405175015 -0.03670925610489582 0.0004004467567999825
 -0.03688175154469692 -0.03974898273775512 -0.09738251404410027 -0.06827096413187986 -0.04934345620880009 -0.07084873065447056 -0.07690131807084526 0.05842771915017536 0.01371679744825824 0.07096550114349071 0.09827724920988087 -0.06675219159480252
 -0.05430049774972084 -0.06429675212655736 -0.03173833751252501 -0.009479726002109126 0.0228660673775178 0.05730523532979598 0.06301171668329916 -0.09389082204724443 -0.07439803434569829 0.04503160685614319 0.05711423808666946 -0.03894650998392656
 0.06228279775435644 0.02521697871407697 0.06438855726053822 -0.06108493917647661 -0.04534062262776303 -0.04571214370407445 0.05414008856298366 -0.06325629876941918 -0.09182635547227207 -0.01210235090694864 0.006434173962964335 -0.06574232950248809
 0.0814160175647809 0.08079021225639224 -0.04430751542800226 0.004440163776610578 0.06825302028827476 -0.08352683008811683 -0.0758034597096412 -0.06780823454494683 -0.05364104951894441 0.07952838392881487 -0.06658377717320274 0.05231338639784497
 0.09629930288060193 -0.01499062081943701 -0.01124799057269442 -0.05749652305595437 -0.08539319551736996 0.0373058144396195 0.006995580842088997 0.01636943944140108 -0.0946254398223645 0.04632856770682961 -0.0256889018953462 0.04586063242567281
 0.03931093700476448 0.03719964607982737 0.04683127942302914 -0.08779424600106087 -0.0761172409379044 0.02904696528895645 -0.01799326976267498 0.0350159678277373 0.07555810962868939 -0.08597451096619418 -0.04655316820446906 -0.02017233097429917
 -0.02273125018402068 -0.02344351274032865 0.02921846861089444 -0.09199109099678557 0.003532125739480363 -0.05211795140350851 0.009493838756457346 0.07171161226514147 0.004395959864623086 0.002155378075474862 -0.06632752592212733 0.09622625056485787
 0.009660800746159742 0.04663986595616265 0.08730680710702632 -0.08348508108489588 -0.0171113142788609 0.01479744710633435 -0.02210068408491127 -0.07138868870505492 0.08899014552512213 -0.01932520242359205 -0.09953971677741866 0.09577347425324612
 -0.01376289560791187 0.09552666048401931 0.05692512014096304 -0.01264912876754823 0.09569358674385892 0.02507077187718965 0.01298569554734319 -0.02185632572760479 -0.08743856378572305 -0.006402207241250873 -0.05621482259314867 -0.08169804724126145
 0.05882471238210527 0.0920521044862945 0.001216728655197757 -0.09014001713973301 -0.003780348230833494 0.04507814180616757 -0.0885692513365017 -0.03673415873581659 -0.02666471636998159 0.08893442881973906 -0.009659252916711603 0.06864735010528972
 0.04720246242199047 0.09384069201179412 0.0864836925407437 -0.05693298329698426 0.08968097401667585 0.08163091482819815 0.08050344189352485 -0.09506943774236733 -0.09813142671020936 -0.01923425327749914 0.02332678112649333 -0.04633060226332619
 0.009007529461387498 -0.02239262141108425 0.02338399016681034 -0.0001231197870976836 0.02136637221292184 0.0126103024345022 0.02028078477377848 -0.07198716829842686 -0.04869805593865492 -0.03233240170954407 -0.08616207162638294 0.0365859864969135
 0.0779836938641307 -0.09979113680514944 -0.08719009608445154 -0.02684280750526762 0.03397933186247462 0.0005978225724168895 0.02250054341155854 -0.003708774269690435 -0.01040718423166068 -0.07361633503791791 -0.08328405794188522 -0.01786316858932649
 0.08642607262684951 0.06137670621763355 -0.08043616746236754 -0.008389921402788367 -0.06130701198131582 0.07882606923744115 -0.02118484201370428 -0.09034775205273406 -0.02878669534697151 0.097570344850508 0.01495927692042136 -0.07855306936533935
 0.03816909253792442 0.07717464480541969 0.0321804510323262 0.09486551998360357 0.0535258103493709 0.07791025875539909 -0.09181307300349355 -0.06938635401783008 0.07194755737079844 0.06478856723965409 0.06435396258346135 0.0002901489029282917
 0.01594241374858789 0.0318186029590182 -0.07458794500587089 -0.03945028992963399 0.04038300619933277 -0.03951118485946878 0.0001977279405852295 0.05513986498778842 0.0006541758750326226 -0.03048875433905755 -0.008730944499068097 -0.01419813203214458
 0.07625317053557518 0.07130417529873223 -0.09016452537882688 0.01914340802093251 0.07326199762065863 0.07251312105212249 0.03553628347320911 -0.05609988615227423 0.06282467427855815 -0.0373850274359127 -0.09674489919439608 -0.007566715888041975
 0.0003437181600349087 0.05468365812895509 -0.05239044822688596 0.03127473759498173 0.07133089522446942 0.08966784662566357 -0.06326346395446217 -0.02948165280905887 -0.04335199849564472 0.063654345307918 0.0897890154786849 0.05925739920722178
 0.05851955201035006 0.09603109937476817 -0.07589269374974995 0.08088983771696842 0.02161658780908422 0.03427935392353948 -0.008367815282113528 0.04913412666287911 -0.05335565513441078 -0.0425931148657081 -0.09948678277266118 -0.01666684947633254
 0.001337690202563954 0.03006268862646813 0.07341794419318459 -0.09469513902050535 0.01828625831782593 0.007029070978345445 -0.0460069736504663 -0.05658493076167009 0.08378163364574973 -0.01174377257747231 0.0180502514971902 0.01322584094156218
 -0.01264751629698525 -0.02657474027418803 -0.06615249278149843 0.05008460277535515 -0.05951495382239397 -0.003323284917281816 0.08596123975102013 -0.01803645456764837 -0.01760486164927397 0.01033824032531963 0.07990267903197643 0.06485965241450886
 0.0277902054172908 0.08691657533223049 -0.006081823444420792 0.07760529841343553 0.05281861089496082 -0.02001595225814291 -0.03146330834980836 0.06573033875028647 0.0557070201453729 -0.04028769425290292 0.00251484850628951 0.05794954343599801
 -0.01953738389182579 0.06892458189360923 0.07526300714280618 -0.05976718147166703 -0.05123547516647917 -0.0413296307360321 0.01382657096322955 0.05956705816975535 -0.01992151971285293 -0.04136489160397214 -0.03267973409284958 0.05730258518260142
 -0.08715807985384427 0.06422955134209313 0.05807722170751722 -0.04656689012658856 -0.04226158525544541 -0.04400343064475411 0.05363103628702992 0.02628097261191448 -0.0982661347287065 -0.01113481112569775 -0.06337449333878389 -0.0638857237984868
 0.02901308529886854 0.08852489840429029 -0.07566231753399981 -0.09638671655409878 -0.05601538002636225 -0.01257997794378948 0.09362470419174151 -0.03438031866536904 -0.03457194208126556 0.05864640676313332 -0.07848186055322268 -0.02714310247165035
 0.05180730392921437 0.03277596791852858 0.0115160363597077 0.01748084987716803 0.0206296797938605 -0.05774890198610806 -0.03171406733434518 0.0947157771180657 0.09164301557220797 0.07581648468898236 -0.009290322751142305 0.02757009185546064
 -0.07351086504277277 -0.07235922431284544 0.09264240816241973 -0.06324384634746152 0.0990925065194134 -0.07494236763810744 -0.08649380167878122 -0.006342012296424046 0.03964340774410829 -0.09107764129531892 -0.01615403389053177 0.00350964053703437
 0.06181397312528147 -0.01029342833385197 0.08002853040482888 0.05652573188076757 0.09022340035787715 0.06279606995598547 -0.0602306345601929 0.0004031905052518658 0.03949065724059847 0.06303377748736302 -0.070577394742861 0.04089735056817081
 0.01840882830872433 0.001980079919965433 0.008138931349774142 0.02261841915660519 -0.02729180843450468 0.03661187591164744 -0.07680485956106888 -0.07202561316124409 -0.02602384119995299 -0.09914882917995972 -0.07017194427461283 0.05870703023768475
 -0.09996179754810053 0.03086037202686601 -0.03515834767542333 -0.06520470685272839 0.03768318641213736 -0.05480637404774615 -0.07526681061537727 -0.02380525639325456 0.05557935141799514 -0.09889153024125298 0.09278378915291782 0.08329167129910239
 0.006453911007088031 -0.03768746843671805 -0.03732484754484634 -0.09734349710230052 -0.04796452818673286 0.021566300449588 -0.08262750468322674 -0.093533183444816 0.08446458859524864 -0.01984487413833057 0.07710658816886568 -0.06593067868170378
 0.01992259382271995 0.093089139871533 -0.004155072434877088 0.068067604093179 0.02685392659947111 -0.04159985436332073 -0.06199505182217166 -0.05552364107573483 0.04287614131092141 -0.0959595657427845 -0.07522552005117715 0.02628313720995226
 -0.0438368556660618 0.07694626552158193 0.05770171665914497 -0.03394866422851123 -0.04243735632910248 0.03544733401028438 0.07065492208969187 0.0839050559841735 0.08016825018518378 0.08979901278202468 -0.09885797711186914 0.08108955918337943
 0.066509080928845 -0.07987000339556709 0.01839672762746562 0.01195715613396113 -0.05381784725621911 0.03092914731468749 0.04451916527584715 -0.004007272344861063 -0.06282148281007971 -0.07654336180579306 -0.05119855109723027 0.0536299303670747
 -0.06702535341089072 0.02575211242614533 0.005742093763583228 -0.04993985712539796 0.05496496366881906 -0.06358950770536077 0.04763146779542476 0.009683196372149649 0.06483205111688414 0.07914391894584305 -0.06107448814897109 0.09495646252756615
 0.09600495396183711 -0.06906725584090365 0.02281125898508429 -0.03537170899377222 -0.01606626523311658 -0.01631360519811723 0.04302665424500463 -0.0156691087841023 0.09675024818698602 -0.01704612155696014 0.05951950343945553 0.01436412659320838
 -0.04259755664138631 -0.01087948312464918 -0.08719277087304816 0.08174262696473963 0.08222171758100316 -0.0528255277130637 0.01411169591239456 -0.06485512695989942 -0.01515799046174934 -0.02605052022022449 -0.03555113705587726 0.09633908249705073
 -0.01289958181260725 -0.01793545123669836 -0.01680282010668227 -0.09925499757997455 -0.08794309547533583 0.06422293301245691 0.03094153598591004 0.081703288853124 -0.0369299017054536 -0.04744428447396273 0.02432613563070514 0.09928450019376886
 0.001928551637845666 -0.09937104635081619 0.05590038058045307 0.0647185472187996 -0.02857083184355523 -0.02954211123200938 0.06692512641579138 -0.09843798665714783 0.000775017672834527 -0.06582895909369593 -0.05279603469439462 -0.06366506428822183
 0.03816356975307766 -0.09864689368593811 0.04463853209140523 0.05947352909901327 -0.08003517119588167 0.06113167258103369 0.03582241594997154 0.07355341062283832 0.0149025791306117 0.0139201201399733 0.0352586227830832 0.01572824271156881
 -0.06874599385411845 -0.0422148056795458 0.02433103966294863 0.03216081889232109 -0.09724142433364877 -0.08915004092275518 0.02455121930410187 -0.042398520614713 -0.09581039477917756 -0.07261872826195953 0.08953966995206214 0.05500755212934388
 0.04746070793607335 -0.02823425235987541 0.08715522122950189 0.04794870553504593 -0.09005143550631994 -0.06168684885477275 -0.06752034794694078 -0.04441709278084055 0.02518502992792346 0.09197474258971544 0.06482618939452309 -0.05955693118700622
 0.08686046712779344 -0.06033072508504559 -0.07309532718680053 0.04211104160183946 -0.06054528916148484 0.02200854494890811 0.08285169084415722 0.07311954374884905 -0.04204325920554289 0.01762700134318403 -0.05516003832181319 0.002942879628299727
 0.02270076202186551 0.08062528745455455 0.02897023744330182 0.03971141975172593 -0.07653001407007791 -0.01921601027433567 0.01477099395635148 -0.06581053566627995 0.01638523826824109 0.05996873273721337 -0.01233441395863978 -0.07170066528132073
 0.05312244405926392 0.04236419976916422 0.03351356307728343 0.02080539350966062 -0.0003004395217815758 0.004031163280978453 -0.04825201830412104 0.03711102974579511 0.09369903178171654 0.06007316921868294 -0.004356257855375953 -0.01604616296990974
 -0.06315716610655792 -0.06514252290586203 0.09338516777717606 -0.05317526429050238 0.099216457367754 0.02513840875081358 -0.05867824525809672 0.00563935612488202 0.007721301273481765 -0.03782339702738192 -0.06781697643980823 -0.06087970470627359
 0.05187944720839838 0.0635373172948987 0.07862662864032963 -0.06857301978600751 -0.0480058180193475 -0.04046850169493996 -0.06674787864488921 0.08645606532608641 -0.08526593519822878 0.07146652692183797 -0.0540353785960198 -0.03264434282123013
 -0.02325040600826919 -0.08821606358096783 -0.008099253910605592 -0.01382861007367532 -0.09355716122055353 0.08788124032081301 0.02391174395317341 0.08452677931986854 0.04064413968374342 0.006251946021462285 -0.031708519244818 0.07968853473602036
 -0.0182968365861694 0.02584597003477315 0.01041271535720209 0.08172505134968919 -0.04745684722190601 -0.06259355609901587 -0.0163391929725116 -0.06777048266868457 -0.0005398589809577359 -0.09499630512939684 -0.0990165174155595 0.05277607327988235
 -0.08437236254723521 -0.0501926150053096 0.06569010696519681 -0.0549220488150696 0.07096808104671279 0.06506516498196546 -0.0501540828767655 -0.07854926039233039 0.05084029945795437 -0.02581711427024837 0.06014194745094883 -0.04932755188428996
 0.09820349928737629 -0.04693789705480635 -0.05688173024040696 -0.004527074237732936 0.04426528756365553 -0.09027537862446916 -0.07097049650157866 0.03614384039978658 -0.09508422261221347 0.03871058590131468 -0.04600186499888786 -0.003636201141598891
 0.06438943866627747 0.07699570688242435 0.07669738315446348 -0.03371363091156908 0.09823913796493727 -0.02451534862626129 0.02091323098590378 0.05497857683710225 -0.00481889622505452 0.06503497544886189 -0.07645103954225702 0.01212780585868767
 0.03983690223499406 -0.08430964501244007 -0.08121684679601752 0.006627354874320895 -0.09217408526471586 -0.00477059786006126 -0.07449955336567708 0.03343530221488716 -0.090186115705263 0.03424498733159895 -0.03989368027340853 -0.02958687463241735
 0.07767577038607185 -0.04367053586671463 -0.02911585984812749 -0.09766533556160703 0.03992635648913945 0.001467516582857931 -0.05161446182295228 0.01829211308528585 0.0996758199494934 -0.01600990369237955 -0.00280856914525017 -0.08487023498832202
 -0.03806971139426819 0.08620169816639575 0.007027482304246477 0.04073090941396051 -0.02022804391467661 0.07520564812700259 0.07978691443176608 -0.06326631677488717 -0.09794844359644712 0.03705996783793436 -0.01853092453485052 0.03214779714583704
 -0.07283905497094338 -0.05477859551005405 -0.01276552251775699 -0.05795390143533757 0.07414146396686258 0.031915610719353 -0.03199639169375784 0.06748335151349857 0.08604666366743655 -0.0860114358535337 0.09605944486956883 -0.02433565480950334
 -0.02700299715619076 0.04891463454026659 0.03803539358842484 0.002041984992378926 -0.05378585531702652 -0.01441965684095957 0.09713515911786599 -0.04297724445715338 0.0456311722951756 0.08264820781878632 0.04973521236456663 -0.02714097315492675
 -0.003915621598806526 -0.01991856230388442 0.009678576554204718 0.01446479623210403 -0.05733892053064275 0.01945689231714139 0.007279068884141843 0.09130567894000949 0.01858401358353583 -0.01074370542257021 0.04465374890403792 -0.03196118066799471
 -0.0826310657484756 -0.03395111103833261 0.08832446677181258 -0.08839625594743476 -0.08014807527897827 -0.09283253185782374 0.07015281958565753 -0.0574236761161807 0.09111395989219948 -0.09954637047613921 0.02080674425708626 -0.04737237276345489
 0.06746763672026954 -0.0175813186125303 0.0387737453731915 0.03080684085072163 0.0118248102790455 0.06334672445842032 -0.01277203463125093 -0.02966002668130036 0.07173627750456416 -0.05136445886622886 0.01585324216692022 0.05040541001762297
 0.09947163493512923 0.06443086850984367 0.0618159887387674 0.03471294598141772 0.03288160494171885 -0.007718710475631968 -0.01834513014561376 0.004121042950942871 0.06179112339857182 0.02246690422243838 -0.0882845302711192 -0.004992676497195023
 -0.05832440823904314 -0.03711189515349238 0.01246045823020474 0.07770740177811727 0.07742715422702739 -0.07993690346049843 0.05943210857888212 0.03443316163736293 -0.07289691493551821 -0.009011548519874971 0.02952814424008621 0.03352142840632649
 -0.05016388933049064 0.08780500760943197 0.001001696180577744 -0.03431051026232898 0.09256211611396112 0.0417131667072056 -0.09468980966612625 -0.06618252615788439 -0.006539402827240429 0.02034413817154457 0.0742610048835502 0.06588995503263462
 0.002904713046415347 0.06671735693568528 0.03361232170397732 -0.04543923477582156 -0.01392738271940096 -0.02864641035220365 0.08031847290219224 0.0005376380496606992 0.09202331651726281 0.01791713692990889 0.08757800042840583 -0.07937421517339327
 -0.09931472808992645 -0.08789152177728729 0.05683712661144266 -0.02455930146761685 0.01162148637129568 0.05361541787667493 -0.09985716291422826 0.08264327503650298 0.07652453385464467 0.01280477794447181 0.008649010913227076 0.03357641282660864
 0.005205847533677338 -0.01763566471750794 -0.09719702079020431 0.05124786347340202 -0.01882408345244559 0.06063013843997309 -0.08861660666546711 -0.004584202125791081 0.08292262071957837 0.09556828663287115 -0.01003187100992292 0.000441711217014501
 -0.04882773422492525 -0.09279111058282061 -0.004614206969691934 -0.05233033308780589 0.02627033378268293 -0.08850411703415441 -0.06697170510016751 -0.05965614539386747 -0.03170836714695673 0.01135284063150681 -0.05934170616883284 0.0155854355920638
 -0.002352924899570411 -0.02211520275847187 0.007980232432626619 -0.05057009973835663 -0.05481209375305579 0.09525515420216976 0.01297092755946076 -0.04142112156776735 -0.06859692249611343 0.02073688962967464 -0.07673208221545691 0.08680983936617331
 0.06609719314421275 -0.02744867130697463 -0.04448349442565828 -0.0006244726231319775 -0.02867309471694744 -0.07565030033760371 -0.08046549803715532 0.01019217544058451 -0.09485044648432336 0.07460553258774319 -0.03331976570190519 0.09147455704802396
 -0.02420120649542148 -0.05844786437672093 0.09980721324910483 0.08235932356080425 0.04998586753309545 -0.00714313581522949 -0.0007284035466247896 -0.09455208205814764 -0.01942985956590806 0.09996324036578699 -0.09180907391684365 -0.07739280533081506
 -0.01895835261900115 -0.08826893793448869 0.05403796042611039 -0.02510598534739744 -0.08613566272269521 -0.08454671205149639 0.0518459311112614 0.08268943797500142 0.07647222706578857 -0.07762234271793977 0.08406583945901488 -0.05846546610355424
 0.04759832896595967 0.03366094604479503 0.01308355358770527 -0.08118408209647721 -0.09968602368985631 0.09849899702004133 -0.02671694128353103 0.05193471517617806 -0.08080385904255794 0.002711982684587194 -0.04724778897051575 -0.09586765797312417
 -0.06910048545624456 -0.07445094763112245 0.07409473152974286 -0.03002404755438272 0.04585964430299821 -0.001307478534507314 -0.03331157371273602 -0.09985430519880194 -0.02818403468375573 0.0260932364383904 0.04851310342467047 0.00868549953181999
 0.02412394268774014 0.01355177322497683 -0.05939731117941286 0.05833436028919675 -0.06625084210051618 0.01744902615091892 -0.01885615250829518 0.0588054290173394 0.02003584934007933 -0.04614545994655367 -0.09895173355454112 -0.06149890071865382
 -0.04283343193473178 -0.01386866588544669 0.07668400728208 0.07783809854404491 0.02572757082600269 0.03372971124270638 0.005720826076776445 0.09739731871018106 0.0867334721010084 0.02476257004609976 0.02484487524510375 0.07827532054945346
 -0.0309169114966175 -0.02016627245933952 -0.03858733041340751 0.02445429359015147 -0.02421790386507848 0.09664109484690572 -0.09914426519456167 -0.08789161757942174 0.01612282945202174 -0.0210900478804369 -0.09446176478908316 0.09321087450897264
 -0.006232091984557236 0.06548534448332602 -0.09988158852104286 -0.02108879171716206 0.03800768791715084 0.001504848310411352 -0.04772568979248128 0.04607508340106167 0.0316930997625651 0.0188117874411482 -0.006181089065796605 -0.06127308465770351
 -0.002331095270638933 -0.03089890973693303 0.01832411985557884 -0.09583471375404133 -0.05781663265801282 0.05746429638646311 0.09571796359605864 -0.02615345559396248 -0.0139148458987476 0.05250261342411733 -0.0264215554054834 0.04374535843605615
 0.07662565418408671 -0.09495600129691673 0.0894878701027414 -0.05928783817693083 -0.04452930026144425 0.02556223156309892 -0.05761212008787199 0.06352821342189405 0.07979656311246336 0.01604868826947181 -0.07031645914511668 -0.01910037504923295
 0.08756951940868932 0.06670475102787618 0.003104998602866726 0.01906773193755389 -0.07384090074469456 0.03483141070016604 -0.03124220991168296 -0.01491654338466125 -0.004915290515693588 0.03880843077949606 0.03512872816973392 0.08088459014468966
 -0.01685693238145949 0.01034170540978388 -0.03455579410058672 -0.05370273633232671 0.01280732192294579 0.08381384025708266 0.005476475267111258 0.03172457198594397 0.07699441302150672 -0.02832287025691037 -0.007120221485531722 0.03922542891184538
 -0.03037773344064984 -0.06441300286083357 -0.09049139580057491 0.06709296283497423 0.01401139406480731 -0.01189764945302124 0.06836984580694216 0.03955629344476597 0.06306278174623089 -0.06448832792897979 -0.08106924496675995 -0.005023034900975193
 0.003780263420722949 -0.09528741132362208 0.02016900226099694 -0.04639728011257573 0.06642657368139912 0.02146744844149102 -0.008246446820081882 -0.01564467432577919 0.05422743296405241 -0.06722176788149349 0.02224555806939384 0.02361359865365328
 -0.02788265337444966 0.05541847833003355 -0.02216617280631537 0.05822172978856699 0.006572405410669502 0.0409077622473179 0.02788052463876217 -0.02624292347962355 -0.05615209929061841 0.08447138913541968 -0.0908041265621639 -0.08459571767416502
 -0.01416737064506658 -0.08128606245336911 0.05222298828719393 -0.07127352401450868 -0.000209998447097251 -0.07535488115821143 -0.04013939437636808 -0.02558132456648486 0.03855901397779354 0.09150679927349231 0.05512387829158077 0.04308607927067559
 -0.06614415029924536 -0.08149979007488736 -0.07582883077146323 -0.002905754462730656 0.03970123299277897 0.01155233779946907 -0.03147999479858514 0.08192457090666475 0.0854344097488958 0.05313249017754162 -0.05325325037776762 -0.02047029839717761
 0.08098617332157057 -0.04305484291361307 -0.09582119379232849 0.01040305096296094 -0.002575656323954373 -0.06274210517182045 -0.05555848061582228 -0.06751754422713996 0.01914807848572117 0.08412850029331331 -0.09247997836202901 0.08429187993854795
 -0.0868711482590184 0.06332993879649093 -0.001914740724541536 0.01624040093690782 0.02160960088586572 0.05229461376038638 0.05501289245690028 -0.05556124915741917 -0.05903874648159207 -0.02058674670293167 -0.01388964023773563 0.06550483860299722
 0.0812130680092133 -0.005903000881846088 0.0744457023459891 -0.05992401663154604 -0.05082999912153705 -0.03655806339983833 0.01103987951692278 -0.0363315433264739 0.03349570328050364 -0.01403679119811266 0.029901945812248 -0.01304959277244001
 0.01944255453307324 0.07307380621440723 0.04040340542821691 -0.04328812374291224 0.0743502690997889 0.08019794949644907 0.02573805498002785 -0.06383482376750382 0.020449128517222 -0.03547129679511372 0.01930005829661467 -0.0754467293705922
 0.07162477876883824 -0.07788822294654557 0.08827925090482294 -0.09093009626074189 -0.003055715546890159 -0.03478089387027744 -0.03176804332948448 -0.04263634669422575 -0.01556090260840849 0.05234979592690456 -0.08939759031826912 -0.08476503348899304
 0.05108862473571482 0.05115265482088299 -0.03022040144352149 -0.01376892123455777 0.05116543007353985 -0.0820353488155348 -0.09101097974972462 0.01807314075140869 0.08617915727118927 0.04179328692169998 0.04104758832987065 0.02271199952502596
 -0.008695943236367146 -0.06731652758984227 -0.02983544457476321 -0.08473635693429493 -0.09154842889278787 -0.09178070498622741 -0.0811187263139941 -0.04690224985358821 -0.07540323428102025 0.02427018264462107 -0.001972252702590327 -0.09409076451764224
 -0.0442095905469574 -0.04375084302309521 0.04599894704249102 0.02314631288098161 0.08303616663581312 -0.06547041785249799 0.01179606349036277 -0.08777402866191963 0.03424252298547728 -0.09027411162915686 -0.01025054302258135 0.04659292093836467
 0.01950220771932749 0.03613859550749834 -0.06315959947473927 -0.02810494124399893 0.04368134586589728 0.01670700058175174 0.03721031324363994 0.06864451689355097 0.08044538314466604 -0.003354718851126801 -0.07586579208004546 -0.04689033356444089
 -0.05769709231444588 -0.0923230172247422 -0.08527839217248361 -0.0347688382509667 -0.007151961241548571 -0.03104952675780154 0.06106935977536004 -0.08736486078252552 0.04791690639852247 -0.02908125232201561 -0.09365567426245817 0.02045138017425444
 0.02187925549476444 0.05028575670369503 -0.009964519298783295 0.02492817884266671 -0.05495576788441367 0.06126139861858879 0.08381934039090597 0.02993886270257853 0.05136100400475949 -0.06501014706318742 0.07835439523140306 -0.06332088144160021
 -0.08490818261581623 -0.04525445981378099 0.04874045514200329 -0.005020099850348403 0.06048452312499139 -0.05188559469827778 -0.0879659141156101 -0.02027160411788861 0.008706255742005425 0.05059892540913111 -0.04300631742856137 -0.04136681081037887
 0.07598468608187478 0.05260802098612807 0.08051952638683374 -0.07888397211079058 0.006934674722946552 -0.06857572529634109 0.02117129424892802 -0.009539258877598489 0.03680628716787551 0.07894901179974942 -0.0340828528823191 0.06613513137626534
 -0.03349356282380088 -0.01584410252744349 0.05863989247061616 0.01294144242673852 0.006610398454119454 0.07609370749757446 0.04912798958598238 0.06160462828892727 -0.05452899809016362 -0.006278534267345676 -0.06035925220333284 -0.04981332815430048
 -0.03220320462213272 -0.04444044915964968 -0.02065087034666589 -0.07496448838088644 0.08786349790232936 0.08426932162088399 -0.07508577469162615 0.07440381274474425 0.00813739597181759 -0.0275768328995763 0.01329089251863477 0.07060502522889731
 -0.08328476829496047 0.09178087810049937 0.09882060225337655 0.07994660093398337 0.008452201719156061 -0.04228506107248985 0.005570037562887806 -0.09504064977608317 0.01779747993087069 -0.05973254205790007 -0.09692392692730767 0.06899967005772498
 -0.00861719968934499 -0.05141268056606131 -0.04680513888468051 -0.09495680801569718 -0.0943751043505463 0.03920894003415668 -0.0005092595230100083 0.009925580776062787 -0.07139937485886333 -0.02718588119607961 -0.04167037054741007 0.0318975561525294
 -0.01917362049829846 0.05821895519899117 -0.08770653725623753 -0.02130715290715422 0.0129184020763287 -0.0228429010019344 -0.09834802983107493 -0.09861290928306503 -0.06065210407973684 -0.04675709396570235 0.06785901575367206 -0.02733792361135551
 -0.067134409307543 0.02853454160682106 -0.0432454371922468 -0.02280077357451041 -0.05719251806276601 0.00795025093140414 0.01077186673828312 -0.04108673033945803 0.05699536950856615 -0.01073550106279922 0.01939830285037961 0.07441816272245982
 0.08111153707477073 0.03368957554678634 -0.03077536386672469 -0.09410715307302764 0.0515548304852996 -0.04745544962217509 0.05475195508831274 0.04161876694279154 0.05842562650356159 -0.01841525430247065 0.03398953969837271 0.07119246566213641
 -0.07072453981897057 0.0616524252736336 0.0288793521462942 -0.03796214983593637 -0.0411908958882847 0.02670628612127315 0.08433331174920566 0.08203228216395622 -0.09280611239079918 0.07856689848938536 -0.0268853105074741 -0.03617681397829547
 0.08762606691140215 -0.08981485594303773 -0.05334500312818457 0.02152336139064939 -0.03824101123829446 0.09093150023710678 -0.09585279505639334 0.01490588472049867 -0.08192364829166777 0.06635063019291887 -0.09634214826671132 -0.02723843199819229
 -0.08257142634660097 0.08399657404692515 -0.03575084314414417 -0.09517531921125079 -0.02270748740673592 -0.0724282253685186 0.02643407594884181 0.02965300371981175 -0.08840368999878689 -0.04273167011310511 -0.04428114474617365 0.0707194651440316
 -0.02513245296682928 -0.03963712405691919 0.01904594744103436 -0.03847066623450789 -0.09953773873545239 -0.04369562120190286 0.005219428255225811 -0.01547531175337293 0.03549044411986443 0.08598579962940839 0.03032994512940732 0.0006856333877204301
 -0.01383351334337322 0.04415901590200352 -0.0744775421892005 0.04803989669121997 -0.01306654161465494 -0.003846041312288301 -0.009012070398885103 -0.00837244797582283 0.09130681261467838 0.03901936407457868 -0.0523994134214382 -0.007115621113114201
 -0.04742171084257904 0.05380228894909864 0.06707975898505375 0.08300742506967812 0.02074088930245495 -0.0230057681514558 -0.07726137385321423 -0.01035274441188855 0.08558228372255436 -0.004452173085724778 -0.05896405014985701 -0.0544574076328645
 -0.05535217388475188 -0.03428767978428821 -0.03285574916785158 -0.06438124254505659 0.03803723828245886 -0.01262694719341609 -0.0946501617945526 -0.03733166900286979 -0.02364216881246159 -0.01905905936698968 -0.07218494408103282 -0.09143874218616574
 0.09868254782558492 -0.06600608224260743 -0.08684497455298343 -0.04374534612111582 -0.08048683748973712 -0.049615465779795 -0.0708694781008806 0.07836158372330909 -0.09684248129678248 -0.06393187204564378 -0.05102722042445641 0.08446443528944159
 -0.04789301636417095 -0.04690479911203613 -0.04206605543401968 0.0836970419947333 0.04440794198775136 0.01687930525966093 -0.07683988832178806 -0.03086151478907763 0.01172924024714561 0.05580340826539509 0.0329714852143623 0.09740560992489206
 0.01710239781548797 -0.09325547044857126 0.09788209615089546 -0.01023703205408483 -0.09350837467012427 -0.02202335263201943 0.03526959859811621 0.05928378500263046 0.08823867645496208 0.04251191425374604 -0.03548212937212879 0.004995363958210014
 0.05950206372805342 0.07738111749162688 0.003686779867599826 0.09974573493971237 0.07882947319430189 -0.07601987359942125 0.02389268117219231 -0.08132644102907388 0.03927560951375633 -0.04642036774564012 0.04118172487507427 0.02966038262978604
 -0.05148439702823585 -0.01041551096717261 0.0144628801632473 0.06674811113172927 0.06365892332405096 0.06795559695036218 0.03451300129212809 -0.09841888321709104 -0.01835766760959873 0.05437756739360883 -0.07177643029803532 0.0860574951557736
 0.007365730789438765 0.08910481962043201 -0.06951554359374146 -0.006668721757454379 -0.02906538991605749 0.05360044537671244 0.03607611578265771 -0.08699492851649465 0.03730354173460929 0.0360669312927942 0.0165772459739193 -0.007857219653186739
 0.02295071911217446 0.09328436576803117 0.07490587904894852 -0.02210998446594808 0.03946625936390694 0.03642776738773151 0.05485073588253483 0.0196813375253327 -0.08548479747680197 0.006857538880470318 -0.05210746750862968 0.02923491741952547
 0.08274118543766693 0.0123159326900385 0.02821000167621673 0.09040061264338903 -0.02375753260877501 -0.08259389988354057 0.07702797374142067 0.0820976185910747 -0.08414395714943387 0.04423455163116477 -0.07527782955719717 0.06178470825147428
 -0.04191594419797974 0.07579522240463718 -0.09784978434607498 -0.02478183211120441 -0.01512840941365666 0.08410995162195939 0.06020847780948205 -0.02772155283179957 0.06251904374546061 0.07752417110483101 -0.05468092420387828 0.01139549971082165
 0.06324795036122266 -0.07938694069240571 -0.03603323695587372 -0.04494591209697471 0.007189986646257293 0.07917106189533593 0.06832868740367493 0.07700929972951218 0.03185777904389175 -0.03450303528735274 0.09333418988383779 -0.07324742152473018
 0.02851272227278911 -0.06417979269486535 0.09611047478088194 -0.09437673987654871 0.0937074441294011 0.01557065291426885 -0.02891171168360815 -0.04771996755377247 -0.02358557198434791 -0.02869981467978512 -0.04077978014015443 0.02768007782706972
 -0.008685758593145743 -0.03387359288961021 0.0630860660743657 -0.05990704981851475 0.09119886572789834 -0.04382237755712259 0.08323738591899996 -0.05892798747657714 -0.01674664545721455 0.04893289312526258 -0.03159217614275497 -0.08318682053063625
 0.01167997657406392 0.01056791324706978 -0.002804310814644037 -0.05189049814820882 0.03231631418212905 -0.05134876605839511 -0.01516830282196767 -0.02467265003559385 -0.02671928461825229 -0.09426105074774151 -0.09656771466732925 0.06370432596286654
 -0.01726491316256032 -0.0003007032936763882 -0.05599339854547804 0.07920538980831973 0.0437756306000516 0.09978568084707604 0.09564636897733866 0.08383181588816871 -0.05152267640164464 -0.07075995737614546 -0.07208916985261499 -0.05400982278210712
 -0.03671559826034149 -0.05515448499448453 0.03557909746731996 -0.04830166239343878 0.02415396155951099 -0.04146275689769202 -0.06317036827465074 0.0907486029848292 0.09565728271892115 0.007452494953719691 0.008774110852771883 0.006080281589166514
 -0.01466703015261533 -0.04010809420154923 0.09702026950247983 -0.02799752762373321 0.06901768291850216 -0.08296182072011893 0.06765681410934338 0.053954825181323 -0.02702823991591354 -0.09101789216609373 0.07014238415145713 0.09383084482641488
 0.04222113606428984 -0.04488358940658776 0.0827591745664745 0.04549632746689569 0.03787153898659842 -0.001975353355518003 0.02468113395286897 -0.03231548159864582 -0.06193149924136855 -0.0005185098459402765 -0.08333665941807422 -0.02383732567850869
 -0.09950794077908827 -0.06584789847197384 -0.09017146865901406 -0.02750218024780719 0.06698053716505853 -0.09406946790416032 0.04346938729798169 0.0944492677607591 0.0387428181551876 -0.08567378399108617 0.06235587288297767 -0.0124247910164636
 0.03206063942801432 0.06189311297843522 0.02616167472189521 -0.09631306172426925 0.07128425970708324 0.0835657498799536 0.07073383445419043 0.001792127698002896 -0.03533245569809379 0.07149972961235532 -0.07831009495090208 -0.04570092021075894
 0.06658995934515582 -0.03534444664813353 -0.01339046396969269 -0.09014154606294542 -0.08493931494011235 0.05252555717981131 0.08581165543069921 -0.05368213306385973 -0.08987150997110144 -0.009978133412347684 0.01083627913683768 -0.08511693351772781
 0.05125795184649803 0.01041320301773756 -0.06143780259220438 -0.02232863128561727 0.07303666336524647 -0.07186333997769431 -0.06195592769244745 0.03775494015846065 -0.04862656131430364 -0.09038655206532666 -0.05826761690643526 -0.01915701727197906
 -0.06615489876424452 -0.04856692703761455 -0.008099253379878685 -0.08199147424345865 0.09847791016665111 -0.09573354872726278 -0.0289805218209 -0.02244889528343939 -0.06427109109718911 -0.04338790854037965 -0.01619088077719945 -0.03807485796931437
 -0.05689955514401929 0.09958567235499535 -0.07456943388015196 0.09268802668826479 0.08020447849961682 0.01370660470140625 -0.002199536152237697 -0.01741479838204719 0.06226540381317827 0.07479099886626789 -0.00734188880989553 0.05711872588429653
 -0.04371321861232805 0.09603104705635876 -0.0707646818675155 0.06634804963227511 -0.08307523513744247 0.04246134758225481 -0.08638395570003773 -0.0645898105603403 0.06913500101585063 0.04281860228053785 0.02904476214254742 -0.0005566267233057948
 -0.07441278438028269 -0.04429391314981165 -0.07156642731348596 -0.02784377180739973 -0.09656184471230533 0.001946553498470921 -0.06364792799098985 0.01399759544953394 -0.02437891957494426 0.02357850390085962 -0.02062531721411145 -0.09972294866357187
 -0.05132178369602901 -0.03039968306696585 0.04335194323239622 0.03584709249780674 0.01988634908088334 0.06486310175279339 0.004949932760846404 -0.02232604388822654 -0.01367915947727152 0.06449993176632987 0.02325655319175972 0.05056778868316636
 0.01139510985758237 -0.03168590120595118 -0.02475222705076688 0.05859387946665109 0.06694768272091375 0.01225073187583141 -0.02968259368477798 0.0392647337275385 0.05409287539781779 0.0689669673379531 0.0408192532832882 0.06718874829167162
 0.07547319603588842 -0.03637845160055202 -0.07111356683523073 0.06031249607042025 0.01634278985704621 0.09686194305422272 -0.07063721597158235 0.006982872631423317 -0.01389075606657077 -0.09631293260661045 -0.09680990640429507 -0.01709334336455913
 -0.02641851664246579 0.02927789747049919 0.02934526617809396 0.08766807160925913 -0.009168042264416892 0.01355973036661853 -0.07389958185961418 0.09156732045036362 0.08699424484630802 0.04686933209610944 0.07803268579755818 0.07228211782793822
 0.007761876293253755 0.02221362863093893 0.06029515616976797 0.09876040043298473 -0.001950018105827761 0.06086444803647023 0.07151372606768913 -0.02884048095820185 0.007871661849540287 -0.0663676085571327 -0.09249583146318431 -0.05620583128041482
 -0.04551601794274653 0.07109312564682754 -0.008862710268493085 0.06604970414261099 0.02975414164300538 -0.0887220135518377 -0.08479525287747941 -0.0146230810712453 0.03789336738854071 0.08226918304905459 -0.00490402485034655 0.08468567911373501
 0.09602679619750429 0.00413736408848242 -0.009043891423942518 -0.09112942585149224 -0.04761192440235133 0.004250919172098216 -0.05751475188086116 0.06022297063466872 -0.04544280186390647 -0.07684524298872672 0.08856270701535349 0.007098859986073097
 0.0416933072513824 -0.05831006700336813 -0.06550875886705332 -0.07105048036838874 -0.02208932748745332 0.08921668480868239 0.04621828301548486 0.007745036535928354 0.0304375873199933 -0.04665274389114388 0.09277418891088404 0.07010058132794114
 -0.03252377209492169 0.09679836953814366 -0.05467002330523562 -0.04647637693582138 -0.02905225066427283 0.03128513990073403 0.08695167793413738 -0.006089433484875131 -0.05618331866221568 -0.04077593274349493 -0.0005470737456348823 0.06180072595663655
 -0.03073349900276871 -0.01121541846311805 0.06538397923320985 -0.02755489734388274 0.08186185033231894 -0.003391302797615153 -0.0186253770202903 -0.01417406383280274 -0.03649439650643628 0.04333733725763134 0.01464399878730249 0.07765904939876719
 0.001298527615308062 -0.01520165975275384 -0.05478124069322704 0.08232232996365116 0.0953808837865619 -0.04624738864669443 -0.06357510387721257 -0.00122996519972475 -0.08978288122533756 -0.03383349399592732 -0.01748659369606788 -0.06048191547977321
 -0.04473172183255886 0.0637276514828474 -0.08299426817069694 -0.02011842444955859 -0.05199796861965555 -0.0719081504347089 -0.05519566445697798 0.02342510516057725 0.09938288105214291 0.05390981283102045 0.04035626689967825 -0.03481672100364425
 -0.03283474599384463 0.09285777137089482 -0.03941711723831044 -0.09069517888129075 0.05886653168267816 0.0276832169997506 0.009525349714418471 -0.0983144181100033 0.05156689651708046 0.04447126027857787 -0.03385738299642919 -0.09413248079644315
 0.09834607149882735 -0.01702437548809557 -0.0481410430264451 -0.0898968358080237 -0.06675215035532628 -0.01652338072934287 -0.0003344976651540182 0.03618035054477026 -0.0980685573900113 -0.04330338583084858 -0.05278370889733245 -0.08396552079158075
 -0.07680845823991712 0.06075425256405903 -0.0407231908774428 0.01653974047633118 0.00981931348068292 -0.01794516588350158 0.006889965916768298 0.08253008308218618 0.05122412007712343 0.02211692979587102 -0.02004124117500122 -0.00908679678907752
 0.01203689434691642 -0.01137587699166241 0.06458243701167865 -0.02891599828137224 0.07788981986978377 0.07473626826370774 0.05571170299466208 0.02455803159880074 -0.06697936706438758 0.089685699384456 -0.03363975587126475 -0.01022323169221701
 0.02189977946069883 0.02232407473688321 -0.02896773713645508 0.05265176984295247 0.001676055056128639 0.06791957969712234 0.0293626910468488 -0.05593937872550813 0.07664627836316371 0.05858900908956241 -0.07928803721230243 0.01990132918496668
 -0.04959105921278741 -0.01322063071451821 0.055832118464092 -0.06048226983536246 -0.08862507417653392 -0.02365405307691536 0.02609984971025431 0.09150030823871411 -0.07579365714019842 0.09317970525746963 0.07537229452916744 0.01355114566854661
 0.05215086394726096 -0.03911232706281484 -0.09600323951990417 -0.02335617182049074 0.05917582811448038 -0.03706946998268533 -0.04235788762720151 -0.05943957070771148 -0.003194030234591277 -0.06150799530373651 0.04068223978755678 0.07208806091004125
 -0.00524859326534205 0.05549552203077565 0.01889001986830105 -0.01801823883860677 0.01596769089222447 0.04419766525164737 -0.08972359534725562 -0.01481560902231292 0.02094307120239074 -0.07596776615068596 0.004436912389351136 0.06503575925973412
 -0.07010626976179454 -0.08624550706528093 0.02513265557304864 0.04577999558089835 -0.0384223943484536 -0.01675076388656017 -0.03827984456254413 -0.09850313721661004 0.02687959464136777 0.02452758865688395 0.06109218737470742 -0.01213660952756904
 -0.07605267660436651 0.04495692808561183 0.05574162359836374 0.03227876075381547 -0.09760369689532963 0.08481378714194643 0.08263159952738344 -0.04443275967945934 0.03328595270527596 0.06998820511156897 0.07833828451184807 0.08657262224046652
 0.03847155140146535 0.04989085953827974 -0.06042269157860149 -0.08403923651653634 -0.09704296965748073 -0.02928906197581781 -0.07767387592703638 -0.09293983398686397 0.03743879818146231 -0.02860875067559122 0.01240973179224385 0.02123955203258658
 -0.09483920779610745 -0.0693443037414902 0.01171756494821077 -0.08508251834433948 -0.06369579767896762 0.002940674158172715 0.005116047611754548 0.01363766918860085 0.0629342263663574 0.01601623315113847 0.0898332550883757 -0.02901687727875536


