# Created by Octave 4.2.1, Mon Oct 09 10:10:06 2017 BRT <root@mosqueiro>
# name: w1
# type: matrix
# rows: 200
# columns: 12
 -0.09836612928507189 0.05401689148230002 0.0406879996647225 0.008934194615354357 -0.04669171375349749 0.00225382589043803 -0.02411455225647513 -0.0466998680503692 -0.0009688675998945073 0.03187104329455501 0.06240103175421416 -0.05728383545347596
 0.07469919222717289 0.09068399003397543 0.05692609666872975 -0.07113872348520878 0.07820093678501289 -0.02717561033958553 -0.0920993856909352 0.05512008422391987 0.09284840251840795 -0.09789034283688167 -0.06220928565324967 -0.0987255916590731
 -0.0249856161261338 0.02331756000511327 0.03602285072200168 -0.02938487626261947 0.09899922946387782 -0.0545914546596877 0.0008310348936540618 -0.07766321223634033 -0.08017455971855802 0.09881840902614644 -0.00892989736947955 0.03029110536465027
 0.04455442041092203 0.09980380704787487 -0.09007882943872562 0.06217804510627789 0.08003981510402514 0.03247666967795457 -0.05326217283590423 0.08591811829265075 0.05194760265975515 0.06550122982896206 0.05321046869280321 -0.07279514611471961
 0.0562763189615908 -0.02175797382706059 -0.08899859000907762 0.003097695377389548 -0.08409582390965577 0.009952677921955116 -0.04860278639955252 -0.01597778311712005 0.07738675709661447 -0.02794921249015435 0.08797155314793867 0.03597305481004784
 -0.001995849041333375 0.03590658647294895 0.01531536451557666 0.004700479476910366 -0.03724905517243521 0.07728951892666497 -0.08458962154979614 -0.06069909760313287 -0.0312622031762772 -0.07643497568140761 -0.002158737528092619 -0.06329997764537612
 -0.01427804721243167 0.06710148391952325 0.03879380792099857 -0.07849351388048459 0.09121418938232506 -0.04036361723353687 -0.08170757104322647 -0.05452808341704249 0.07568759064314209 0.07436774933345533 0.07905341281278785 -0.05955747380297226
 0.0655455972670593 0.01551981242108247 -0.0106145126968836 0.03445362109128583 -0.009324070456520145 -0.02144100839426058 0.02056730768266306 0.01347785709840291 0.01006854939977309 -0.0994975082476557 0.03784696576795699 0.03047665172024369
 -0.02037832183833178 -0.007810884620656017 -0.06964421948856693 -0.02060598488760433 -0.0854696675424684 0.03117911594709383 -0.03549252208695425 0.05856391540811426 0.05847876490646878 0.07017755123733169 0.003440600451737177 0.05389671367491075
 0.05165741419759007 -0.04192822620453266 0.05965495390020006 -0.07647556326184873 -0.02109381127125806 -0.03192730436222477 0.004747929982107962 0.04207009782900456 0.005449624116408786 -0.095739931278086 0.01797939483937279 0.09928440589771431
 0.04885900920492425 0.06082219859687535 0.08657173077876487 -0.07089250131533442 -0.02065596383781279 0.003312325425660664 0.04118246423140565 0.09669865780550121 0.06109021778298249 0.04308529706689901 -0.0974420403317557 -0.00770680744034094
 -0.05347686916991554 0.06901359999855194 -0.09332493137391715 0.08170827764896821 0.01521342216236554 0.040083954747827 -0.01674353382253915 -0.0891487605573878 -0.00694342993350773 0.0756322961470795 0.05027159705462045 0.07139807964923497
 -0.07892506425811101 0.03199543692698861 0.02676224446092199 -0.08065354509421546 0.03698831817446599 -0.06043032954996125 0.08373752115318842 0.02846581512748178 -0.09221764496124767 0.04177565709351927 -0.08873267077986807 0.01865486629031102
 0.07582384884067328 0.08597230207696707 -0.0636848908603177 -0.05652196761462044 0.01008467539194506 -0.05716731060795476 0.07905138607849907 -0.0593203499835031 -0.08772282805136956 -0.07564096473691545 -0.09142872688530525 -0.08902646369141799
 -0.06697367076149691 0.08710920172144349 -0.03443533673846626 0.04781534497697121 0.0760294038892102 -0.09436566430157189 0.05720130141938581 -0.007743139199980764 -0.01486382828572935 -0.02221026639935011 -0.0813607182871362 -0.01765059526650034
 -0.003330736225246836 -0.09332366271880037 0.03900437008150223 0.03287653998950776 0.07297593521653276 0.04268836909131607 -0.001281989234126674 0.09734814724530563 0.06814838665023346 -0.08939907063886909 0.0005298287358933285 -0.08396337952672796
 -0.0424844139359945 0.05209126665568745 -0.06145749846817566 0.0557475819696871 -0.02843408364206654 0.09000521450368917 0.06250322014071 -0.0359277618601921 -0.04257342477492526 0.02419230717828583 -0.07151132095209042 -0.02487903954103941
 -0.0490814206176978 0.05338319890904883 -0.07470785700066389 0.02974580742441693 0.06327684811615611 0.09116345754645599 -0.04097153533412551 0.0604442908801722 0.09499932411190129 -0.09464521964935696 -0.09037298478417274 0.04790161729213988
 -0.07641878438125428 0.006151684394581053 0.05258151229798699 -0.01765255933702706 0.08304004261703549 0.04399483315365466 0.006550922339300144 0.05249181288820681 -0.06396575187571843 0.09096114647887163 -0.0291016138049829 -0.06767090998901615
 0.01701465454541203 0.02593472823378282 0.09138837433485536 -0.0009432570564440745 0.009804317296870896 0.08071303984123843 -0.0868486801876497 0.07125986075722485 0.04149668365041928 0.04857457887397204 0.04684040654765459 0.02742405990005164
 0.07761882081939575 -0.04455029099658056 0.06756291181647031 -0.01226134867455432 -0.005298355665686275 0.09545440319653142 0.05973197405702688 -0.05430144329845241 -0.02736756230568353 0.04574111427255714 -0.03930292145438773 0.05643580307705981
 0.083200696490981 -0.0341170494966163 0.09978003122144702 -0.005210975812573404 0.06230528120080919 -0.09863533949947668 0.09082181282609023 0.04406317269861568 0.04535064178675596 0.07806233819362038 0.03840946629822689 -0.08233764741418487
 0.08144976195996731 0.07752694518993533 -0.008998354705220646 -0.05791461445775718 -0.008925982332177645 0.07482235796965006 -0.02227774173263289 0.0118813628430767 -0.01068962677359558 -0.08234033539213008 -0.002662277880997502 -0.09635970828401386
 0.08951290294509665 -0.0722749328183389 0.03879478307969908 -0.07653374761063192 -0.02432236307299886 -0.06460218927490671 0.05259566520488032 0.03638071908956114 0.09588939436541852 -0.0422327379597896 -0.0600103577201114 0.04269754988731658
 -0.07772183166020538 0.04111890492222842 -0.04794096786403323 -0.08157079630103993 -0.05610962324581845 0.04270423429587894 -0.02430351173847713 -0.08973689574074889 0.02164849090543128 -0.05268440946982059 0.01576341703078599 -0.04970726584465207
 0.06010313016899843 -0.06351909133012315 0.0806715561565787 0.09813753829370805 -0.06815494638328104 -0.01830892112125439 -0.08441788441462725 0.0615996856737113 -0.01728587142853634 -0.07929176006998692 0.07870675972633709 0.008854912395367023
 -0.01139768509291844 0.06043819651967131 -0.04411134591108021 0.05744523102769566 -0.05179336976970725 0.08602816587897474 -0.07632574231490409 0.003341765124643903 0.08109010974631936 0.01386191866553654 -0.07754815925404798 0.01545640083737813
 0.04224157053389915 0.07474853390213729 0.02242761526626194 0.08714832780810766 -0.04096319798625369 0.09379280069251061 -0.08153943918866877 -0.09055197683966033 -0.01346896734825756 -0.08370139483845737 -0.03327723862289741 0.04730844836174436
 -0.06117749355660197 0.01702530221176639 0.01999912340570786 -0.03568147430543861 -0.01909491177950526 -0.06723874163489631 -0.05741941401909147 -0.07341601419058842 0.09523210523238099 -0.03102091423474904 -0.01931518596045868 0.05291789327029756
 0.05606573761557931 -0.0125359938335987 -0.002039922672143715 0.004565818051179796 0.03156551821747675 -0.01762745649884281 0.006919411663158417 -0.05493099539259098 0.0487030390549564 -0.04256528321227796 -0.06558565581315846 -0.02579390018145572
 0.001165161113120664 -0.09392402522368501 -0.005726253307668377 0.0854154790301917 0.08472509827127547 0.06387514332288338 0.01657565353577137 -0.02494000953494049 -0.08588018810331474 -0.03756296063493293 -0.03970403228502965 0.02168521207591471
 0.09243236094363236 0.0251662668010762 -0.06169991801350708 -0.0244454148055511 -0.09170587486141719 -0.04576254767474385 -0.09179196600816232 0.08472328279028282 -0.06189337716715421 0.0892835094782248 -0.03939886960187779 -0.008013929543664727
 -0.007972549094355491 -0.09481076903548981 -0.07906299900776372 0.01315079078359571 0.08281007526200543 0.05723723575065237 -0.03522621521668139 0.02755717894817483 -0.002450205358877938 0.04286144227593122 0.08770298168208648 0.06439919026907628
 0.03332205687392156 0.002335086818562426 -0.09757352473018506 -0.02821576975250714 0.05455255416321619 -0.008431158598720997 -0.06577285386439774 0.01601073771077763 -0.06300204024093614 0.03905934182815116 0.09894579180858679 0.001156489132752014
 -0.08472208084084737 0.0426383980608192 -0.09285252606594893 -0.02451281375338389 0.09064560630778018 0.05685578688106882 -0.06995795141704569 0.02284695772407028 0.06337053848036187 0.02558680738563185 -0.05237008034840437 -0.01198891561060064
 -0.03477014885298259 0.06448418304469342 0.04131646582810483 0.02567561294804488 -0.03133678497334245 0.07756543212092196 0.09745497931037708 -0.07361038426124482 0.06841337974547687 -0.002242419666589196 0.07179623041189373 -0.0318135449353716
 0.02293976446085073 -0.01882827813539857 -0.009637199115364814 -0.08875214726147068 0.09002845151418484 0.01526763978869987 -0.07133743949613237 -0.07044268843209089 0.02950540725811163 -0.06044624733746135 -0.06161629689403102 0.0645005518761391
 0.06606966045231641 -0.002518468459145148 0.01092509373251312 0.08838825368125205 -0.09020441989959924 0.08550755434478272 -0.003326309017963366 0.03384692105872095 0.07585900963993694 -0.09488034961084162 -0.04943393087690059 0.0588023782790667
 0.08215534513762518 0.003965286507304031 -0.05213302172245135 0.02451124213978599 0.03909083788500306 -0.01699397772918901 -0.07305070395836644 0.07135312605805633 -0.01272695708165238 0.01892486567308616 -0.07210358311327837 0.06376139100409137
 -0.07924422587324466 -0.09965671180404985 -0.03094545489699473 -0.02000442897655029 0.01255737997356395 -0.09322505215677898 -0.05916994583433063 0.089353020406822 0.008314741399774062 0.002190845753617318 0.00418100482021018 0.03100756439524793
 0.07405388622116199 -0.06145276254473479 -0.0853036193906264 -0.004199456203756183 0.09773525441291356 -0.05982491484619742 0.08377997611251081 0.01004234885316628 -0.05371407804010672 -0.08521068040448125 0.0215065209855223 0.06259173199758788
 -0.06348641610357586 0.06183765371647026 -0.0156300569727109 -0.01586153496700121 0.03059549098146888 0.06531266590186027 0.08087795481003535 -0.05426049954311424 -0.04240343329200497 -0.05500479978841567 -0.09266875161768677 0.03818486795426837
 0.06157943172360336 0.05903077452121994 0.05691785222217616 0.08602656535581363 0.01077249507427964 0.008264283031714517 -0.004285358991861832 0.03679180848767233 0.02593693920721543 -0.003671627931434412 0.08286685870996488 -0.008039573535036565
 0.05459258306218262 -0.0474534981529872 -0.03085194917331166 0.002447241582054699 0.09245884602113985 -0.02833515641853473 -0.05108085703355904 0.07112856437010814 -0.04445825357175187 0.09993775793220402 0.0634443749470972 -0.002203504623714492
 0.02563815231092786 0.06759911506659899 -0.03274123380929632 0.02205838116151733 0.07683755481378107 -0.0319851891973774 0.0480979326379771 0.05435652053606516 -0.09599354068585793 -0.05337581835396178 0.02657155794798499 -0.09351790707261676
 -0.05743315828758239 -0.08935516052566614 0.0545133685837898 0.07935547316115832 -0.06919442051824466 0.05586421489256743 0.08691957242504272 0.0902528188945608 0.00378697937465608 -0.01550858607859282 -0.04959018217121489 -0.0863361100718421
 0.04634432719446868 -0.001212058235643729 -0.01701880136554713 0.04180927382480784 0.09123894370112237 -0.09134339827720268 0.0736780812681401 -0.03132254671800336 0.008409550902698015 -0.01538948984169514 -0.09745148945432182 0.03352958391438557
 0.003491598978986724 -0.06186651186893854 0.09319149385374384 -0.06153034090173154 -0.06306211077158302 -0.0494096656092743 -0.05212947801731901 0.06598309535974861 0.06046808354307376 0.09971013784570212 -0.06356123050511786 -0.08423840936230617
 -0.02587066825536026 0.0370479637285861 -0.06229868717638777 0.01505602578383854 -0.06963592902715665 -0.06381298044096563 0.08097268874977873 -0.05056102920148044 0.02647598860445782 0.01143191600682554 -0.05235625731561765 0.0509663593252144
 -0.09822469530880758 -0.04809251946969401 -0.04819834105514377 -0.006888793842401209 -0.03576036386564464 0.06878949168540147 -0.04522924453926586 0.07530898266709712 -0.001723460238071961 0.09506424429615615 0.01039004104842081 -0.05135133594134417
 -0.06126795731562761 -0.08330322846872164 0.06889015462512416 0.01366929186104655 -0.04671387610844852 0.01088022975740051 -0.08581515098705018 0.04321296352618303 0.01695901000330631 -0.05975435674058791 0.0381329627275456 0.0481862969759127
 -0.07383057199743652 -0.0167018955328825 -0.06635606010516516 -0.09896333187559159 0.05655055082450852 -0.08233445748115725 -0.01962253536817694 0.03922085242107962 0.09508740897075893 0.08652403779053994 -0.07985062061457066 -0.07612649620377333
 0.03201174425408487 0.03086031302043951 0.05050344129675768 0.06583365237326463 -0.007649018903139682 -0.01013241852876666 -0.01615741336692857 0.06858935658574228 0.01164801647841571 -0.08889907009945165 0.02314087725509803 0.03219871815300832
 -0.02219090373065734 0.05178715217838359 -0.01752073808537934 0.06099414745560924 0.07148612999643919 0.007041943843470524 0.03104950949888124 0.06358437241233192 0.007411822868271051 0.01445383661499926 0.0003208277711713448 -0.0236137844872112
 -0.05801677456271498 -0.09910567105301948 -0.08828834247271775 0.007158234652421533 0.08851404370822488 0.09552405557300114 0.02953557732095352 -0.05551345902873561 0.07398665129756934 -0.05600787225580614 0.0337540436969575 -0.02425372282537833
 -0.02097945959565374 0.0978518894694039 0.0832270492449205 -0.01947548551908748 -0.04873678434044552 0.01082899296136001 -0.006383860883475895 0.02080153506744102 -0.01535021607207501 -0.06694606245481777 0.03049860481330177 -0.01354876972565454
 0.09494578490175359 -0.07088112992120729 -0.001701778805769147 0.09241823830045778 0.05524808307878998 0.08226770989652074 0.08273911800959555 -0.04588010593108713 0.06975650662972097 -0.02365618893366808 -0.04274163855778935 0.04350141771330979
 -0.02434720041881763 0.06285991209075439 -0.03565874830200763 0.03193859852488562 0.02172103692719125 -0.06420713972981457 0.08623620851350525 -0.02628217465616464 -0.03777516343076463 -0.009050585739809755 0.08114005375191982 0.003188917196507893
 -0.01184679943013713 -0.08125702643553127 -0.01651470570489658 -0.05040868813362886 -0.03052005082276793 0.02082138330450696 -0.07432553590144143 -0.09032455134698933 0.001358395176041263 0.0596700433144044 0.0562682739038273 -0.0689128060458217
 -0.0988249396242854 -0.08650707626115778 0.02687063735394632 0.003186747415473451 0.08901301840466619 -0.05290879816240349 -0.007859187816606633 -0.08264884784172316 -0.03631155359656044 -0.0339162426195376 -0.02630028013045554 0.02701835559667895
 -0.02212983162339345 -0.07099585185483723 0.007394158419932559 0.06088423199513607 0.096855331877199 -0.03931716424837298 0.06014166759340381 0.04067391064127102 0.06062994933488117 0.02246736524692597 0.05854664549339483 -0.04289110963172674
 0.06740259695046821 -0.02468624926300331 -0.02625201873623682 0.09656845312320392 -0.06804151748055629 -0.06860998331635462 -0.09237347178622042 -0.007322301983865201 0.01343425991795448 -0.05156830532766147 0.07631588524574345 0.007169683254099793
 0.00743219833576976 -0.08021744369755601 0.03082347687027612 0.004441196504755052 -0.05347670601993743 0.04368387345413266 -0.01460738477233404 0.04545973718749724 -0.0387051570562594 0.03543068188665507 -0.06574819046780558 0.0990436056228175
 -0.06886778708093516 0.05394100343730898 -0.05418573492893494 -0.01218872818684304 0.04606278877634645 0.05834346076134089 0.01954131148262836 0.08583184103942385 0.02784611657245242 -0.01841140097837074 0.07561636054938911 0.03196577578131371
 -0.07541584232115672 0.06011408052764453 -0.02795336902785149 0.01007314187678751 -0.01612161671658857 -0.02689718194350714 0.006575859328986966 0.04511953054699572 -0.01420753959334907 0.002669990064916972 -0.0166735119785891 -0.02162046901536227
 0.07356037186413991 -0.08061296432253282 0.05374004028605997 0.03101853488971157 -0.09150797533855994 0.09242517165093317 0.09613964014861404 -0.07704663805311708 -0.05589871768533836 -0.08027320923631004 0.08292906251454332 0.06555370942210981
 -0.05802011208430177 0.05927526477492981 0.07507204520113631 0.08137676630344634 -0.03996908875104356 -0.05378499574683765 -0.03254418901538644 -0.03756911502156303 -0.06029720684150312 0.06250149152259846 -0.07021389329992501 -0.008509013747938138
 0.02507020189690021 0.0962249210606429 -0.0706374189060037 -0.02615356890782358 -0.02477252795952195 0.08465768884120389 0.08134123245321792 0.07964126985498937 -0.04735171304338512 0.08517759189292659 -0.07056492048632494 -0.07537366578001981
 -0.09979782722224959 0.004822084495659532 0.09498035442026667 0.02655170446582356 -0.04183125088230152 0.001975704371385278 0.01239667460027472 0.01184543084570547 0.03627315205081266 0.06500139149626086 -0.03242302740040165 0.07837383318724436
 -0.07634491187133112 0.006162021781587132 -0.03619420699230162 -0.001742012690897299 0.02238329503798345 -0.0155669755304363 -0.05602418397375525 -0.07047269752662445 -0.06051803450286483 0.07720553459965687 -0.06699067325210425 0.09239726142710078
 0.03558719296672233 -0.04522780159780812 -0.03005684808972296 -0.06096686646468409 0.03684011227349479 -0.0295961134384167 -0.03439100615959902 0.00252838935120217 -0.0716152924008745 0.04189561139983447 0.05097378601902491 0.05322005424388421
 0.008119580380870545 0.08587239276882019 0.08912951199889985 0.02122446306844081 0.00970676712896508 -0.005206501245808764 -0.083083418373766 -0.06125115926762256 -0.0440153274957262 0.07471524432329935 0.01180997859804196 -0.08607654576212564
 0.05254714376064998 0.002702592252687847 0.03807017598346951 0.09859809260102037 0.07236849704895684 -0.01439795610104069 0.03930966308759304 0.09589923843148182 -0.04822919837221876 0.05658714936102885 -0.0563411019180008 0.01325576340753083
 0.0198186108272401 -0.04560673232024634 -0.0887538127920549 -0.08361378963378856 0.06989374531580886 -0.07747814764288878 0.05849074928311071 -0.08984280791197147 0.05150332265628069 -0.09282886693489918 0.01790345273606149 0.09250012384495715
 0.07316908349017445 -0.07189173952637312 -0.03574155618952203 -0.02741286179758667 -0.07914360944321869 0.01592923134944053 -0.04596316464452434 -0.005231086579145644 0.02470994026360462 -0.01131103857649772 -0.08397493980525558 -0.05140222907317106
 -0.09412884048059715 -0.003204443183309688 0.01974545540905606 0.03500028597737795 -0.09857819363597399 -0.03713586244081048 0.01866740084586289 -0.08145464866020052 -0.03890958737124474 0.05814073840192369 0.02074240286910282 -0.01207724572002808
 -0.02069695704836799 -0.07346042587645607 0.09429154065621387 -0.04561732854919934 0.005587676325112104 0.03542650762616678 0.06904913446179803 -0.04256077635959434 -0.01990910784342018 0.01980111728441589 0.07317569427417731 0.04728680988422998
 -0.0009821206636049379 0.07754382559358625 0.002303220215194246 0.06498166825540838 0.00704722328902567 -0.053299833058611 0.07818557385375188 0.05203445836573628 0.05402069774964727 0.04319754421528454 -0.07432880504186745 0.02011283370639963
 0.01655715544438843 -0.01051752956092432 -0.08442713006384672 -0.06009839414572921 -0.03564083333510605 -0.01742409319666548 -0.05682012928174908 -0.08434012300590665 0.00594934618475032 -0.01144753005406535 -0.09904303411968633 -0.05857741959136976
 -0.06736475529220173 0.08873784952410221 0.06418193844193062 0.05261095429719856 -0.08147408850721105 -0.06969356697528656 0.03197484167747028 0.04199405026083392 -0.00566132072167394 -0.07243723750801083 0.07148127664936418 0.0656393781043548
 0.06207716770552338 0.05807826231049565 0.03363595210644976 0.09052533357093992 0.004719536376224798 0.02208881528388999 0.01526409675706697 -0.0682509436066745 -0.009580894169721133 -0.08061692161371682 -0.01535195600749301 0.06426276210108614
 -0.03361592005282692 0.04822485272519267 0.0407423726271457 0.08535637066403648 -0.06724216429643592 -0.002409525345906077 0.04092198099899819 0.01881835804362235 -0.01416737928162783 0.0898069376277611 -0.06835297966273736 0.02332111194265271
 -0.07079225504303807 0.01308072784820562 -0.05745192850332673 -0.0873107914648933 0.0859639438170248 0.05499482647314488 -0.08039239567013283 -0.01072230168458685 0.01982053765114526 -0.03486949079852562 -0.02149890406743735 0.04511296665183789
 0.0216098811457944 0.05206840542873964 0.05108225990006912 0.01480847517180625 0.06284335892614984 -0.0358871585958289 0.02074682131260148 -0.0129038147966016 0.08561938732171956 -0.0101762471592748 -0.01496263824013701 0.01279151554701023
 -0.05245758251637864 -0.007491820039090755 -0.0992590242982281 -0.06620984443010838 0.02716141900235461 0.004748305737941716 -0.08722463502051415 -0.02138355244293032 -0.04147824964876691 -0.06762819640505015 -0.08013161545002542 0.06265552216943138
 -0.09219425338390765 -0.02736943990640156 -0.02961545937092551 0.003928470456494734 -0.07736733682769747 -0.05926931762458646 -0.04274450007954261 0.08701126241787968 -0.08280442715886698 0.09851868770178854 0.006092631200144763 -0.067736728033025
 -0.02699987454646748 -0.006783799347636385 0.08421851599884364 -0.05193598514571493 -0.03825053647925928 -0.042251071975624 0.01410483673822518 0.08760735699023067 -0.03537188865269118 -0.04228898045032638 0.04015399487270604 -0.002118321417786367
 -0.03992614412897286 -0.03075326753413886 -0.03801529975108357 -0.0009935670043526995 0.03064805473054216 0.01583046689297123 -0.08528601111643098 0.04503298609113066 0.03528606564900746 0.09721787589266184 0.08543762345690539 -0.08845754678861872
 0.08234869789590502 0.08916530057280511 0.00236304846522295 -0.02444632374061248 0.06420797773790415 -0.08626749106072512 -0.02166015492802437 0.07653921291328067 -0.02082892061800806 -0.04618056403350036 0.0736211565359805 0.08093787533005101
 -0.06239826086776967 -0.05492638876223097 0.07416960604495013 0.07342383381215847 -0.04429637654833668 0.0895907141444541 0.02142227084174349 -0.0301414101486525 -0.0116310779257818 0.09911992440856596 0.09918951685685495 0.0270110873961209
 -0.08412941785669392 -0.09831229479232426 0.005938108388778354 0.051579407273011 -0.0978949131815392 -0.04698015895546283 0.09709187012717355 0.07570482512139351 0.0509417517039415 0.05077711291178733 0.09018083231681057 0.05423057010564605
 0.07665969429163796 0.07852320875225757 0.04760343651049634 -0.09597321528358639 -0.01502789734057455 0.05076976676991349 0.08409098197724851 -0.009502816297616526 0.07929644451639772 -0.08130444490067434 0.004317727099952234 -0.08571462446114769
 -0.06252853232998093 0.08516255068572373 0.0327503782038254 0.02500558959658353 -0.02142303526570298 0.03029829421481212 -0.0411839612490417 0.07035446151688046 -0.07588033669775407 -0.05512723578239988 0.01289694657893022 -0.0610929639246891
 0.04170640624049254 0.0229579903853091 -0.07987542963494143 -0.08327877602307229 0.06955076330355306 0.03140633193540318 -0.024092294869853 0.09461282192265805 -0.02704875394867209 -0.06657512683062297 0.08000488604786446 0.04228508292733427
 0.04673802187124215 0.05924797506014517 0.001879357491279515 0.03412640167012312 0.07332071172904858 0.0404809616637527 -0.09761967171668208 0.05904408000109704 0.03881741219181806 -0.0008299447747892735 -0.006821943832528113 -0.008094020964265453
 -0.03001184266780131 -0.05461066957461213 0.01738005481868136 -0.0493030349799719 -0.08302951626075485 0.005844582755593228 -0.04805023746705855 0.03648149067400352 0.009153307905235469 -0.009741475116016141 0.08219517628887818 -0.0008519076856108587
 0.04573325836397352 -0.09128796628889213 0.08615295512521845 -0.0292176421596568 0.04943817624010088 0.01953520148417873 0.08345836145967955 0.08634073413350501 0.02368782352633254 0.08426748867156367 -0.0540541794064069 0.09174935260825151
 0.08921541336720903 -0.0166015597573532 0.0762809821457168 0.0424334148406792 0.01929549405794881 -0.0141116109661059 0.07184320050093795 -0.002325999381592156 -0.09407388974820483 -0.03705014209970019 0.07948070232521207 -0.0503729857525253
 -0.08035426764416392 -0.04195760755869901 -0.03387211331433498 0.0446648314790325 -0.02773508699820949 0.01114247290532208 0.05298673490697106 0.02715891612256632 0.05911969444984108 0.07203702153781741 -0.09345178227116235 -0.04025313090919404
 0.08809999342903985 -0.04275456431822452 0.003935673848979457 -0.08096089520459239 -0.001523708306273491 0.092915748412256 -0.06681823474358242 -0.07587772892892876 0.0359143716272472 0.0435851881782143 -0.06241151047426154 -0.09081347286482093
 0.09035586859024242 -0.06981433181154532 0.006627310929982325 0.02300875516844611 -0.07448025932582866 -0.07551690603099565 -0.08628629452721726 0.06583174927242397 0.05109212797600338 0.08758462602690711 -0.0492624488573851 -0.03318086397572682
 -0.02334442716317944 0.0446323929352842 -0.03860121894755267 -0.0928026410419472 -0.0620639775950704 0.08368116183434565 -0.03129151343839603 -0.09124949053920679 -0.09868547290093641 -0.07658678061290096 -0.07320600623595923 -0.03386116918431409
 -0.009209868037424712 0.09134013699006902 -0.0140852197648549 0.00995715940878128 0.09024001983984081 0.01038974798287333 0.04661060197108083 0.08152252422124573 -0.04239091313849971 -0.03176124833582425 -0.04586853354476238 -0.03771025147128287
 -0.04303524193954857 0.09222407100031002 0.06922385577645715 -0.01899698634565974 -0.09021523544868293 -0.01244133439218906 0.06757518980232388 -0.03904884434486919 -0.0399209053850098 -0.04967168102474843 0.0829210718886301 -0.03857740173106833
 -0.07119229204720191 0.08216199423872997 -0.05806356104026117 0.007744032240237148 -0.07752141487815402 -0.08231574635375184 -0.07728103994154353 0.01839628785390002 0.08750288867051667 0.04385605484501612 -0.03590903322049309 -0.004613953015503033
 -0.08720461709875839 0.01744783918473489 -0.05598959692132127 0.01965692382883336 -0.06532541361996846 0.07577299508535298 0.05489490927786392 -0.02937388061041639 -0.09976860157122243 0.01513213695272216 -0.001971789555964165 0.08546616569186125
 -0.03906937859925609 -0.03893890959223881 -0.08618575958648304 -0.04329340662872702 0.0754659360610983 -0.03490601430076598 0.04822463053430823 0.08127723508678261 -0.04732777472107873 0.02406845892351975 -0.09435840073553389 -0.07515506422075988
 -0.01242105141233131 -0.09599213254505345 -0.01358535642698669 -0.03307090024543756 -0.09005310097772858 0.03899721007076684 -0.01623160226706656 0.08123926093312792 0.06106127772535916 -0.04331193770425412 -0.05215254057308948 -0.08378079372981177
 0.09694494025473169 -0.09677048906560352 -0.05121888965564671 -0.06416203530919885 0.05948557795758505 0.03731565598457148 -0.08903541321722952 0.006620274514708674 0.07575847639653324 -0.005711524302409871 0.03140275943550799 -0.0113616960801452
 0.09718167507769515 -0.07463557844522796 -0.06636361640931931 0.01686693434678063 -0.05159841722534268 0.02864763486882643 -0.0009736976487443177 0.06449488392125993 0.01082820077811017 0.03730075260350779 -0.01418407406372192 0.00613802176015979
 0.01717323115740703 -0.05054383825762291 -0.01932910206315003 -0.02362564738652309 0.009604678161420216 0.03468107510432858 0.07127458068642614 0.007613274337736092 0.03424914012090824 0.08967315699468167 0.07183922264650452 -0.09603598910831779
 0.04070521780014605 0.05648081123996385 0.01565237382432574 0.005894870083010456 -0.05678871294474336 -0.0767731046499027 0.05893770001807216 -0.04594169614939697 0.06991433017687892 -0.09528303431602871 0.003071552214082396 0.07389877197658073
 -0.03805181567334014 0.05326306742762105 -0.01020940857563732 0.007554414644035903 -0.05019357762929225 0.02204293762359204 -0.05053021084017816 0.03324193891767219 -0.08147146803620546 0.07164497616606469 0.08317879911926479 -0.03137465437974561
 -0.08878576445774949 -0.03053568292682557 0.01423231076134276 0.08064177179630067 0.05292499679933049 -0.07743682910366578 0.07633275118397737 -0.06789672843941671 0.0665224705531699 0.01228635472917314 0.03461902204618136 -0.05991529631608469
 -0.0616588606284855 -0.05386925617030573 -0.06757303742269966 0.07724267189343015 0.002111837300440039 0.08445725988247299 0.08603398081072453 0.07232587903342172 -0.02857728223457558 0.04036372635228996 0.03607196187127298 0.05505830232176617
 -0.07254004985143193 -0.0232756135037495 0.09853670179701665 0.03922630685118522 0.07263421857528915 0.02742495350110655 0.02067743301474893 0.09455275859933385 -0.09804553853024886 -0.06267656115273312 0.01041052489743684 -0.03870864924637322
 -0.03385270312494612 -0.09289445913723124 -0.05418256389656745 -0.04491619493696208 0.0116704856125863 -0.09250870492915401 0.05779603322408022 0.001524227808073889 0.03377445183614125 0.06248479580308405 -0.004654350351850273 -0.001401015696770119
 -0.03777763615128297 0.0817216720839605 -0.04398424742531459 0.03659916899495724 0.02330940450365075 0.01096436280467317 -0.02816178937868254 0.07413088388739275 0.05346927720147424 0.07996356979147912 -0.05249200261929678 0.09225474843969822
 -0.0617341334746676 -0.08970938216604263 -0.01469871120096614 0.09243703098706124 0.08797322823777307 -0.04535482895225967 0.03725334732472538 0.06520719497608327 0.03864954598186315 -0.001418750630899038 0.09707599646100995 0.03570251899085602
 0.08267974936755029 0.03058133973009716 -0.06694236441348014 -0.01445498191671329 0.09627429236735494 -0.03068026615733292 0.03221456175775825 -0.08916560372050998 0.03584484656311798 -0.05903271260938511 0.05671242288864628 -0.03230670787059302
 -0.002057822145097629 -0.08004197391391289 0.05341827852569134 0.0006945077306093339 -0.07415948816428324 0.007382477292902243 0.0872447546417858 -0.03358042856119418 0.09991079518102769 0.01871228566004619 -0.02449175470429013 0.04724650367142422
 0.04965720170806912 -0.02234031254916177 -0.03004490326857166 0.07050305484246497 -0.08333678112447948 -0.009425521087907188 -0.06235716363448011 -0.0968494770945056 -0.04501651698612667 0.08989059423252652 -0.04001003497585746 0.04299442521542776
 0.05022716602510449 -0.02311330237275445 -0.01081972506541298 0.09320968220748413 -0.01691315986248722 -0.08759056609317828 0.08015312007548839 -0.03649356007654242 -0.07367695006088426 0.02993336872953428 0.07000380927208411 -0.09130306095897416
 -0.03693533175337617 0.07690468184474458 -0.0968305286702964 -0.09724877124267343 -0.04107849386539458 -0.04235784596141065 -0.06620606459792411 -0.05546092157172323 -0.04522411768210177 0.007770179199396002 0.01942508840963623 0.06871724179602029
 -0.02605650052204109 0.07484658791493223 0.01780852144833607 0.09080910259493397 0.00618454537331499 0.058744655611808 0.01434557474475125 -0.01774875259304468 0.0667076633801445 -0.03942248407846333 0.0296549883785483 0.04032004957509885
 0.09236122516494058 0.06330685439445496 0.06478267533783186 -0.09560764524377675 0.01459046398343704 0.01967716677137483 -0.03846062799849083 -0.05857400845746973 -0.05307193328210422 0.0914455124710368 -0.04571009363877342 -0.01763476500025943
 -0.08518896609781507 0.07998526318050328 -0.07663176895298708 0.08772506351267451 -0.06205334979758705 -0.04513887335744865 -0.06757478002122122 -0.087703462944057 0.03871111322940018 0.09218962447765977 -0.0007870317940611299 -0.02701538517050456
 0.01665288171538223 -0.06069826546822502 -0.09211994596090042 0.02671285444176552 0.06221224485655705 -0.05939424004090627 -0.0197963406341419 0.03772854557046329 0.07440416702415678 -0.06420206387745588 0.005453964492542207 -0.06518441170234901
 0.08170942347564678 0.03367661407876599 0.02208978380736681 0.07834905951396826 0.08163254237445747 -0.08419191192321034 0.06523633277415247 0.01342734167874275 -0.09186994089264645 0.02666077396110964 -0.001289406594900205 0.04105414220375275
 -0.05179040630800068 -0.04942957618213228 -0.02882470463630846 -0.04024822956240712 2.847456625645894e-05 -0.03492581844973616 -0.02357250243676411 -0.07738778341690422 -0.09596629283707385 0.01617950097014609 0.008865161510843669 0.03237412244263671
 -0.03142078094761312 0.04643037465895011 0.03988518783143064 0.04572510883114306 0.01469162355185372 -0.09647734372319994 -0.09689644752381306 0.00668354501133557 0.02611961639441734 -0.05886924979624578 -0.06134160620505943 0.07382886570534913
 -0.06028184851705493 -0.05632209282223201 0.08667316174732331 0.07306117576552348 0.0826564423713301 0.03729424502829543 0.05717057620300159 0.09392159484539725 -0.09343162228599897 -0.003246477758254429 0.02800842055000394 0.08066364908948181
 -0.02655549933577185 -0.07427896245117269 -0.08635987475754844 0.08103537171925596 0.04774382896762211 -0.05375889851475616 0.03113077085061178 -0.01511528412991961 0.06661815817185307 0.03315382664860136 -0.04701407907931158 0.02627731156653795
 -0.008802244010488597 0.05254344207228817 0.000194685878448439 0.04141116619105892 -0.0009590668710878769 -0.09693201796040685 -0.07275341023022761 -0.0139005337446181 -0.05825941135030387 0.05836142512184081 0.06955074370302758 0.0909650311889422
 -0.08415585357336813 -0.09732765056447652 -0.02648425269525838 -0.05136409025277257 -0.04479615702265899 0.06544326231844777 0.01633133052393687 -0.005951881979107579 -0.06966030805180894 -0.01917791577826997 0.03360628989660164 0.02449167662615978
 -0.01060765020359136 -0.03817417019078403 -0.04461940915567317 0.0192985174145152 -0.03319811048201381 0.02029065290561001 -0.002398250678921951 -0.0350508968041585 0.004344541830792165 -0.08286591430733231 0.01985010911472671 -0.02949853219625607
 0.08529424845114991 -0.03089140203902362 0.0273869817858669 -0.03765847686607161 -0.06234336961552424 -0.06102728158926673 -0.01804925573532742 0.07190419004496429 0.02865208079172518 -0.05604411889860711 -0.09216801453297729 -0.02757200996187574
 -0.04021399296320391 -0.07254214584841795 -0.03144148980176707 -0.02416276750865051 -0.05627887467540548 0.09192116530540548 0.05317137512952214 -0.02322643245155812 -0.06334876915415101 -0.09165569726081721 -0.05727604744068499 -0.05004160636796785
 -0.0576074180173704 0.0008311748753628834 -0.0631044426232318 -0.0427442166448741 0.0579227653122531 0.03123394787984868 0.004156383980515252 -0.04940949646126737 0.03831433896628275 -0.0007268025610913803 -0.07246412794644878 -0.0508993606170837
 -0.02533370601829815 0.04644768862619228 -0.01742283579097169 0.0145519583402571 -0.06183062578949172 0.09400297725332227 -0.008787382664316029 0.04171357722873001 0.004547179965787795 0.06923975542922534 0.08861054367612545 0.0670565832800093
 -0.06997501109598715 -0.01155170316094942 -0.09743891301608107 0.04316296980788259 -0.03906334431345912 -0.07859003709008722 -0.03260922407902309 -0.05007592486129919 0.04268374563852256 -0.07243189290969036 -0.08550999921173642 0.03969901933701048
 0.06940735143850593 0.05340399102355656 -0.09019064174902182 -0.06859328291212755 -0.03545804328920607 -0.08688857647104914 0.007165907858989559 0.01266643495832007 -0.09369952797126969 -0.01494714747099955 0.004800999445529364 -0.01209181946902525
 -0.04210404079705658 -0.01712220083903676 0.09438627313598388 -0.0342696170308802 0.003169305731585623 -0.05027876140760456 0.02331882680652693 0.02987220983487396 -0.0248199276877927 0.07935877620657367 0.04294909939284375 -0.006210791222065748
 -0.08265477468747832 0.006425766624068047 -0.04310542294636532 -0.001293031431821551 -0.04338397181793575 0.07079367165201708 0.07999266584113993 0.03206585409193233 0.08003071164030826 -0.09386964772006114 -0.09567361268516562 0.0554896366843155
 -0.09866862337622941 0.007307963293356146 -0.04939293212319384 0.06507785681907696 -0.05880960742423059 0.02206321580627724 0.05327838572168436 -0.02881723666649655 -0.03396346772371227 0.07572309584588396 -0.01994292066915518 0.04931760228509738
 -0.06773672864590266 0.05697927163238484 0.02558589590191312 0.0628516654115189 0.05766998147476263 0.09299847872758743 -0.01593687356221821 -0.06050587879781114 0.06955599600421072 -0.01989381643781131 -0.08584301329532286 -0.09803204607103845
 -0.08282666591097795 0.08746203974846081 -0.05497707230450756 -0.08631053559950845 0.04351983774689652 -0.03551283669709594 0.06838652392120323 0.07817087765522091 0.02709676977818481 -0.0262172675169358 0.02009566708676132 -0.01071078265408926
 0.04805485404617549 -0.09690198009659128 0.03549590325194632 -0.01141416674222072 -0.06283309395269657 0.09098377399878915 -0.02366216393469199 -0.08662988409133233 0.09917890845047081 0.08129619852452466 -0.09057050495176905 0.06952060548245156
 -0.06316160836575591 0.02805634290888331 -0.08421667367460836 0.09937940440352752 -0.03465083120281652 -0.05763473142943089 -0.001188779903384091 -0.07087369578006043 -0.06090177585128266 -0.09471377796251905 -0.09136160534117481 0.03978331087035428
 -0.03187582771753081 -0.09200766883742791 -0.002579263666524667 -0.07212795346962947 0.03884742414232006 -0.008100403270529313 0.08996443844659838 0.04644736329557755 0.03009437498828818 0.03521387967848988 -0.03834994990252244 0.09059796296466335
 -0.09643476905475136 -0.09642073865645329 0.0307979402663123 -0.05169318879539894 0.06184603220497528 0.04107168120144564 0.002671143740160573 0.01587628810356354 -0.08569728278842427 0.04861075806751095 -0.09952408895133254 0.03116770123240592
 -0.09939553336143404 0.09201292004832365 0.01415527034306188 -0.04572247100132526 -0.04910051188272694 -0.03180496279488693 0.02051908970042871 0.001186481823057473 0.08066349096604861 0.00650391815204629 0.0600587753760968 -0.03722256059694208
 -0.09240368036541047 0.03701705989475973 0.05653877570980478 -0.006046876379383864 -0.04882979787805354 0.04045860631338125 -0.04244719586321541 0.07986009845502937 0.03189230105599977 0.04545579902791183 0.06409984523431264 -0.04778266794904073
 -0.02046002564091552 -0.05556096131603924 0.03551249747352103 0.06317052898364042 -0.02492343360501195 0.02146846232612368 0.08764513655335196 0.01215130357076151 0.08142607258840781 -0.02095407249202469 0.0537358626539006 0.06210975003578537
 0.04603793917729654 -0.05811604409044661 0.06470406711136192 0.004447818211985671 -0.08345518797100734 0.03717873971303684 -0.0153983738006974 -0.001840899330050369 -5.204319696304471e-05 -0.004536107688227042 0.01646626844679218 0.07691238489063443
 0.07565569566100244 -0.05102260443967414 -0.03997929826496521 -0.02249582500688205 -0.02633205773099405 -0.09997614966792563 -0.08870583125507664 -0.05657918940445061 0.07197989043929473 0.01699448897495925 -0.01895893367217029 -0.09223178946206975
 -0.0975897697884537 0.006420105358672629 0.04189334839271922 -0.01374877331108636 0.06429759352700526 -0.04509925859667982 0.07595003421274527 0.06848484591407378 -0.09644288052979053 0.000542938292330139 0.03008559418270554 0.0663958095764611
 -0.00696689071557989 0.001108175569636827 0.09379908258824568 0.01112644416139008 -0.02684572134879949 -0.08975789703848563 0.08066165695213087 -0.09427211059523552 0.07462800223565089 -0.09468973919237912 0.01365026409148787 0.03212454964021869
 0.04068459538259486 0.09051289991851388 -0.01971446003658164 0.01266288312170601 -0.09884006625228765 -0.01608532330135705 0.05472624317218319 -0.0759394242027296 -0.05460058395152171 -0.04589000456563853 0.08436795453900534 0.09620578649270364
 0.0962073960191567 -0.08420324269767092 0.0673593886798208 0.05147012552376307 -0.02593312464721526 0.08430531110859144 0.0388829307192293 -0.05561031782259301 0.09644712677437048 0.09136228558608755 -0.06143934326493276 -0.0316259641226987
 0.06389177248777669 -0.06762333783915622 0.07727790481196697 0.04847995451514819 0.09374117532613674 0.003094679390275829 0.04756447242173825 -0.05038878073287395 0.07811986286109893 -0.08335383812387873 0.01230803469616677 0.06912933006252839
 0.06020163427842787 -0.04061964463572455 -0.03243424201751231 -0.0484588626177109 0.07683181371520009 0.04945514837550383 0.01759288034637765 -0.06449405653726484 -0.0394575702190883 0.05087500653666749 0.004169283629257572 -0.05926794337317637
 -0.01060446786495341 0.0008041274932266002 -0.03792264877014548 -0.05274209959890705 -0.0824610724687103 -0.07045708563585024 0.06031506237120438 1.055406408045911e-06 0.001757394056748018 -0.06464133531631357 -0.08705339035629445 -0.05483687501679155
 0.0771673140066351 -0.08629758943749308 0.005471627767671988 -0.04521659849142924 -0.06817250347926221 0.009671603895622605 0.09255455879439087 -0.05909278587338035 0.006767831024782511 0.08728726689715369 0.02184021538002175 -0.07959888266600176
 -0.05170702931462917 0.05544233380728109 0.01096903890281735 -0.04219705363618064 0.07071676899267432 0.06936643240809606 0.0723724327646865 -0.03172962660478089 0.06997384267124099 -0.08291888621091656 0.02956772305401661 0.0247889949664037
 0.07105727222773975 0.002504505105192179 0.03443621587827791 -0.09517302455089151 -0.09891121280454038 -0.01361968936157218 0.06037015895945108 -0.0425683211214282 -0.008611113041116863 -0.06693894599474982 0.03646655847203439 0.09676676525692837
 -0.04692969067091987 0.05054413575632793 -0.02491804926737427 -0.0367033743707136 -0.01999232809442865 0.08489276471749727 0.003095949366831288 -0.06330196122712629 -0.01170917669894203 0.01497925889479157 -0.02951396732684931 -0.06453536212168888
 -0.05982158293643433 -0.04867688998125356 0.03396973771176254 0.03132419088813382 0.03845388938119887 0.07794563628621365 -0.004165947191227398 0.08778605676048565 0.09331070445409215 0.005016356229242874 -0.03452359790308372 0.04179918927857382
 0.02859392359301688 -0.01908861086476712 -0.03451546736797607 3.424168434207342e-05 0.06149010249877185 0.05869101966576892 -0.04309129223038179 -0.01055935741308357 -0.04743947849976546 -0.09399203560091793 -0.03991070127336115 -0.08249335436981747
 -0.04564174017068487 0.01734801347910611 0.09267803465250157 0.03288038203672089 0.07436393042309977 0.04276452445662621 -0.02665706773328626 0.001849239728008906 -0.0713366581493351 -0.04504724320890531 0.006600276912383157 0.02522373329218899
 0.06639286515671974 0.004742584365480737 -0.07952196352916346 -0.02250346600585454 -0.04988687141047651 -0.07160952381086817 0.02524505946155159 0.06019302773298615 -0.02568662126173597 0.03812758581118569 0.06469945063604279 -0.06636319049421863
 0.08333326860188206 0.08848042748059143 -0.08948281987061357 0.01045796362363112 -0.007354841730159239 -0.05515686923001378 0.09661748701309386 -0.02102113062290502 -0.06502993489961487 -0.02895948566389196 0.0754789216642191 -0.07904000855621311
 -0.06350093354297215 0.07854831140569807 0.03245471935203637 -0.001637640807006555 -0.07759806100188824 0.09711125090456207 -0.04099092569506907 -0.004457954282459708 0.0649993315973772 0.02787243384832777 0.01134327411246305 0.08030423646918933
 0.008548294406599613 0.09114078804609765 -0.05092281875087187 -0.01619001200010556 -0.07699288336140497 -0.02116383314407569 0.07307768353101832 0.08108299240442637 -0.03352684206531019 0.003743901654247803 -0.02006915672109827 -0.001091274104038878
 0.06715594882085704 -0.07740837172908382 -0.03675636378641735 -0.01214556576483164 -0.004262872500396392 0.09568997019782879 0.02141871629045806 0.06541884704003678 0.03827278744390245 0.03592408864790603 -0.07691984784744259 0.07889200114831202
 0.02542651908708346 -0.0961839249065866 0.05220894165639708 -0.0885265159221601 -0.03313237407061917 -0.04987360725171922 -0.07409522295513761 0.07225272147136674 -0.0242351830352919 0.05933372246774463 -0.04720763588605778 -0.07499331278140015
 -0.06066878399662776 -0.03772183895265501 0.01166459826586577 -0.04146883640985589 0.04353595185861978 -0.03669709067231554 0.03611981903210579 -0.02159909651036915 0.09597232981261444 -0.07812006932134052 0.09743838320268222 -0.04423437672148266
 -0.01158722031812355 -0.01587063728308315 -0.07629691717814302 -0.01044995039899875 0.06606715049878928 -0.05035287339037403 0.04334500288004159 -0.07658931669220204 0.0924201491587065 -0.01963363773144208 0.06304067641717562 -0.06216112763878984
 0.01989646822066864 -0.01459460799596832 -0.06420106757397305 0.05607410611062758 0.06524013582515031 -0.02744368889987212 0.02446130098479764 0.07395565225890197 -0.02676455537438054 -0.004073028013590496 0.0321743259967891 0.00565451916441076
 0.0955903825495843 -0.01563935686145322 0.0126130269701545 0.02350958836060066 0.07690510465881378 0.01798830535592784 0.07259234551692656 0.06746444786097019 -0.06114495451957826 0.02615414464728766 0.08216780955313172 0.01216761420586918
 0.005284279697519323 -0.06647719654959011 0.0401235670572746 0.07304741610429652 0.08361883573800466 -0.03949406806012562 0.08622407738456259 -0.09907856646998492 0.0720983983673486 -0.01221817273096783 0.0483379157196783 -0.007690157429783545
 -0.0234872528451525 -0.01090404801232678 0.09234095233277853 0.06478736849940106 0.03747372102205712 -0.08499209598521756 -0.01120974895743086 -0.08005736719285977 0.01778462875121209 -0.005827259195824636 0.01768536593806151 -0.02502268459478793
 0.08248214960505332 0.05363021300843601 0.03289436411377764 -0.03836958420866729 -0.09126253677867684 0.001161819240767303 -0.03219171443626144 0.09636073778770471 -0.04780369158821098 0.02962649512691257 0.008927710168057004 0.003560667129822864
 0.01533891730555362 -0.04867506725531962 -0.05328199358618128 -0.02988070840118696 -0.0543142169904416 -0.06822062901467429 -0.04118230672303944 -0.01902269462913148 -0.04054349007020707 -0.05281704916685931 0.05394765493461079 0.05211636203558012
 -0.09307869341296113 0.04228999433625949 -0.008389074332159768 -0.02551794370058867 0.08180730498819522 -0.07703459021091343 -0.08310527048852313 0.07647685653901987 -0.0916070634765196 0.04535949403401435 -0.09514631541246481 -0.02680743818246743
 -0.0804664542376041 -0.08718424102950274 -0.00935264663492133 0.03227239067213578 0.05005957613207696 0.03925345782392992 -0.07618358221246761 -0.08514018718140894 -0.05293191212414836 -0.09919979339243454 -0.04310649399534527 -0.04715298088301798
 -0.01454133123709769 0.08339868448502433 0.05568453766835016 -0.04193447622017955 0.03250038093117036 -0.05503612328049415 0.0102903219137381 -0.09167370293044212 0.0371627493820289 0.07425482759872692 -0.02619739202367161 0.07547548238539509
 0.0483207846813212 0.06634723482212665 -0.0614796469128773 -0.08979891356374409 -0.06491368157353131 0.05801244820155779 0.06733832580848612 0.04934432109665599 0.04543541978383425 -0.001742474203611594 0.04587500181623966 -0.02624926682681659
 -0.06634991231997381 0.004431303873961401 0.02107854876573137 -0.08556225536470805 -0.01256923955872538 0.01680982206904771 0.04265396190690365 0.06110890613229508 -0.04971974516917019 0.02349146848709831 -0.06973549251847827 0.04813047396699019
 -0.03921290168059238 0.0493255689074959 -0.07730317428438505 0.08601660544227122 -0.03289820769052595 0.03632790029284655 0.08224842643049923 -0.04360630073871578 0.0008320817544128223 0.07442116723093489 0.03532409168275999 -0.03118662131311854
 0.03228343036395678 -0.01436035245756903 0.05717641408019677 -0.02683139769433286 0.02731321866019945 -0.0962892566554852 -0.04509945583810272 -0.03227894500592825 -0.02621395087648121 -0.0624742142681913 0.01431315716406763 0.07463695579569518
 -0.02373703341120427 -0.0489664072164863 0.08120794447659213 -0.08317475482137961 -0.06276931117497936 0.0008418021642618567 -0.0799437239651908 0.005656302940724084 -0.002389694887942329 0.09879210829266491 -0.03152219011776533 -0.008614525971515338
 0.09693409634766065 -0.02236592638792997 -0.01901250926709953 -0.03899937432476291 -0.07638526072872411 0.06363993636589765 -0.06374867828399634 -0.04641179393051166 -0.008647512392237905 0.02179853373685703 0.09328535278854005 -0.01102093390646924
 -0.02495187161955978 -0.01352414404802013 -0.08068703131437421 -0.07564174513295578 0.06950212169070322 -0.01381229148805306 -0.04988760889163332 -0.01375118301131567 0.05830808835357967 -0.05622663862828786 -0.05121812885942759 0.08916684017255544
 -0.04797002399588183 -0.0828658653900425 -0.03324398090404211 0.08242982327890611 0.07208658892544054 0.04405977604136208 -0.09210842519583941 0.0155454962499797 0.01474746771612742 -0.02813689345643194 0.09902877268264706 0.05572768148885651
 -0.02750070125236996 -0.043422665683007 -0.09543862750572187 0.06357436679136788 -0.01094467478731639 -0.05783589953576699 -0.08798400141532514 0.03908708920873638 -0.08679306353647881 -0.03327460203106422 0.07489853217854689 -0.0852877280602722
 0.09193990091865925 0.0967781761858873 -0.01135085929106031 0.03727081225329471 -0.04437461591282671 0.002576856954751267 0.006793063878373043 0.06973227127609158 0.02096841205693183 0.04243186618538899 -0.07388620300937818 0.006329997677700927
 -0.03205690408766479 -0.03742394834000493 0.01867388727010902 -0.09998545194708698 0.01037784527746555 0.06486893878873856 0.04360299408243051 -0.06987340383115068 0.07952267234269655 0.04763936643534952 0.03159454307707835 0.09666737559661406
 0.02454651519151554 0.004871542785655672 0.04806819629084022 0.05902131802709462 0.04446893441755406 -0.08715412154126424 0.004268297288350029 -0.002330256431506625 -0.07318559700417128 -0.02466684733483761 0.02634431873339266 -0.05557654008925687
 -0.0403678184360606 -0.06663462706684511 0.05584347726517144 -0.07466746030655774 -0.03971824448440408 -0.01649106481035453 0.06947913848205409 0.002878748996369529 0.02711185970489921 -0.08936035221549803 0.02575674379663126 -0.03600821068431774


