# Created by Octave 4.2.1, Mon Oct 09 17:48:04 2017 BRT <root@mosqueiro>
# name: w1
# type: matrix
# rows: 50
# columns: 12
 0.05435680369030657 0.06363216943096833 -0.07156918517651287 0.05837273989626099 0.02812588392970325 -0.02548159553541683 0.0205679938325545 0.04308664504167314 0.03251191182265042 0.09730039591879622 -0.0797663006362143 -0.06543058816998132
 0.04935949075140467 -0.005966916211870787 0.089201644199945 -0.06999866230212365 0.08509222702639446 -0.09882136008559823 0.002159705635414566 -0.03662635905233855 -0.05291934069326489 -0.09333374677073547 -0.0826959979491594 -0.0889735317189021
 -0.06606963266118976 -0.01975543869498356 -0.03173399946149308 -0.02791030543979424 0.0581098716878744 -0.08496967384838765 -0.05407035208491981 -0.007688651708533695 -0.05319803444000216 0.08721627088100745 0.01269628977835344 -0.01622310850522048
 -0.02269608254806697 -0.01794699978197342 0.09198390924175393 -0.008030272652661041 -0.07424478548369551 -0.0497276607669315 -0.02414196979430262 -0.07390370421245011 -0.05340914889873351 0.09575767414652184 0.058178752014689 -0.04635348905157569
 0.02913940408235186 0.06065416062185008 0.007067666282769641 0.0482862146670589 0.06170512942154152 -0.04272094209008125 0.02845462478417732 -0.07611495369769039 -0.006231972391657056 0.09206590092869976 0.02558460590688005 0.04345671759584641
 -0.01802394410454521 -0.09921197612969203 0.05407771944188935 -0.09393809099415677 0.08621699987766718 -0.09960547553984773 0.09377249807917673 0.02847238853556533 0.09329469674366636 -0.09060429217775617 -0.01370454502819113 -0.09333447346443897
 -0.05785780209823749 -0.03994113654757331 -0.0368496953380472 0.01387728326217771 -0.03300094431150377 -0.08105123153422301 -0.03855707461827404 -0.0574025141512026 -0.02956752154163839 0.01440123313607315 0.03881738786569694 -0.0898822448334527
 0.009525833177243467 -0.05346664369749869 0.08703494994498559 -0.06029974880878356 -0.06394511584848314 0.09164770461209215 0.03887765520103131 0.02519395578286041 -0.06209332374594682 0.002534093035948717 -0.09666491130511971 0.08575120986644633
 -0.02743956872014673 -0.001006507881992871 0.09574293893602123 0.0001195026840048879 -0.06334330719067084 0.09266055726658268 0.01223262264340923 0.05954400691781023 0.02557361553031851 0.0169917321981066 0.08263221029050971 -0.05970478888560721
 0.07824346481917183 0.01956304452071989 0.03174756282586813 -0.0879245247136814 -0.05779048446176997 -0.07416061430369231 -0.02958924655701971 0.09393499385661547 -0.01226890190097331 -0.03815291903577133 0.06716873462153691 -0.02650594391041025
 -0.01087790258662948 0.05925219349234789 -0.00546465096951107 -0.09223311788397352 -0.0321764114404091 -0.05856465223408082 -0.0701889112366038 -0.03348933823613053 -0.01048327971881755 0.0217982679247571 -0.02847234545338893 -0.0686109038384872
 -0.01492428716653572 -0.03177876137577933 0.05605237739616009 -0.06435114758578099 0.08352754933845249 0.04181540501871009 0.07996340817991709 -0.03562251632490344 0.09543107216724364 -0.01837877916357313 0.08531742046103374 -0.002448164488515508
 0.06675410077124053 0.04756220728993907 -0.001270383761807672 -0.06610265159262808 -0.04876074987353266 0.07944372208310616 0.01397490791763598 0.07617647137973621 0.04772654662348699 0.0812017914831642 -0.06672997423004906 0.00406202301548389
 0.04227593901151275 -0.009730793771214871 0.03598546986681073 -0.02063625304597873 -0.05391465338867631 -0.01667004007545977 -0.07798099050419786 -0.08550238933324487 0.01584808474595316 -0.07650512756387179 -0.02242185032927681 0.05522999871735254
 -0.0788184771585751 -0.03385477143977583 -0.02554892633332988 0.06413311668562166 0.003282596820802453 0.02175272298268109 -0.003314430389499246 -0.07136477471971116 -0.09606355392376743 0.09859322537865822 0.03628033416185875 0.04309187956756905
 0.04909134310585872 -0.05096448591305815 0.02934633879712392 -0.05007445624776789 0.0272308795137608 -0.007635352831147676 0.04897390233888899 -0.05521600599719143 0.05489056931278705 -0.03881435593348927 0.04714200256624379 -0.07335752075016772
 -0.05799692617075557 0.03692383595346049 0.002274226030019838 0.08929709725735521 0.02771289362232032 0.07286994079970274 0.07690220229594799 -0.06645367517898738 0.02798300323172945 0.02316216618543794 -0.07612113262718238 0.006401726511894149
 0.05669256755120877 0.05890274442639371 -0.02958749543593454 -0.08147995377106365 -0.08249367819280741 -0.09608272450792987 0.05503957397552503 -0.006145939887996402 -0.0635869548920034 -0.07667121147960987 0.04202236752691296 0.009852903893665374
 -0.02976695860536351 0.0611070500796492 -0.08298145889073427 0.01014967390174579 -0.03267071366489492 -0.05600772927792318 0.01535164382322154 0.002560728958730982 -0.06554601570067434 0.01346506019075486 -0.09340315436008284 0.002864713327131271
 0.03478762957032991 0.01575976688205391 -0.06042476449733333 0.02747883068091844 0.08143137242542928 0.007679721177280108 -0.07603345766189541 0.03460739157928366 0.02898479764202477 0.03152478614886595 0.05653444961962653 0.08160439013417514
 0.002184993229991952 0.09036754629182772 -0.0583044957885254 0.07748687184803871 0.03722778038665661 -0.06539408758411171 -0.08500939037796575 -0.06799969221898527 0.07771639342529671 -0.0202778791830627 -0.02410440638879029 -0.08888832631279912
 0.08710661014638654 0.01446217719021844 0.07639830852021826 0.06812056336095981 -0.02963683925291599 0.08136515074948283 -0.03442139971027144 -0.08908822460369209 0.01578438641457561 0.01102250145664355 -0.005004025487521158 0.0171804066469656
 0.07974848095574669 0.08786179566381078 -0.0002669632803341676 0.01670959884886054 -0.05905546212800231 0.09314428370271752 0.06780815564565409 0.02470352819327888 0.02336644719036436 0.07064523090072325 0.05326617876547382 -0.06700523500043455
 0.09171352977911093 -0.0795877281351538 0.004698936880841859 -0.02498859496910809 -0.003591657141706298 0.06494407741904984 -0.02806643856923413 -0.09729161261403037 -0.006609498691408616 -0.05581493657907538 -0.09282655882580615 -0.04857672937392964
 0.08831863044236574 0.05176541080151462 -0.04188219917588107 0.0595242597248701 0.07593830885948957 0.03961533184676652 0.07015278704556407 -0.002478710868645401 0.0782385777644552 -0.01059379823129405 0.001170404947492654 -0.003720046969553914
 0.05646847644546668 0.05278494989369562 -0.02874785942067401 -0.04319259253129146 0.07577689975241519 0.03132538928400158 -0.05854624531245115 0.001930852891380577 0.06277852796237687 0.00320772028079104 -0.02984762768962058 -0.08760730719554637
 0.04438894247131547 0.08853612829114774 -0.08481679854701862 -0.008422613341031143 -0.02928878535970302 0.05320258433432509 -0.03716391595117689 -0.08028458627453722 -0.04832704990419302 -0.07185893751196112 -0.03177112340106049 -0.05706187700319187
 0.01390333038418923 0.0003919954960417832 -0.03235894235179647 0.05766104894701404 -0.09101657993644685 -0.05806642768278506 -0.0605003193093907 0.03910984039376672 0.09215711090027864 -0.03778343709236925 -0.008778280330200797 0.01798033724408273
 0.09894836232643101 0.01616899823072364 -0.07128394190701805 0.04530923442856313 0.08578991330633304 0.04862112532959667 0.004649247053722161 0.0452366889377471 -5.602235461056593e-05 0.0479665331209444 0.09896723908707281 -0.01772737206748008
 -0.04390918550578504 -0.06331993350958232 -0.01891886350240962 0.004319779408777785 -0.02013712379671263 0.03675450588236223 0.02676191238165262 -0.01487182286867408 -0.003302923521132289 -0.01782145493951147 -0.01007830553233748 0.05837489900047318
 0.05000971521205275 0.05374924503547693 -0.08186362044364627 -0.04928540088946617 0.02279997446080528 0.02404557565831492 0.01866902203093776 -0.001160552665290304 -0.09638586060406899 0.0137233670907884 0.03497462444185079 0.0381602356445048
 -0.07337075267483326 -0.02959945544997324 -0.05085214385155432 0.005644184608321945 0.09542693883057901 -0.09326544990047911 0.04479373010379778 0.002207893911918557 -0.0006667838743512483 -0.05926959442611325 0.02969136977171843 0.09779103070273978
 -0.01948023367016884 -0.01268461727109499 0.09667299914402255 0.001420345801623341 -0.004769962124875113 0.03608953444495855 0.08357891887861266 -0.03761160274568166 0.02914090766802696 -0.08024269805006942 0.09055481728370773 -0.00332697122353845
 -0.006362332875404053 -0.07776226476321206 0.0004296891007618681 0.02537885104799348 0.09193695159271173 0.03809998552299559 -0.0831029644790935 -0.02845462784222198 -0.03464266547984268 -0.0576351252956567 -0.0005505213570076994 -0.02570824539790996
 -0.04114070040675621 -0.03472995614272831 -0.03283875802495292 0.05611351368317369 0.007322243675796675 -0.07423136272194721 -0.05392777150110581 -0.03991144175257164 -0.01090697204531627 0.03239307608733591 0.09097869524998439 -0.06295364969943743
 -0.06924889065535109 0.04590939370388666 -0.0371038667718606 0.0348800987847559 0.08084204639279871 -0.08934037895746406 -0.08465544315829134 -0.04104422172458268 0.08540423287703 -0.0337550328503725 -0.08312463636976945 -0.07893137738925386
 -0.09342038201146403 -0.009761716131712422 0.02934532487943362 -0.08989048317571213 -0.08662782448669437 0.02668113358344021 0.05179251527282783 0.01297516344510205 -0.004517379914069836 0.005944687881309724 0.002248322601780386 0.01906018680597724
 -0.0498925921714443 0.03122744783136502 0.03514337722206795 -0.0002569831726975252 -0.009985064957539494 0.03305585507593065 0.0492383330602022 -0.05948314750384835 0.09627021406378644 -0.02532795045421984 -0.007700582989318139 0.01603889597732835
 0.09602029342496521 -0.02207602495422255 -0.09059930357933338 -0.04958007164526067 0.02741010399920771 0.01697795884601194 -0.05543228175916168 -0.05960681266656855 -0.08766614079750498 0.001079471461728571 0.03657101104336341 -0.06793885748074036
 0.09442581768462463 -0.01767850396782894 0.08090605427128869 0.09771874171913961 0.04615406397404626 -0.04924255956176792 0.01310680252180249 0.04866928039408602 0.01713978393445018 -0.0411621704092339 0.06872229428722712 -0.09452877344987287
 -0.07027661104972721 -0.002877782675125187 -0.00868300893116522 -0.03532912532003583 0.06453002174624303 -0.01702451104522963 -0.07797956093449811 -0.03681344865449207 -0.08486667655328139 0.004169419068323355 0.03883628414290885 -0.08995581820668157
 0.07860277060763121 -0.001191837919407385 -0.03778368654800543 -0.03680245275734344 0.01166835414985468 -0.0213459518894815 -0.04253229363405592 -0.01172601498289151 -0.03467384900554375 0.07787145506275059 0.09895003571544983 -0.07788574671344417
 0.01638172809072769 0.06761398716950245 0.0963594882535562 -0.04041154691025394 0.09113881497863766 0.03121077512895462 -0.06332742372515335 -0.05793997205247103 0.005227764825541104 0.08565692614138357 0.09330338576266375 0.03023868927144296
 0.03892981745977098 0.04856865366360985 0.08776889603036137 -0.04295118527615064 -0.08367648519188677 0.04966819150563212 0.06039317596802762 -0.04818001111183356 0.01052068741847526 0.09561322117343693 0.05058476091560524 -0.05495371317997061
 0.00382137267416531 0.07259659709202668 0.09982216780907963 0.004715659407445671 -0.03577671740855438 -0.07293473413377891 0.05824684313865211 -0.07594112207826011 0.05362790339180917 0.03711805500004872 0.03209820954559386 0.09107541147366405
 -0.01435143811123028 -0.095655222167694 -0.01192819372782504 0.02375273184591245 -0.07488683096475857 0.07997923245704758 -0.05606139500245783 0.01125463632754595 -0.02263248867231435 -0.05095907905350729 -0.07312060208208479 -0.05830951067481917
 -0.006623256303684738 -0.08233301943633524 -0.0942731069899322 0.08106571736810567 0.07987123107918245 -0.008058248149425892 -0.05818596971914566 0.06090915200697755 -0.094260741279846 0.03744831306738353 0.01940573214764699 0.05984294045037358
 -0.09305291703720368 0.08930519118081526 -0.07649690379930109 -0.09373165687483173 -0.0821603229310497 -0.02575864120749265 0.07609047046554138 0.01646604118541453 0.02096797506440595 -0.07626017968684001 0.08553872486615341 0.0970467481708385
 -0.005650573973792108 -0.02618947051500424 -0.07089292935860127 0.03850234958763304 -0.09875245055480071 -0.01216577172787267 -0.02653548574216499 0.00332673747493499 0.04265229377604771 -0.08317601412374581 0.02897187871957843 -0.06472527015168461
 -0.09052999457915117 0.005405879971165997 0.05341790698524693 -0.02095633754633743 0.00836540037402636 0.03644806504911069 0.09478483983195779 -0.002767322409481091 -0.08318423061197601 0.06684875517777297 -0.0973915047175377 -0.01575402164542414


