# Created by Octave 4.2.1, Mon Oct 09 17:20:44 2017 BRT <root@mosqueiro>
# name: w1
# type: matrix
# rows: 50
# columns: 12
 0.08748209953351246 -0.07497790945128073 -0.02709090624729897 -0.01888177052858425 0.06305733236685981 -0.01158808238113099 -0.06573895049995399 -0.09293225597398795 -0.007969352132824487 -0.08925947934103119 -0.05127419442919517 0.02539735055934295
 0.04077591105582085 -0.05887304813701172 -0.02277493783831787 -0.03709191299915095 -0.06572315688195575 -0.08124464195535264 -0.08489038224239095 -0.007642183448811124 0.06324649175274985 0.06873315081450848 0.07050152456859096 -0.07492746620195416
 0.01045175163086673 0.01421972621929932 0.006455743706547154 -0.01658747372760451 -0.03054382402659669 0.07966570441973225 0.02794485650435358 -0.08660391035823349 -0.04712097278542399 0.02451568750481062 -0.06067743021944488 -0.06573964894342813
 0.0006940134622140243 -0.05647336393697117 -0.03958552964190304 0.02216049760112984 -0.04410627609903767 0.07415033999773457 -0.09931373419707287 0.04401655263522497 -0.04290794650773212 -0.01459981549044477 0.07939851317518845 0.06612515076914169
 0.08397456375047915 0.08197268510454059 -0.08191464997843664 -0.07425355272747933 0.08594469329821094 0.02543853401912663 -0.0632383627906126 -0.0701109595095751 0.07832862359145504 -0.0894739638223033 -0.0971326341520875 -0.09988666055778679
 -0.05800895904947587 0.01163853262934503 0.007705919666296052 0.09769383168236451 0.06593824515159782 -0.07090531055619109 -0.0567545570094096 0.02600077059966918 -0.0437190692191976 -0.08399304681783341 -0.03954791022089032 -0.02358298253308476
 0.03025595238262252 -0.03497988763526307 0.08495293842517551 0.0906097993613488 0.03409300685989541 -0.04395110289898244 0.04395434742583998 0.01625749815371809 0.04091953733747966 0.04980311312522082 -0.06219836692425024 -0.03368865563184141
 -0.09321074634425368 0.08901232112708946 0.01904697196938528 0.04642867747780929 -0.08262236760807434 0.05443666159389501 -0.085259678074874 -0.01481156414466431 -0.04811145693133313 -0.03552032768751122 0.08753179570871347 0.0471674870685776
 0.02913258075114256 -0.04027387657527063 0.07982829354526685 0.08400407468601573 -0.001980588310801959 -0.01139895406137083 0.003068909646204279 0.0899850133953328 0.02076374123922811 0.08556921755416527 0.07974166278014697 -0.08287492683588772
 0.0582563632335793 0.05785840884128876 0.02609846614676392 -0.05056397975697861 0.09271341518837761 -0.01408605647376318 -0.08323773172969659 -0.001205913855221258 0.09535000197131388 0.04620409395402025 0.02484530425158304 -0.07325108836723768
 0.01586275055326496 0.04389825083888005 0.08607409453678011 -0.04996388646370337 -0.06806952116215961 0.07258524534830449 -0.02284227183746292 0.004938575675997231 0.03632420917783974 0.09050827882132859 0.06212779926574105 0.01348837767905706
 -0.073122746169483 -0.009524229298218848 0.04129733007390954 -0.02337250033712854 -0.08549866636848884 -0.07996702544267228 -0.0948988630632437 -0.05534773224661077 -0.03157374907989557 -0.04876858640393002 0.02472410039506415 -0.08084395054451943
 0.0005569236279534956 0.08788639872292528 0.09293007746474169 -0.04331474005927893 0.05152942501488819 -0.06699199275607698 0.02894887373419577 0.03500777413706285 -0.01375293313640888 0.00979806869972602 0.0316770343379546 0.05785261493189281
 0.01505434472396414 -0.01823564493852922 0.02415212562909017 -0.00314982116398746 -0.04105413123268795 0.09788399611077189 0.05358633922672509 -0.01833651479570018 -0.0935353851911397 0.08975265171370728 -0.09324725659132778 -0.0125447782367485
 0.04500716618734818 -0.08336275023598369 0.05978086034545393 -0.007613811892337799 -0.04258960117622329 -0.04008481268315966 -0.06568311502086605 -0.06742326757584807 0.002490171661144472 -0.05657878826327355 -0.07563073976895877 -0.07845658662928114
 -0.06793757926290957 0.0639556009724068 0.04630895236559623 -0.06560823276913233 -0.05847554521519399 -0.04735379980548801 0.04276063016869053 -0.0880651042234654 -0.002509213613147057 -0.06679899504515976 -0.01197118953961157 0.02083278622290921
 -0.01890205239763566 -0.05142336576982464 -0.0520044096431297 0.06985774382803123 -0.05790444284314901 -0.01412445450532823 -0.002932053879377089 0.08931261771290483 0.03858751613368477 0.001471986395923525 -0.0196877483832833 -0.03814823895817915
 0.04929057770081086 0.01966612873700477 -0.0844328734802326 0.04770204269324857 -0.0164575314093658 0.07617218383292229 -0.04589082231419938 -0.01586108846478175 -0.08561403222854441 0.0281172778090483 0.05334539704189087 0.05208568072747763
 -0.07504115732517248 -0.01857552859012954 0.04852485086547967 0.06180061884431434 -0.08030674454193991 -0.06110834576671135 0.02573426454892561 0.09482379868930732 -0.09057426372698063 -0.07476827807680239 0.06065432174798943 0.04083737804927065
 -0.03731240984870918 0.01109406080621825 0.07684068598997337 0.07800964725099849 0.05017367798502559 0.09640217837663453 0.03139353952118895 -0.007622523043864404 -0.007387728510086011 -0.07667991071192409 -0.06140443451095778 0.06842741074031156
 0.09208319036573595 0.021061552470068 -0.01507707713190044 0.05922465266485286 0.007077062613966595 -0.06096528829149278 0.09272311409664832 0.06257277153099453 -0.03236167649229739 0.03588400905532071 -0.08937983392682573 -0.006177036752153295
 -0.05655227212791891 0.08843159419211274 0.008631539094100887 0.02634318845631067 -0.09954229704885294 -0.06383693542744226 0.00946995329493798 0.09603556003303884 0.04145650017712074 0.08804549079431787 0.01840906242558668 0.01624686162670611
 0.08608262458821808 0.05452071066751826 0.04508011293039835 -0.09809530539406885 -0.07467515294639974 0.0381116150333905 0.0186072830107689 0.05944589624722355 -0.06333627996312453 0.01584198679435064 -0.07021535328234935 -0.01399172757659756
 -0.04140719022875178 -0.007901640625129408 -0.0438335330797181 0.01026021256333425 -0.04204979497118812 0.03880226132240702 -0.07181974131954355 0.01697518910183371 -0.0295173829762328 0.02918282427842542 0.09205978026453746 -0.04064521613400005
 -0.04266483457257756 0.05032281816324879 0.07261308505222711 0.08602444396506156 -0.008465645900342586 -0.08061768194938347 -0.05962566082599018 0.09847465315007028 0.02496722369613633 0.02277344002762016 0.0166343072628472 0.03514104399488205
 0.01273675301098731 0.06696013256709998 -0.04542112963130939 -0.003193969609464886 -0.005750061616429311 -0.0864331037109457 0.03429757069661205 0.05033012574687787 -0.05888461292266024 0.009705617530949534 0.07550787881830431 -0.06384114703201624
 -0.03885214816179389 -0.08074174880013735 0.0673070694454089 0.01011999646712511 -0.05493773196876367 -0.09301522150456062 -0.07865521013008481 -0.03724197232404534 0.09172097916302249 -0.0819349543642752 -0.05388724392787164 0.06160798585453395
 -0.02234676740862417 -0.04021008445743099 -0.00427212820953847 -0.04521845045736203 -0.03757880885753199 -0.01995961972439611 0.06331678707527894 0.07704194476953402 0.01710288376915736 0.002592798288747963 0.05675568189458405 -0.08963172498522348
 -0.09332280867382915 0.01496866079416366 0.09150409366045459 -0.09960590389621628 0.01829437777090945 -0.02356511500643238 0.07667598879148887 -0.02987899883464426 0.08307867135379379 -0.01474331375606522 0.083404577497973 -0.03305942028462677
 -0.01195138037840117 0.002628334766142132 -0.06594224049397392 -0.036673926243851 0.08367345769017223 -0.009492338270832873 -0.06785866653657559 0.09626508452707452 -0.05451629360265246 0.04714471732102885 -0.08567413284929978 -0.02684345795829858
 0.09457372000486455 0.08528771757823023 -0.08758837234886045 -0.03206923869250299 -0.02760174422799871 0.03958178162228893 -0.05958136229483978 -0.08256252052097479 0.01888265899259382 -0.01988713125715755 -0.01323696971175639 -0.05458925590177927
 0.03768975827854315 -0.06919004222749582 -0.01873724497191293 0.05401982145531428 -0.06354003661824995 -0.06892928940865108 0.004978846739799203 0.02225450791920947 0.01692597950050923 0.01385191019272036 -0.05612540853691485 0.008386305525651533
 -0.07311056329776677 -0.03051403520984662 0.04457497715402203 0.03413600227427122 0.0910397033374851 0.05163171092243546 0.07679105132327563 0.08250759457505252 0.01216098834674315 -0.003131901028434331 -0.04225566865470335 0.06294770726736457
 0.01520828441444469 -0.0001176167860136856 0.03610125839874256 -0.06214105955050916 -0.07696301456282643 -0.08403159200667769 0.07898151616359461 -0.08453250397179073 -0.06090513949797721 0.04946055159428928 -0.01026160782528808 0.02290396437561153
 0.09021454647286462 0.07620650600837681 -0.09349345062552221 -0.06742085581179552 0.005259248198647051 0.002636236945844056 -0.03765037647566984 0.08700783596054881 0.04741324647686868 0.06505705789572966 0.04499707623664478 0.02425695596993378
 -0.04070935288966261 0.006248204628808998 0.08953646769961021 0.06611247138317486 0.08009882473363888 0.0130441390293887 -0.09679185437608763 -0.05813591833007378 0.0342125735527587 -0.05885623687257174 0.07488501426560804 0.04109332997528109
 0.06042998896370935 -0.08526549899153132 0.01084809479791615 -0.05910671826645878 -0.003131474144045077 -0.09795663198171815 0.06000374380061688 -0.00606038268035608 -0.04023481802317247 0.07842732771645997 -0.009194628974819513 -0.09382010062858948
 -0.04881724111460587 0.01567558070834103 -0.003445241240445193 0.0244692718058442 -0.007580503724014725 -0.09693103097463075 -0.06056191191923254 -0.04646845729207327 -0.004854890452401645 0.04293874184425941 0.08936316569597647 -0.09496051047266779
 -0.005385637653005398 0.01544132557639211 -0.04561974809308759 0.008984529866997076 0.01556891724939866 0.08356115881161236 0.06254230393963664 0.09214063881525655 0.02340494466997764 0.08806018407764069 0.03493314879571402 -0.05749467067236011
 -0.01690582605882332 -0.04965964719293738 -0.09131962391982033 0.01814367792885851 -0.006345384669061011 0.06360436109297368 -0.0540474840102789 -0.03114039899154961 0.09633684166703227 0.0980988580767794 0.09361386055753726 -0.06525501672987505
 0.07466813250681512 -0.02103626519047218 0.01419565494428816 -0.06647258318423913 -0.03991721200960546 0.07829386800267074 -0.05488567923334235 0.006898224151972249 -0.05727826670183894 -0.02759449028109416 -0.0068209130255419 -0.06517638701899037
 -0.07606260314192627 -0.02494666059090592 0.07768339973480168 0.06669900321582434 -0.0754207615611724 0.006313713493658307 -0.07505689584505398 0.08136520239830106 -0.01542969259110359 -0.06395507307898293 0.01174324487920661 0.08233533490460723
 0.01534673613707549 0.05408333971545717 0.09757840299152173 -0.05700472416827904 0.09434847198110771 -0.0992804473139494 -0.09287980304625844 -0.04527470180180914 -0.04183062064106583 0.01674283505491048 -0.05792479065500426 -0.07533723759517165
 0.02664832053244695 0.09814595643022084 -0.002717845983540385 -0.09743832176872 -0.03803709257062592 -0.02448333835723121 0.02593840235178149 0.06345932387699174 -0.08755992425459019 0.05784322648999901 0.029921154406754 -0.007834797833054172
 0.05914570384260628 -0.01765581215200739 0.03796426080273069 0.05668185879342597 -0.06961306317721709 0.02001901700862004 0.07958469714637967 0.07321203408619201 0.08851263111881527 -0.04164895738825537 -0.08217021151386447 0.09924585975649489
 0.01853545426929917 -0.06877931751342993 -0.03346084917280266 -0.03103399360828538 -0.03717874923743193 0.02065562410561908 0.08138020656531109 -0.009052908091381137 0.05640440296617946 -0.07093035521370707 0.08629461387204915 -0.01908316150222228
 -0.09892305706441763 0.09451353842985938 -0.08757251346822589 -0.08973076032226683 0.04771003402172189 0.0281840483727907 0.08924227378082258 -0.07037048899392481 -0.05199119823709154 -0.07554493340462309 0.07674697287067314 -0.03695816605492369
 -0.09769526899216993 0.06413631519904073 0.03323097481238005 0.05899660630690448 -0.07672097320982152 -0.04138436892308716 0.02119748700363418 0.05701295331024087 -0.02901643994118021 0.07717004600463867 -0.08602793705680738 -0.04983344973559677
 -0.01374541455514812 0.0769761728182847 -0.05277303559729182 0.02908085142755831 -0.0279475678231854 -0.06659859894833667 -0.01377202410272735 -0.09280815931935908 0.03474161010896498 -0.09592826063131359 -0.009390749988804015 -0.01228050509727339
 0.03922104293051976 0.02097726142988247 0.06211469255915744 -0.08859489946048021 0.04360712829357066 -0.06051752103017515 -0.02461228780702705 0.06725971933184141 0.02666552947666925 -0.01592691942253345 -0.05271859084010614 0.0829976118557505


