# Created by Octave 4.2.1, Mon Oct 09 17:08:50 2017 BRT <root@mosqueiro>
# name: w1
# type: matrix
# rows: 50
# columns: 12
 -0.0546756804150946 -0.0657412378905803 -0.07646509354074209 -0.07411506409769969 -0.05273507965383714 0.02823517417487237 0.0675327952866257 0.07603260166681433 0.04120894322087076 -0.07235422818172456 0.02441437314978948 -0.009606472605274086
 0.06601558658382439 -0.04023400514348307 -0.0532041799413192 0.02986906393557592 0.04299868147802982 0.0531088259436128 -0.09458712106134634 0.06157866955000832 -0.002091395992308551 0.03727073421610669 -0.07625174791717541 -0.08638847235935421
 -0.02754347930919218 0.03647336998543149 0.03423965185808209 0.0147494642457788 -0.02929838760667863 -0.04413712502363764 -0.06803273528984449 -0.08178845198841486 -0.07952889745390605 0.09362412401074025 -0.0479709914579832 -0.02219642323675851
 -0.08251821135809831 -0.05243838294254385 0.02079911890832911 0.01285621729219633 -0.06100258610638897 0.03224343044041003 0.028085254555482 0.05528176988020431 -0.04366550743650256 -0.002127704850432066 -0.04735588753021444 -0.04374614134331035
 -0.01998440834239718 -0.08211486584122815 0.03162249838877429 0.03664548588735939 -0.06537188584672574 -0.07505249508496496 -0.03452950921954602 -0.02299859735868362 -0.06166868357381498 0.09344885462705563 0.004860838659933545 0.009397624602622501
 0.06273698066736375 -0.07870222246068137 -0.0787922298410816 -0.06606256332856117 -0.05158582194887242 -0.04753357347787052 0.06048005268235637 0.05274085376061061 0.07934676194981369 -0.02388606561238599 -0.04982159265905589 -0.07068653323818483
 0.001680245660185833 -0.02151888123018376 -0.07248824010291456 0.01473990278091593 0.008181179795207716 0.09172921564136846 -0.08508781664595327 0.01588368890735137 -0.04706191705704343 -0.01492174130859678 0.03248107934110794 -0.02590508891581055
 -0.03020227286985337 0.04114459403410956 -0.09176529770639974 0.05612001778471407 0.0231931133182173 0.08191103045696244 -0.07967995899249478 0.02157675529272682 -0.03176183688493196 -0.04544919870360246 -0.0294085476003105 -0.001896988292511295
 0.05562249705523478 -0.06755410202220659 -0.06448451498762567 -0.07086285667282088 0.02058827346497752 -0.07187525048369874 -0.0698183252132905 0.05941690206762143 0.04434538446246825 -0.05763620502006574 -0.09967385262449144 0.009195489808164398
 -0.002225977584153077 0.0263486540848864 0.05917450570889812 0.09159612392329802 -0.0983694330516572 0.03336706329580127 0.06480525143228269 -0.05279209754928352 0.08072292056646269 -0.003993233266542939 -0.05520279091864663 0.09755103066763321
 -0.06482685908559628 0.09429368406553565 0.03499898847864652 -0.03354801299942184 -0.02303602600202223 -0.008100140863204347 -0.07582693536257716 -0.024703412168738 0.03617214274311234 0.05036473840469999 0.02694670944445177 0.03711715662889284
 -0.08787384950874197 -0.08334137534001919 0.08213518949840676 -0.08736283392872976 0.08602293286469784 -0.08858191587468427 0.08154617163689301 0.04406478351917625 0.0366680547733039 -0.03861808109629569 0.08147342315866887 0.01530737385944378
 0.0808156491767294 0.05022243098735976 0.04729113172981975 -0.07087397594650958 -0.0631096266288167 0.02068129370451795 -0.0251218081143998 -0.05845737265831918 -0.03948421521141669 0.01867967768343171 -0.01461899489505367 0.0615782770263994
 0.07366594249051153 0.01183537108138941 -0.09069441840627381 0.05121498396398791 0.002220060274079616 0.03351510866463003 0.002941846643046114 0.02042746254443598 0.02947356149722552 0.0008702042711312002 0.09393168876336463 0.06347634309730174
 0.0822828793399028 0.09007343892781294 -0.08511236360524152 0.03490697532049161 0.01773477161594146 0.02752245455947144 -0.005511120197964653 0.03936749842278217 0.01207612022685886 -0.0207671845716321 -0.08140219034037155 0.06043632210412747
 -0.03818858645831073 0.01605370507486492 -0.05743808563752894 0.09639366499585644 0.07596785130449252 0.0004067208305144482 0.07570362273997808 0.076756131900029 0.07181201311051541 0.07121771431684351 -0.02459281387980518 -0.06640262148723944
 0.006854080561249115 -0.01744486551502925 0.02113709864527691 0.03607590629385266 0.07349304591426165 -0.0117541417501921 -0.04100399038580151 -0.04361051521852252 -0.05782585880441006 0.006966018243296609 -0.09035127354869787 0.08341627073423571
 0.07474365689262966 0.05400120969289632 -0.03493692637205224 -0.06551934520747195 0.06089224717500671 0.03815160877233839 0.01976811486849714 0.05615708712563336 -0.01692381363485154 -0.05444293516425082 -0.02133959189263143 0.08304502125156976
 0.08006942641939507 -0.08683027364245199 0.05117421075640893 -0.07350725630780103 0.01972567909850338 0.03416523292750784 0.07280329342455669 -0.03552085430811777 0.04723100933863442 -0.09698700953965546 -0.05863179299377794 0.07341419924180698
 0.01487157320140431 0.0296423727621638 0.02197892135788333 -0.04221135983637986 0.04382048168727964 -0.07459498384312492 0.001177788321234233 0.03775375987214077 -0.08330195705114411 -0.05295845250699874 0.06804666912204349 -0.06937997721839481
 0.03540534433194373 -0.0008764862062946022 -0.007891006718518223 -0.0907570329083954 -0.05646318044763331 -0.09921259248828759 -0.04722931399711318 0.0343119303911367 -0.03665766667431355 0.08612441612916982 0.07112948644250833 0.03033308195897946
 0.08008989358427507 -0.0569394346120416 0.0939598616481476 0.06190242437825519 0.01587560311043076 -0.05705998728595073 -0.01955108535119407 -0.06564487527292068 -0.05661647086092095 0.05558043714007252 0.07192587834873021 -0.08103268249870448
 -0.03161735547525128 0.04068467046369692 0.01347555307032984 -0.02959989937850936 -0.0487881370488743 0.08718067854124353 -0.0792885250935822 0.03608002808765565 -0.05824090802848595 -0.05246136730691908 -0.02347343879146359 0.08867791833935204
 0.02514233065261029 0.004041777436364608 -0.01296918570845794 0.08425113728680239 -0.02920268839032393 0.001807481991204202 -0.007872557234491401 -0.04520169562017919 0.06547465951904904 -0.005251420751046773 0.08282689946848959 -0.009701879340195035
 0.08008247728557805 -0.07141104066655773 -0.04985378752096958 -0.03331594857451775 0.04555128775781297 -0.06357673980494413 -0.09094418380626258 0.03270303617486642 0.08283189561693019 0.09135608698668257 0.002211684378221584 0.009349124868886019
 0.03299849789598924 -0.003766714474367397 0.06208849172150302 -0.09506389579817096 0.04654772000065019 -0.08888878382359457 0.05549572210749881 -0.04292468313928654 0.09687672707442627 -0.04181731635794007 0.0434002435231414 0.08678311040613682
 0.0848060454929209 0.09724474618878362 0.01891615298477023 -0.03869580317735634 -0.0044039233653351 -0.08256349063148216 0.07051857087911967 -0.09378647004681744 -0.06512864301505256 -0.004003509363945099 0.03688816772182166 -0.02021133208453632
 -0.04236215715756223 0.03375518812124595 0.02052435819441958 -0.0003577300523700255 0.01743470556431097 -0.08259219850905808 0.02770490059833977 -0.07756624560759688 -0.02408393710754599 -0.08290574062827716 -0.043766268879876 0.07119651243561428
 0.05184699131994905 0.003742435596094995 0.04120410699415608 0.04410997812912942 0.04070366598297626 -0.006375206391184773 0.01220115564964271 -0.09422965981655167 0.04873398814741864 0.01172455890299015 0.07975130493112259 0.03498657718328749
 0.08529804368977742 -0.07178522142238083 0.05371916267084573 -0.04059144964718354 0.05036769433530094 0.07204819772017904 0.08690768446565311 0.01034676006658899 0.002108592504033419 -0.02733394209431074 0.07519031270728216 0.09230430988899729
 -0.08490714005456602 0.05491888259107089 -0.07932833994555874 -0.01683753077833648 0.0006539542372087787 0.02775236054917479 -0.00556501869350795 0.07186539457699553 0.08397757404257564 0.03375442770390269 0.04035924515084796 0.01112257432043917
 -0.08198359444363484 0.0747999180466645 0.01392838446868938 0.07386371747592879 -0.08292247735769742 -0.03480127438837137 0.03268220267656693 -0.03570149915738578 0.04813126030679674 0.02776672893325727 0.05934514394238305 0.01350409218565421
 -0.06576715577491912 -0.008744439983818922 -0.007994575103536794 -0.017019555800026 -0.08080483616150447 0.05093323320996104 -0.09354918082242022 0.08354802505338974 0.06194107236274823 -0.01531167758607287 0.03555773623797967 -0.05556789239756418
 -0.06507674221852339 0.01393009654602487 -0.001454279988348267 -0.03842946425548338 -0.0259465605168982 0.06879754566395935 0.01276170634239834 0.08855992148025443 0.0280881940267001 -0.04436996382034669 0.05075327239481769 0.07475268382407749
 -0.02550969087878173 0.07335463645632387 0.06294043638292793 0.07428423108252627 0.054088137529645 -0.05087356023895487 0.0733482361734315 0.03607560757400735 -0.02458251776075565 0.005940213865422955 0.05357340942501559 -0.03801822074150404
 0.003352589404879147 -0.05599587814241977 -0.03707376796258183 0.07501546581823168 -0.05795748937139066 -0.05447430287249776 0.05602787516805829 0.07132155883983834 -0.07913902364402364 -0.08505524291711108 -0.00826704270995246 -0.01897060793502262
 0.07097988747202588 -0.0483150221421408 0.001208746611284742 -0.09619643135244567 -0.03983942741474788 0.09122929092931539 0.08963950961994349 0.06241116814790432 -0.02214103673485718 0.02472165703876683 0.02741305237080707 -0.04301646440945294
 0.02597594063049458 0.01929092841299924 0.09030553118477766 -0.06394109843336217 0.004296359949444065 0.09358947323348057 0.07571618966271637 0.03431582184190915 0.03529569197237725 -0.06404759700011975 -0.07673905796318682 -0.07941754669998048
 0.02435049403252484 -0.0765460492556542 -0.030422844884522 -0.05143421335919904 0.02408705923786829 0.01410083756287057 -0.03441304339367972 -0.08758055657275925 0.06792525447809122 -0.07572275331310267 -0.05840710177674766 -0.08370232072117693
 -0.06403198351001377 0.09655920920763636 0.07048169395551193 -0.06088714739342915 0.07441716267024873 -0.02037259924924949 0.00992963240242431 0.03636430211034086 0.06522900966632533 -0.0937875058184931 0.07432851245785541 0.06031991703432285
 -0.03161377943840947 0.08660827017198924 0.04396841625696499 0.06765669370755961 0.06170110543027038 0.03436489360081896 0.09643171325682012 -0.09114847087263729 0.06492175639300393 -0.04420092522289215 -0.07101801033106682 -0.03733075544195513
 0.03263458324910179 -0.07577762860030601 -0.06061352148261906 -0.01690519443084768 0.02372312152208249 0.002272713413845981 -0.06429873428969914 0.08033195745126998 0.01891771421418938 0.09127577760591568 -0.09188647309639127 0.07098981552947295
 -0.08265082136768244 0.07571571101957494 0.0976990069164887 0.08298422188643129 0.04741180167878936 0.02742322949316614 0.08694893905341536 -0.05612910034022015 -0.09580586891271943 -0.0420151715936178 0.004406631573222741 -0.0318882162118508
 0.01205859260141966 0.05829374233251541 0.05910223632780851 0.09497440186270306 -0.03630205417357388 0.09211641287927702 -0.08840987966049567 0.0650302008438913 -0.07171162985687719 -0.04378418996616974 -0.03576570441904374 -0.07340228251839835
 0.03812132540961996 -0.0908043443353351 -0.08554327966067714 -0.08363383200815749 0.02662301877162918 -0.08545543602342642 0.07743258021627714 0.03578285067022988 -0.02748900575314943 -0.0862503529731295 0.03367579274832233 0.04216964275073062
 0.02933418535999327 0.08153197068108681 0.0355670855075903 -0.09448234448206765 0.04468524272229929 -0.05378915339537495 0.08256802260982546 0.004046498491406703 0.08624102427315283 -0.03394388934603303 0.007152047814768664 0.03579021498189497
 0.009390505704561819 -0.02217372187215291 0.03657545223210537 0.005662484554673358 -0.06381763802918251 -0.05312110098823472 -0.04030028518929311 0.008789918305108488 -0.06676443418523087 0.08881535813160801 -0.02117162564188511 -0.02819667795218252
 -0.008664163679272197 -0.06360178174825572 0.0136227746017826 0.086703744824812 0.07892760177638661 -0.02828039854442278 -0.03230996840350639 -0.03389385158593254 -0.06696251559086094 0.05236062071271144 -0.01797476466501408 -0.03061837623332395
 0.0522993245512843 -0.06908656266899371 0.0398636552345614 -0.07123995217023461 -0.08872644528180137 -0.002866316709385225 -0.05154017314446627 0.07405535153403528 -0.09307366773534749 -0.05441062423502189 -0.02490252836699164 -0.02824422107535324
 -0.0101740049863094 0.09376827225257411 0.03612978995957397 0.01964182820149074 0.01346839451590434 0.02359034589715796 0.02815710466347404 -0.09750368717583073 0.08031470319870748 -0.06758097343369759 -0.07484328143798619 -0.03593858399938023


