# Created by Octave 4.2.1, Mon Oct 09 17:19:46 2017 BRT <root@mosqueiro>
# name: w1
# type: matrix
# rows: 50
# columns: 12
 -0.07320915193809352 -0.05302101581178168 -0.007532747143764257 0.05846835548978158 -0.07324557070779875 -0.07645937137206443 -0.09636120840515028 -0.06988247336555324 -0.02180031158921905 -0.0860559256873326 0.09972542738697088 0.003061691309340864
 -0.03788858806970757 -0.06494344113483043 0.002493473116341405 -0.005629998729364441 0.00804045406694312 -0.06269642630638705 -0.05215225579326898 0.06815317252648165 -0.07453838089018858 0.01020037386147568 -0.04596647245999338 -0.01686782004591704
 0.01367586421975123 -0.01979600631352864 -0.02921456163548473 -0.09105915414194284 0.05667141286544503 0.06151603629786551 -0.03160950668446709 0.01690658130352178 0.06726078614890688 0.02981032320366575 0.04451907951987152 -0.09388267674450029
 0.07134417020949088 -0.008430736407592079 -0.01995324033454307 0.004688735548336445 0.0894978525433639 0.02733731461632799 -0.03738807032051651 0.03816093377338967 0.02324080096140516 -0.07956233639367283 -0.08446707116083296 -0.04061120326119626
 -0.06121048315490873 0.01917944981098696 0.0908954991553311 -0.06859244360813101 -0.07682006821857403 0.05982701227348841 -0.03452699919393658 0.0219679554334576 -0.01137133296594696 -0.00684890579792917 0.08462704384846739 -0.09728221366882485
 0.0044296789734765 0.0227741611230704 -0.02910073558786173 0.02199090907889382 -0.06419468470257547 0.07045069984488014 0.01042209772863911 -0.02903095115128874 -0.01074772902281479 0.06297353208966922 0.06921655185175579 -0.08051851058175112
 -0.01967538794261157 -0.06234878811148956 0.0465777271886155 0.01857238241612422 -0.08965157101226892 -0.01446754812658377 -0.08617450329320531 0.06515250638799186 -0.06883141999377729 0.02567516729894812 -0.0428580775454776 -0.0750545520770214
 0.02744849219885878 0.08570596614130788 -0.02524283915927385 -0.02940470882105119 0.07427420339674159 -0.02034891688931038 -0.05967568602568462 0.09578487054746837 0.0894198429401766 0.03506569001413307 -0.06481854212662742 -0.05085523221893985
 -0.03202104808500414 0.09844668827850955 -0.03214339149542217 0.05737875312805416 0.0669118264330455 -0.08403092887567544 0.07057642498739639 0.08513426020856554 -0.02425194795098942 -0.040662693549498 -0.04766872029748773 -0.05765409043393947
 -0.07416972957010831 -0.01093125462673751 0.04918228189994805 0.0441867949929117 0.05830812845967795 -0.002647501271647354 -0.04633461746043294 0.04022055997730717 -0.079048434657424 -0.08658164699096757 -0.07469099754464642 0.02685394302045019
 0.0876897508828362 -0.06200884862815127 0.03314384153126748 -0.04422718885666869 0.07673453829278007 -0.06751392244820384 0.09697814440611557 -0.01918811877133536 0.09223805591184639 -0.0424600685045842 0.07233812506690113 -0.03488621807067872
 0.02941478954945778 0.06013923266775731 0.005502487109833407 0.09820331348276148 -0.002395466008801944 0.09142959351926991 0.06153276624404375 -0.02995231064867025 -0.09759596732203331 -0.05852073787408355 0.03410259778735497 -0.06925059380798715
 0.08547533871230889 -0.0751512280077891 -0.09673580005828415 0.05588860740285578 0.02008533918764759 -0.0472256300339711 0.02505114359866828 0.02999251145541065 -0.04109021343067668 -0.08167284281485981 -0.05668541081988866 0.01814952804783468
 -0.0602476591673956 0.04981889530556677 0.03134400742810659 -0.07515517652167186 -0.01898331639203234 -0.0664927487685941 0.01245222826613206 -0.01876349895935378 -0.09691489485692448 0.09941244167614066 -0.06101252645784553 -0.02850280281833999
 0.02923048268549489 0.05186554305634586 -0.08710815178188262 -0.05564876681655845 0.04365078992397786 -0.01872779866383158 -0.09332281050777798 -0.01406052105115339 -0.07444878738036093 0.001452423633087591 0.01712184465631879 -0.06001276304793101
 -0.01071591684884002 -0.09843896753881917 -0.08969187275994334 0.03767619226030922 0.04142793643182274 0.0924285716013302 0.05150359538720961 -0.02818483694777944 0.04126679636395661 -0.03107765814102298 0.05061191957426717 0.0375837790000064
 0.02144996877943561 0.07157809947818158 -0.08284196593338616 -0.04750824228082759 -0.006965415302161049 0.04709208716693983 -0.0829035462942736 0.05301514402114296 -0.09167401339268684 0.002991950611761635 0.002215080423271037 0.08274687916339168
 -0.03874383889479852 -0.07342486786894724 -0.06711600069139524 -0.001610380114876936 0.03944421087357186 0.02651601319810207 0.02855018783153471 -0.06376703080282066 0.06117239520950732 -0.05776807022384581 0.002357290138039245 -0.09452587453951712
 0.01245116897456733 -0.005275381946897459 -0.08022500613372957 -0.06559500589023051 -0.09518348169194447 -0.0623401155109402 -0.01333253601686951 0.06746181999948755 0.08506468663342623 -0.02662511728705325 0.01756273451840636 -0.08976890331874059
 -0.0857365615747049 0.03491772435162879 -0.09155777105843778 0.05271090173841825 -0.06867638588952454 -0.001024676341648587 -0.02756910430667309 -0.001318875633696828 0.04340200584480394 0.0465472230585906 -0.04653872289104969 0.04234890407617417
 0.01165756173546753 0.04469357620384973 -0.00609886318912832 0.002661610580984464 -0.03957301205918767 -0.02285470520493099 -0.02751557903212055 -0.05469207546856795 0.0446219286371379 -0.05173130150940574 -0.07467128842531358 -0.07672658081042917
 -0.0484529101888807 0.09860017703857565 0.05578432354993257 0.08660260397268363 0.09727118081381933 0.03456851079674744 -0.05490924528287743 0.04502415725094275 -0.05393529778661747 0.07979008053565459 -0.05942628506460362 0.07474967224444212
 0.05317038016712319 0.05144357541096159 0.009875056709407248 -0.04591527226623663 -0.08915713001155824 0.07146249344617381 -0.04354211072618953 -0.02927023389655076 0.03792890154615744 -0.02859717593287704 -0.06011456122150775 0.03431287819597456
 -0.08421382239456622 0.003479123611912341 0.0288604028290074 -0.0270483716326832 0.05214034309743712 -0.04547232433290608 -0.09134436285828004 0.08418031882812563 0.08062149587879616 -0.01786211870817142 0.07847163409838839 0.06009138798886945
 0.008019255891334037 0.03411009350984467 0.03451566240167037 -0.04931789088572813 -0.002188775869307089 0.0625009896493047 -0.03283410906355727 0.07739969786950782 0.07713210846765892 0.09361448299378325 -0.004934204653198618 -0.03307083520313429
 0.007008229667501545 -0.06331369174641574 0.02069639909340218 0.09844233502560781 -0.07548654693964463 0.08550923062319787 -0.05256312098822259 -0.02035613449095089 -0.0763142699455055 0.005011017910190124 -0.02096633486041324 -0.01808743442677666
 0.01164284832349734 0.09300347801307826 0.09767017420870905 -0.0486170882094874 0.08002009933096257 -0.06177601333317954 0.0425440503801498 -0.008416338148191996 0.03058163602006522 -0.02288963716535877 -0.002978735961379 -0.02482661812986037
 -0.09235653657158184 0.05002864641814572 -0.01194951403857028 0.08757412397569711 0.06654306270483107 0.02364542536497269 -0.04354276463822539 -0.01294246860188378 -0.01921698514239924 -0.03541040825029888 0.02460312327466374 -0.03193718567865549
 0.08370868826958319 -0.05893299420917336 -0.08919027942138921 0.09647849491325103 0.02845280922769983 -0.09255211878524409 -0.05421797364669624 0.09219853127618677 0.04401349108631253 0.09555516949752207 -0.0469796323943473 0.06047224325279668
 -0.009165561232524003 0.08746656922267015 -0.01597715480233236 -0.09235235075746344 -0.05490553202639553 0.08960891437392321 0.08998539178495266 -0.03063280767297404 -0.073381843456805 -0.0973118363401162 0.05927597699710435 -0.09009524991985796
 0.03816739911804881 0.061644990463641 0.05188792079013232 -0.06138324299733897 0.03411034608901567 0.02188134546531668 -0.01790871294235051 0.04711666790112568 0.0209972353598237 0.09189221152207638 0.08783722743836153 -0.05083544597252176
 0.08241441933825633 0.07131614618756837 -0.04034340825695203 0.03431577335936348 0.04227279543370277 -0.01537564255507863 0.04843622455881685 0.03272796795977476 -0.006877489562382239 0.09612036512416469 -0.08992475217970147 0.0839874459921077
 -0.09863178565959245 -0.07295827511848796 0.0666191689227745 -0.0135477228284116 -0.08718062138990645 -0.08549300319208968 -0.03266465011829302 -0.08051626258465927 -0.05699488895777075 0.06788701773094544 0.05692888058933335 -0.05995465217594577
 -0.05595981631747594 0.006486124132656618 0.04848813688134507 0.04800822273786087 0.0894148302276882 0.03708472083797304 -0.08835977621451054 -0.04836233678854379 -0.04916922876801419 -0.0155856759400347 -0.04539329058468326 0.03657650755890535
 -0.05668866371220413 -0.06897300104172696 -0.05710610631931733 -0.02090450022015858 0.03270121470801987 0.07506172341858119 0.01981107266917541 0.07367852654717597 0.03482956395092757 0.05558209228417396 -0.04156051343345918 0.05805690053594001
 0.00889700395893038 0.09480946969064175 -0.02086250265515471 -0.0610426957676801 0.07828422401985308 -0.04863401960461932 0.06540647604662395 -0.07712078517459595 0.06138910502571021 -0.0437578629390826 -0.0655865300931118 -0.0621040933549282
 -0.0981981265399972 0.08331685060606928 -0.003400728652910537 0.04384885724675489 -0.009332431375231681 -0.07042892821158313 0.05805545174179183 0.01649829703202096 -0.005260910280796213 0.04273247592764223 0.03109629723077373 0.004155498182298129
 0.05527620478672035 0.05124778217742251 0.04179552919438886 0.08114663516308424 0.06916479027702174 -0.004756574978799541 -0.07755428213365087 -0.02321639075301388 0.0701575505637976 -0.01292648457368897 0.03020263476217802 -0.004256895970682156
 -0.05285862905826254 -0.05864687279495343 0.06222468200128148 -0.01850915726519611 0.05874074482751365 -0.06472495351797181 -0.03814389147946517 0.0369486268227624 -0.08555837996427784 -0.02707541395788725 -0.05760642525670871 0.09551565820277783
 -0.005085395161828737 -0.09668222801116073 -0.08169427136332305 -0.0886698799834082 -0.02684735632111399 0.02420912871859771 -0.04104999003983173 -0.0008437921816748656 -0.08674161303181513 -0.07999840997347223 0.04552105550101038 0.08890809729460958
 0.09800676738985181 0.008326098306984345 -0.07724807102010768 -0.06991140085745215 -0.04367997878190166 0.03628688574554834 0.01501410761440844 0.02425858748562741 0.08422520610358528 0.006531507889996263 -0.03330847986896074 -0.001770245841515847
 -0.04362469671855104 -0.01004823174270644 0.08253133943971763 0.09637000349209582 0.02239084907957181 -0.04695144235882801 0.09095667190366966 -0.02025630701334756 0.01453410487728098 0.04698037043450315 -0.05704731910720332 -0.06927346226275155
 -0.01097932859735209 0.04379047589712751 -0.0380940885681158 0.09430075941141949 0.0071357439880914 -0.07769427786728093 -0.09345474536331921 -0.05845288813782622 0.07911554388932449 0.01956257335302918 -0.02666537985152971 0.03157190573324234
 0.0149362567648846 0.04289151153171197 0.05033524118886962 0.07233320039694563 0.09328828361685207 -0.02127790624069868 0.06111619084998479 -0.008793058002460427 -0.07164293263797651 -0.05407841411102207 0.08820474948242268 -0.05885580849383724
 -0.08242409791224208 -0.08157052364495043 0.02721623152810046 -0.02097923363100004 -0.06078245833185102 -0.01732520516269451 0.07128963801074659 -0.07378945435314693 -0.03872645002376961 0.02965156531233565 -0.08985946463466411 -0.05874402160938311
 0.0220261845247324 0.06892489401956967 -0.03285915405309638 -0.02117622663057186 0.005697137729479551 0.05451993024182183 -0.03534444823507674 -0.06293616140683594 0.06654786490559503 0.0919274037090568 -0.02427579738316486 0.04207883391819967
 0.05046738074756782 0.01998327436266641 -0.004680728514567162 0.003680267831960626 0.07758734688807975 -0.06427433044649201 -0.08062337601384126 -0.07722431817447854 -0.09418860019525138 -0.02056022406340749 0.07162809560794553 0.08134334026256426
 -0.04662925882556487 0.0132338336026239 0.05999745291571698 0.02441786756255133 0.09259010961125577 0.05021665766442393 -0.03154776274553851 -0.02308686801096081 -0.02520592800370806 -0.02670459225071503 -0.09291403175258033 0.0139917380026926
 0.0557154098239149 0.01382347802739806 -0.0932764857983291 0.01149878189712179 0.04165753105829725 -0.09663996834447182 0.08947542128457778 0.06982497197892443 0.02890283744615157 0.02586944086536228 -0.001008783013418543 -0.05390158742580692
 0.01385627850717985 -0.06108064789033407 0.04390621868923456 0.01282114897376789 -0.07031944915635717 0.08333771135822124 0.007600746809089995 0.001981946493614467 -0.08299873788514373 0.01492904123803802 0.07351173810173425 0.08240832801300368


