# Created by Octave 4.2.1, Mon Oct 09 17:19:13 2017 BRT <root@mosqueiro>
# name: w1
# type: matrix
# rows: 50
# columns: 12
 -0.02834171681022947 -0.01772380018158683 -0.07148851486787371 0.05416646058455354 -0.06022782274777286 -0.02959517384029413 0.03371946591109781 0.02870428560670818 -0.06844205682257129 0.002411197512090818 0.09992019459633775 -0.05827651563645257
 0.09630786162903746 0.02703114880278953 0.01509882365024673 -0.09127879044861394 -0.09972642135244511 -0.09008255175807557 0.08087811507636858 0.008031750964203471 0.02259671371280658 0.02873370027687036 -0.05430309184142114 0.04929513223404128
 -0.01320739412721789 0.05818588052123641 -0.004191433815673454 0.09926084596347784 -0.09544468071884024 -0.06288287853276033 -0.004627445541873637 -0.09704803906816269 -0.09878409298645401 -0.07792800985901691 0.004824605290335043 0.0242719772578921
 -0.07007404440977118 -0.009042499821725031 -0.02884745086534507 -0.0844074593402222 0.08411384778059114 -0.08379403342870818 0.02302455805453341 0.01907477180842095 0.01958478534039947 -0.05444762281316545 0.07599445361378179 -0.04701432907528739
 -0.08866650552050072 -0.05066175757553947 -0.07567720606303886 0.08911689456104316 0.0202116705619674 -0.06624853428631122 0.03447403598447624 0.02946668028567695 0.04012356230359088 0.08668787581397328 0.07273916502025199 0.09574080778685043
 0.09281342846001878 0.05931558493266145 0.001234816265174896 -0.06015602491497186 0.0600395444276822 0.0388317178702477 -0.05099800140292782 0.008306273955947768 -0.09054205130380474 -0.08896671993248952 -0.01337337146879727 -0.09296695727170302
 -0.0394150920763085 0.06501901511798377 0.05682894539968344 -0.02580943928851659 0.07551466845890242 0.08255871537577966 -0.02436797494734946 -0.04425681048912583 -0.05474401524561198 0.02196314982503005 -0.02564601076780228 -0.001120512642662982
 -0.003388490287482504 0.02037832788820104 -0.07370183763733175 0.03406357933407034 -0.03201000592242126 -0.08028528115338768 -0.02682431601489775 0.01038242559705196 -0.03766551887454005 0.07252196011881346 -0.06315827639997115 0.05705029042912038
 -0.03998969374607983 0.008571015601778045 -0.05397467466693064 -0.02231947948658605 -0.09197616813603737 -0.03989870536000809 0.068451193227521 -0.03580627037978477 0.05442077338462231 0.06542886951616619 0.05913199735641464 0.003544702221789348
 0.0459547812005893 0.009855473182169061 -0.04962643372151493 -0.02318477099551036 -0.04381726747912832 -0.05952917185170738 -0.07503699740799143 -0.05161382354557736 0.03052577031830114 0.0168932210677184 -0.07397396557548308 -0.08077266414584132
 0.03748171453803079 -0.01833316042135261 -0.0338339580915949 -0.08953970649527387 -0.03412167620324173 0.006363084275526079 -0.08171091694553662 -0.0691927152569029 -0.01986175184452545 -0.08983750794607079 0.02060514230820105 -0.07008597961263198
 -0.09714430833576089 0.06002719948116275 -0.04747091463653183 -0.05128373068125017 -0.07187958588895765 0.004087951987595637 -0.02677729388006408 -0.08086688420502317 -0.07932556207092742 -0.05125629508383537 0.01195517980898278 0.02588516110952407
 0.08476633852900495 -0.04437293259539065 -0.07740865708742241 0.05969846322832953 -0.07568413803659454 0.07476941556656061 -0.0316775746748512 0.00658180451850407 0.04513024515386782 -0.0106645696373632 -0.07988528497406305 0.0446548067289973
 0.07307824847323885 -0.08308618465744097 0.02913276475534471 -0.0780505339353741 0.02879953457873888 -0.0989740696911288 0.09036355820038205 0.0844009590035065 0.07465281948225108 -0.03045907232801368 0.08203291054249637 0.05942055521444065
 -0.03096444595621518 0.09908239028587421 -0.07760876190774783 -0.0753161751020632 -0.005563751019001542 -0.02949263248904412 0.03569560520887313 -0.07600819037628985 -0.04125213778348872 0.01275748351649623 0.07474569456186697 -0.049469322292916
 0.005932179112391078 0.05060031422345226 0.05101675315901019 0.008887105528052747 -0.07996776398984655 0.02032570954764117 0.01479017076205331 0.04921358223532565 0.098896349272523 -0.05229846884229405 -0.06835708915353736 0.05329218450391185
 0.08847595925200311 -0.06319436628337169 0.06496951060122833 -0.03598630846146932 0.01482761134309722 -0.09186499822069473 0.05610700087601359 -0.01890910273233068 -0.02700781435597964 0.008002183191719678 -0.03238894763156257 -0.03776226742071603
 0.0127616942956303 -0.08913371995781869 -0.07135144356746409 0.01204636399832429 0.08154773405828583 -0.07129417059408698 0.01809824001403981 -0.03987854237177938 -0.01393003296915971 0.01971142317929953 0.07781590141889078 0.05890692013347057
 0.03616032958115087 -0.06415733066987031 0.03760227980888539 -0.058078125392308 0.0912619323891779 0.01785292697375929 -0.08668630866653015 0.02131374236768224 0.05302368399311258 0.03716374957532037 0.04408168233228368 -0.03081804252809765
 0.09193565521381242 -0.01221055306466121 -0.01177004466246537 0.08903080553384554 -0.07638555657177175 -0.05628511633853618 -0.0527955922265467 -0.0401884895007327 0.08357657080607175 0.006925893368409181 -0.09149899860459895 -0.05760649341610479
 -0.03465812164772074 -0.008345201924600143 0.05314888947152854 -0.07172307087104936 -0.02418456144903078 0.04322829016126964 0.0197745193777745 -0.05999069507154825 -0.09486040165637956 0.0299227183960368 0.04859311877781181 0.02015207714782623
 -0.09570598473560123 -0.04045339623630634 0.05011838924731199 0.0614415428967767 0.05475897249204995 0.08306422572741176 -0.06555598675275845 0.01025211494618461 -0.06462977608969953 0.01341172117318293 -0.003390071435627515 -0.05006098918406624
 0.02987835709045572 0.09711614872374633 0.01731720982726943 -0.01009385233826464 -0.09773827151253318 0.008244195052996534 -0.03682675051527357 -0.0135648163788341 0.07351776057469261 -0.01856648168586682 -0.09383843532391845 0.0009190614973058897
 0.01754163976857308 0.08976383131435955 -0.06498820993175361 0.01471206860422949 -0.07140084571357798 -0.03886586380653704 0.007262981711957633 0.08654442036207952 0.05351710762616654 -0.00319372177676594 -0.02842151192426243 -0.05737272527103426
 0.02652996499058155 -0.00292322327087137 -0.05495471981887029 -0.08454887599692311 0.0524393327398498 -0.04276868036048218 0.04169219811327368 -0.03023785835201474 -0.02940628508214695 0.07894046679589636 -0.06497937114890143 -0.01010832044256048
 0.02678308872382171 -0.07990418002339444 -0.08105818828662682 -0.07116932519975724 -0.08212840323150074 -0.01545589500465863 0.09349804348776031 -0.07326626844059664 0.05863160277498083 0.01217134511294467 -0.01084717598596913 0.01644964821702463
 -0.03011588942568652 -0.09288539351323784 0.05501460591212229 -0.03149832503587688 0.07018735005647439 0.01306688678567358 0.08085237206891902 -0.08514081617896971 -0.05537439603503044 -0.05715507802814185 -0.067114355140726 -0.04879029560398104
 0.05208731057589688 0.06375185016723148 0.06179840552359403 0.01785377518719507 -0.04461405268748356 0.07379319930437378 -0.092020117139251 -0.04773011825565238 -0.01372164883835844 -0.01768285053123972 0.007083268107776569 0.0006493891888305348
 0.02603313287099371 0.08962408316387371 -0.04998842786375385 -0.07732777744149866 -0.0433054405020832 -0.05093987234721379 -0.06417381160708881 0.02502423688400096 -0.03344120942300853 -0.01704924774399529 -0.07880638448730182 0.08345243383919795
 0.008016566832026367 0.01978131976064039 0.08574713385383234 -0.05770909083456296 0.04137587196988901 0.02083230275632128 -0.04198650141782793 -0.04503826104220846 0.03306954937767245 -0.04093193036609712 0.0956165327341609 0.03631753946511565
 0.01912742218842187 0.01442794428777397 0.08478513768305512 -0.09231079749080359 -0.03243238864944033 -0.03456367870499974 0.007758240580983913 0.01617691918842798 -0.08275435628830323 -0.05508243547251079 0.04437929639526655 -0.05593742537085905
 -0.01605132720812849 0.08468108079335709 0.002568655972224998 0.03334147722430844 0.06591101795058671 -0.09328705381623348 0.046245822963597 0.04625787252305766 -0.01618391975437855 -0.07858226251256636 -0.05071060168017782 0.03280942115164978
 -0.05924272730673887 -0.06519602380659331 -0.06083674196476435 0.02305640677616513 -0.04619375950456278 0.008649596986926758 0.0434870561211457 -0.05190200455994391 0.03121584005336359 0.02984879931391435 -0.0358314531127723 0.04611921925744045
 -0.07778330346391819 0.01143695514697027 0.09432859770475574 -0.06779522177126253 0.005047618516404159 0.06545778162703461 0.04675919781636292 -0.02108704274755252 0.09727815382629321 -0.07746981980558455 -0.07377753848463547 -0.06674680374274508
 -0.09950609986094625 -0.08213221756858702 -0.06357916300608918 -0.008498842557246727 -0.05283013861831695 -0.07112139567324431 -0.05597166423964161 -0.09715621815826388 -0.04059309324438555 0.01252360958480084 -0.04282083745808879 0.06283102358279019
 0.0720333841763928 0.08488688272948963 -0.08374822912434937 0.06635754664430688 0.03010639949691804 0.02650146737564418 0.06582300373349118 -0.08151514236988223 0.05109990402538739 -0.0559224751795976 -0.04618562946921113 -0.05194405957021079
 -0.02382471810783951 0.04862505658920888 -0.09236779131214375 -0.0786350743071037 0.01919240246536544 -0.02516101009897728 -0.02046685421447593 0.0792745532137028 -0.09073675740686153 0.008061621289626106 0.09672176479572919 -0.0740089490657769
 0.02504575567199302 -0.06149662915201503 -0.0845364671552396 -0.03356852750822401 0.09814874497416801 0.03264772730757737 0.03025732222794258 0.09738284104599121 -0.0301797136262823 -0.04464226868302576 0.03771574021750926 -0.01612102657788189
 0.009644221174330531 0.02491221260342258 -0.01400642969672038 -0.004099960980134779 -0.04829928429188336 -0.04680649422540707 -0.03637235280793961 -0.06951002413630747 -0.06613671647799635 0.08571076200871966 -0.0962906667865447 0.06761004842343407
 0.08231288907897957 0.01797937027566179 -0.08100753848280297 -0.07149884141532442 0.001067873543873082 0.02179294258977804 0.09527792963071977 -0.04309680301322293 -0.04346275482417893 0.09784264715109942 0.05732234246198023 0.04272687650505719
 0.09643971806120077 -0.005587195664632075 -0.01196258334052477 0.02547030799866479 -0.01306167256357843 0.06172680804793296 0.05864189329332259 -0.09710575668587004 -0.01525874038177978 -0.05906355625875942 -0.06468336654272019 -0.03005419311974508
 -0.02196910546529297 -0.0004452878803912763 -0.07790566040080095 0.01484209312044378 0.07378549639303744 0.007497864359871584 -0.0409123929057231 -0.09133013036122166 0.01061834870613032 -0.07285642793268658 0.001037172830710364 0.01993497243609961
 -0.0449074616950112 0.08810805446240519 0.02688564379723971 0.09208370816225805 0.05328341365374606 -0.05834063714271297 0.07755190621636757 0.04514871725404174 0.0122446027176264 -0.03469464166228158 0.01631197021455837 -0.01962333890498157
 0.01807575068054179 -0.04152818264059105 -0.0873859615138624 0.08322137941636326 0.06108806372084183 0.08804891213092311 -0.05525027397345181 0.04569953497674259 -0.05534525288518141 0.005625185048902998 -0.07650149264027821 -0.0381874883911585
 -0.07787087114583546 0.06815301430262291 -0.001109612032786492 -0.03785726193821567 -0.04480406921071961 -0.00915805985219903 0.03922579955635075 -0.05782140058228128 0.03908503763527768 -0.004599248787018478 0.04059752061803865 -0.07320965131733115
 0.0176428756413352 -0.06480635184630469 0.03379232305587038 0.04987981175747735 0.01173725302590545 0.04198386958239114 -0.0305008262383942 -0.05657189782856088 0.01090832624336521 0.04506451864050165 -0.03616440343853317 0.02924325573881142
 -0.03357051844578593 0.086189532721414 0.04864388999308905 -0.04434825338842933 -0.03421657541749196 -0.04297385719378199 0.03830021599202874 0.03358178209234114 -0.09777885372044794 -0.07845482785497743 -0.08730326365163205 -0.09577436648747985
 -0.09539454235517965 0.06597273864420411 0.002621313370640796 0.04377608625440899 0.09286028392898169 -0.07348645383727549 -0.09218907394796498 0.06435102344268376 0.05976851545450632 -0.01605895673432879 -0.09013980511832399 0.05076258487424587
 -0.01436769418103843 -0.003952558225029171 0.009988928795542057 -0.07288652517520389 -0.03558396456486736 -0.08669146210521 -0.02724550154982713 0.05353210964997904 -0.07659008346456919 -0.05199555191311539 -0.09195413377768104 -0.07498864237752946
 -0.07539906031688565 -0.05802084665621951 0.02697805788639079 -0.01344450134425948 -0.03425771082906334 0.04428675446570524 0.05158876205682911 0.006762536655799914 0.06829554434285914 0.08435115840293803 -0.05335599908323801 -0.06669857130382108


