# Created by Octave 4.2.1, Mon Oct 09 10:05:47 2017 BRT <root@mosqueiro>
# name: w1
# type: matrix
# rows: 200
# columns: 12
 -0.09839332176955611 -0.004471317561783192 0.03535670784093953 -0.04795400362766408 0.09545334570703734 0.0338164987783886 0.03897240678675329 -0.03710128633207822 -0.03796080590824946 -0.01918314268410469 0.02273762158670641 0.04403478369736405
 -0.04139123986935184 -0.09122998375582904 -0.07494823093912155 0.02397439217021338 0.02578808133952937 0.07262289186115353 -0.02533882732572484 -0.08000409731950198 -0.0181138085208962 -0.09081411295351428 -0.0572361403627302 0.08726570641081341
 -0.09071174402223096 0.05603420452869209 -0.07118257989548032 -0.04346397710762925 0.02464630032433324 -0.09979530968814232 0.03567951052531859 0.08172388809290546 0.07685070772964417 0.08716205522120943 -0.05503923080540288 -0.04955714053454047
 -0.09061198358227107 0.0465842177727884 -0.09777166918095222 -0.02013222338386675 -0.01684504038237954 -0.07200978738179026 0.04929998356994117 0.09177916462289301 0.04701944397499366 -0.008488743766577794 -0.01147794566447899 -0.08375808933827601
 0.05412257186504196 0.05447619301993364 -0.06688381366256754 -0.003019980987500018 0.0265560860429172 0.08924765336198123 0.0879339680330514 -0.05591412649592588 0.06821128513324562 -0.03046685077331036 -0.04608835601408109 -0.0513478739245853
 -0.04380491418017242 -0.08747192390576072 0.08422755120469497 0.07201282197547706 0.09876385758380288 0.07113218859500545 0.01251635814276605 0.04272619606865929 0.01290075473214385 -0.04309761728066765 -0.07569782640257595 0.006510220838842673
 -0.04261148473487419 0.09970876372342577 -0.02587151244984737 0.06468086946511975 0.05747607028599006 0.02868553335936158 -0.03218511319147407 -0.05127046011130493 -0.05762012249804464 -0.06889741392260533 0.0816597490288454 0.06779759990019726
 0.01301421234704345 0.007988630622594473 -0.08177785659825315 -0.09337118449485805 -0.07308816983067569 0.07916667756551576 -0.07497098704194202 0.06412551922842355 0.04552763185822067 -0.07407698706638947 -0.09037627595977342 -0.08267242978516273
 0.08785664103249644 -0.07287067545764275 -0.0988742659912546 -0.009534677792242402 -0.08209257557178778 0.002400858763537642 0.04536315489918119 0.06557773050078283 0.06444733326218499 0.02323919133741929 -0.02400049254638056 0.06997759606757764
 -0.0971581449875315 -0.05589603720925859 0.09842695125701392 -0.09226893180538127 -0.07284726069592863 0.0141117722529199 -0.03014264014094641 0.09121100896473064 0.07019641142620131 -0.02096524145680866 -0.03493256509387849 -0.003059088230070603
 -0.008643390562614567 0.04342235661373822 -0.05415568583459437 -0.0685265906294972 0.08976569106596943 0.008844786584790459 -0.07803690194909445 0.09878240888462445 0.0581546741946721 0.03603435021684245 -0.07107543257121186 0.0003124609522299621
 0.006814134089415003 -0.06106728961035172 -0.09771272104697455 -0.04000263764074524 -0.004585285422825422 -0.03796926077481212 0.01163821346337597 0.001857764153553348 -0.04594674220876552 -0.03056433356979395 0.09235689828401161 -0.06637085943149423
 0.06472826513229721 -0.09676582462570966 -0.0307380286257357 -0.002162533342926723 -0.08398881199193954 -0.04778363388376327 0.09713858771297668 -0.001612831416875127 0.0781413534451452 0.05647385725162032 -0.06014544584825691 0.06132767251672427
 -0.0005884928418069396 0.001585312896601646 0.09966776191740961 0.08942440909173713 0.02097568967574029 0.09307594517793841 0.002008124243572024 -0.09168082949729781 -0.0199995026296015 -0.009546332399469656 -0.007897475129863482 -0.07153601397285519
 -0.05654457395783773 -0.03230579266617326 -0.07023364275234931 -0.01979783231429469 0.01149645354841369 0.03522948282509017 0.02839268116833943 -0.004933303783722559 0.04366351984518962 0.02289813427225629 -0.066340612497525 -0.03737693171966074
 -0.07447239755509955 0.0364478048084636 0.02104957231484879 0.03242756086649984 0.07171597809923744 0.0775679854155201 0.01444109875463358 -0.02166642799458099 0.00442867625615051 -0.09726046372928662 0.0338036838311184 0.04302693517938852
 0.04741847964813101 0.01395028605682655 0.01518722484828558 -0.08677124643496165 -0.0685754861748463 0.07430941792257237 0.0625551320280886 -0.04551901931232864 -0.07394708552004237 0.04134122704102247 -0.03410260338585079 0.01651647997899966
 -0.09745834259959085 0.002593769972048715 -0.092100852853607 0.009786109216072855 0.08576970211771998 0.06701784573724109 -0.06042619320336332 0.09399191868384749 0.05004259416136628 0.02765131028438561 0.07824789159320319 -0.07008717686794938
 0.06826650358472103 0.08910990372059913 0.0343427784548177 0.05231416587857665 -0.08569297855654369 0.01715254129596071 -0.04663577812768626 0.04259263431520838 0.02541203239131101 -0.01405794394951826 -0.008677647695138152 0.002560480763657363
 -0.007113257493858396 0.06306392230390895 -0.07929871300067907 -0.04480248732208134 -0.08467139577507347 0.02646387152395999 -0.002660736631168809 -0.003370262556035244 -0.03726438106161113 -0.04290767245846764 -0.04698262889878285 -0.01181110507837277
 -0.09113448442562623 -0.0517663533698706 -0.08880369413288604 -0.09167381527058611 -0.08600629721891812 -0.06612636161316345 -0.09582743802022449 -0.06047515752636558 0.08281374020613722 0.08119776661736058 -0.09295402237210371 0.00876370768541461
 0.08963855627471506 0.06624089697310059 -0.003078015245045557 -0.03306426031313141 -0.01383065064248355 -0.08882977690855799 0.0834024429455511 -0.0708306457409086 0.06545216780814989 0.02628223111388767 0.07136995408281302 -0.028829042944563
 -0.01122502860046884 0.02220175506251618 -0.0429281467706241 -0.04178663009623539 0.03369200985417867 0.0004534021993072707 -0.01513894926227183 -0.005070455000892191 0.07263178438914539 0.03630304756562755 0.0776337915721334 -0.0009363409160597358
 -0.08432745305515096 0.02551585572155601 -0.04342830400996959 0.0997387794856717 -0.01562334229785609 -0.001513957273959948 -0.06102865220664825 0.04686547811763592 -0.06512487802698985 0.06568912294629978 -0.08419610603053812 -0.07089236788314079
 -0.05880947716646167 0.05557376465034047 -0.02981978305189135 -0.08235882587487865 0.07961389915811692 -0.09732547031182341 0.01172645722439565 -0.04147679812385542 0.05404777118315673 -0.04178825727171211 0.01270388108856964 -0.06231100641639641
 -0.01671975379495946 0.002081032074123607 0.0247961209121311 -0.09123650466231349 0.04577577495450474 -0.08924764146422789 0.07254938046595233 -0.0936607159631504 -0.009369036570654271 -0.06117925096061853 -0.03981635588297895 -0.006690202096473669
 -0.001708735067131664 0.04430241463110768 0.02261969280839871 0.03846948404691844 -0.06229463715001188 0.09980329339916585 -0.0007929148750364656 -0.02523726930505187 -0.09393834632110107 0.06677167936002201 0.03731193867798152 -0.01054642466617725
 0.003218509245865503 0.0779465490892054 -0.02526394463991112 -0.09070542356241218 0.05087189311668758 -0.01711220560741121 0.02027500220937802 0.03805092498761037 0.06646554036758309 0.02077842453998766 0.06311797881308095 0.01801136699671957
 -0.08604020798355105 0.006415359155828623 -0.0114318833050733 0.05338994616123555 0.06666484407934589 -0.0661125663303911 0.08889094690910179 -0.0395475809069045 0.06053031611269602 -0.0826058081198224 0.08261367884594886 0.07494011365781672
 0.08143328078081616 0.02682670661103548 0.01795318515036146 0.07540145295998177 0.02537841487263309 0.009495095921226132 0.0442192127344456 -0.04798128508355021 -0.00467195939355515 -0.08568058396085469 0.04721437778705787 0.056400579392998
 0.09442650930970239 0.03963975620270171 -0.08468339445019785 0.002031268005604575 0.09264320800186385 0.02734539599009284 -0.07927846588826948 0.03577610126491823 0.03969002649886 0.02797088404707002 0.0715438651941025 0.05627600086748294
 -0.09350234123368663 -0.06370089058128839 -0.004812189232718631 0.03098705498339821 -0.007120441554083409 0.0883426298043529 -0.09616632942042688 0.06967803213428075 -0.08360531407939721 -0.08558303405643963 -0.03104405169350338 0.08279925987810111
 0.07946616972578391 -0.0743044134272044 -0.01551716567476859 -0.03942453905379896 -0.04976898459712131 -0.06292285440053239 0.06698091325095359 -0.07820003772550332 0.006362380236083182 -0.09870594744539452 -0.02818570975024898 -0.02420285984836792
 0.007900966369911333 -0.06970998430399949 -0.01438327913411543 0.09460564731766111 0.0116264755385224 0.02005016642643098 -0.01575218745394126 -0.06993783628401655 0.07476665488095843 0.01754012587729736 -0.07965037661714862 -0.04601059198301129
 -0.05181167977476017 0.0008273893992164771 0.06514103588816844 -0.04571238958185321 0.05063479921913014 -0.004002400982552945 0.09018620787263648 0.01796632389679367 0.03983301948853082 -0.08960222880467718 -0.04726296719195572 -0.06416068096508587
 -0.07052184473697437 0.08862067439660018 -0.02399499634080998 0.09778697447413295 -0.08171196678613019 -0.06228072331657867 0.01468112136836611 -0.06070996670873696 0.03401676843613183 -0.02282651692748011 0.02798222762037733 0.06384720059709298
 0.08257649309384102 -0.05805442562685698 0.01580379049534435 0.07091324362456733 -0.02750843832176592 -0.09069292680431892 0.08569357892587881 -0.03232863172537367 -0.03803949076733829 -0.02127603750519767 0.006313146067974951 -0.08361840257228829
 -0.01930292530365817 -0.05737755149809562 0.03182884506793326 -0.05946491035159495 -0.03973794572161055 -0.07160210674691467 -0.0703504475542836 0.08754879241575161 -0.07285349377193123 0.02442284516834023 -0.07045050672074506 -0.02929027047518977
 0.02204855828700063 0.02143906139881332 -0.02314810086455656 0.04502378990323716 -0.07361404098956904 -0.02494930791680504 0.03524293062370609 -0.04726622578546674 -0.02384750341529854 -0.0574221712452483 -0.08070308584663319 0.05957449248013491
 0.05059659459226143 0.09847112562595381 0.01433919438024475 -0.06110822404252231 -0.041421020247967 -0.007922479602772939 -0.08823936005082061 -0.0217142843664509 -0.0299317988165054 -0.05002824204163012 0.003087925533567071 0.05253564120145032
 -0.06815506454649002 -0.0432184394025532 0.07915217498886448 -0.05662921274247016 -0.03617002338110663 -0.08582551372461594 -0.0009835916814550372 0.06389550450924661 -0.03158684549668388 0.02373226903089043 0.02260100073617888 -0.05108933677086908
 0.01051487123344248 -0.006196068828324741 -0.03349315802958187 0.01886757508509371 0.03361731810501128 0.04834819952942407 0.0329860978764305 -0.04913473551409654 0.08942382118991471 -0.01329189077906458 0.07245991123149487 0.04188351454219247
 -0.07815822625606861 -0.07933945757012563 -0.05503204493273687 0.009321854570315799 0.01303828187457004 -0.04405104367359539 0.01789899726941727 -0.01352609870531243 0.05310224073810788 -0.04000685603934963 -0.007152405178244572 0.05622788787173491
 -0.03804310947927369 0.003126856083644894 0.004662736470452566 0.002401206305503223 0.05361001135025095 0.06849878295859288 -0.09278386502238774 -0.04592606497025022 0.06351120299708843 0.09445637900241097 0.03519548978598908 -0.09517027694700203
 -0.09584734072920457 -0.00989115974076657 0.01415452692594228 0.09233903996588888 0.03903915764483262 0.06791177328629946 -0.09491667361878636 0.0750781542255898 -0.08742941030841268 0.01597201932269174 0.07256852246125892 -0.07310214375765682
 -0.07388938979542518 0.08609537780947829 0.004219773717147962 0.05745717403535311 0.0474671299633363 0.09631420473336239 -0.05781787012030035 -0.03856432282166444 0.08896940334747913 0.03874218060992252 -0.02440457429393296 -0.0704081834930617
 0.03202683304871784 -0.06501203712084838 -0.05780470548913316 0.06465198300325961 0.08835043998431408 0.06665667220481106 -0.09742341976868134 0.08147954081061032 0.0825123129786601 -0.06898215935601701 0.03392873215273975 -0.007088458116148416
 0.04889750311469876 0.06184850749020801 -0.09860888633235565 0.03419535894778539 0.03564520291319764 0.04753084359383392 0.09800093910841257 0.05247130241870565 -0.06373024137882868 0.009397912642892317 -0.0095421890360846 0.03805387546349318
 -0.006959105273767627 0.09645715357353199 0.03880374375488227 -0.05963526826569404 -0.003556197032087108 -0.03215273173129428 0.01904616706843106 -0.08289841076304968 0.07161567351982592 -0.05807722767837543 0.07282762090605932 0.004937512540939173
 0.0416526527050835 0.0309575433393395 0.0750274344162179 -0.03374926186288911 -0.009057487532970324 0.006654831754200161 -0.0009970041015988501 0.04475368725119955 0.01752653190110376 0.09178129012239886 0.0359246391658235 -0.05299106389046841
 0.0684759838068113 0.00855781761089211 -0.0422485387837738 0.0370190693824422 0.04390963440572285 0.08903233343061598 0.04874006181307317 -0.06169264449236342 -0.04883911252487595 0.05048036134184036 -0.09356828978837552 -0.06578819197031693
 0.08160345530460017 -0.02421687431395282 -0.09713583984964115 0.04754799015322514 0.006038830973154247 -0.006264467268249058 -0.06781058938367779 -0.00820741255911922 0.06952306987225074 -0.09886767836576224 0.04984507832202906 0.07953838234644184
 -0.01345641188182566 0.007797875497043777 -0.02806386401790249 0.008216511392227316 -0.07613102546095102 0.06003456347625619 -0.06572983333959087 -0.05649357131138316 0.09588081408033541 -0.03053173438784974 -0.02966133384725279 0.004802936686951281
 0.08653600586065976 -0.04897102168957915 -0.07240817860753825 -0.01205488745981637 0.07457332108719825 0.07686340823087476 -0.07398583488706091 -0.01587783328552289 0.06608663424850633 0.02016969578412768 -0.09887837158297534 0.06341039503564283
 -0.09249836632743136 0.06243004467499924 0.0507171325389712 -0.09767114511617782 -0.01694038370103171 0.07650353726512946 0.01734752483589357 0.008329978507443075 -0.03106496907827365 -0.02584810558687199 0.02763885908830299 -0.09755089231562464
 -0.03851455589361274 0.0905710038907821 -0.00979374460253421 0.04596829404996702 -0.02856444524678907 0.07785074042001014 -0.003567004149624936 0.01312830715203317 -0.03299694880501337 0.04618084821693513 -0.06220042983589981 0.06576657430583241
 -0.0708939123888454 1.433874075318364e-05 -0.07303635649842863 -0.07958322436217159 0.07828548639556862 -0.09694550050579294 -0.09809882495796964 -0.02499589711358831 -0.09254563775307646 -0.02186872141745619 -0.06798999597633454 0.01804767717480035
 -0.08671651254333036 -0.0369201778697727 -0.02794900890912226 -0.09287576618330219 0.02710910623528137 -0.0937759951732729 -0.03822165193006932 -0.0438534230248241 -0.05285130514311059 0.04525494243125788 0.05402412431242862 -0.04406783850144868
 -0.06715887862282111 -0.0397607650496436 -0.04859315738728757 0.07906970748758602 -0.02443645040822216 0.021617663315324 -0.03560381759727455 -0.08326542994547263 0.05727435695530222 0.03970933644352356 0.08047983618477259 -0.09131385986813274
 -0.06177939059611318 -0.05449747834584164 0.003244452881038959 -0.06150774235962095 -0.03337106352983507 -0.06968730355175923 0.0479078169861637 0.01905002309474264 -0.09964337922213307 -0.08403324646326399 0.06417851437380098 0.08013899633167784
 -0.06031207779371137 -0.0368708010921847 -0.07595117836466514 0.004353047580972699 0.05684984264016274 -0.01025232764267583 0.01860322576139044 -0.02890780766854152 0.08908385029953125 0.04893486547556275 0.09171279326885029 -0.09199545112317888
 -0.09216045355725973 -0.05222759843299316 0.01372122524330691 -0.07011660842978482 0.0924485850926888 0.01882462121286563 0.05810038850095317 0.08727229872465947 0.03107784593072266 0.07059908037957424 0.05752467756842006 -0.0249377804755405
 0.04682648110543047 0.08231997716229097 0.09060107482307975 0.03739010862138487 0.08569728680241945 -0.06769128268308558 -0.01049186270423835 0.02913552012166593 0.06146273931358257 0.02003017043570281 -0.07093942399141018 -0.05542247591367538
 -0.09572461795614386 0.01982886485351854 0.01961109644700228 0.0204099119833074 0.03432120366634001 0.08139801441768851 0.03698467130645219 0.042783091741246 0.009017420184606426 -0.08602425159516884 -0.06959728397682052 -0.0328112693003134
 -0.04678942473076177 -0.04369111198068004 0.08284903080069139 -0.03819606895250535 0.0293535774038001 0.02984814687179754 -0.04669086464069078 -0.03110278510207096 -0.0158923164928735 -0.06449438968951399 0.0714943063935958 -0.05589522962986068
 0.04046070611431635 0.01481388460915703 -0.03087118012956563 -0.0285727672860419 0.04604311170174349 0.04111263436974072 0.05017343919617581 0.07862534482037731 0.01406078446606362 -0.09012636254238053 -0.07342373675970705 0.07764355884507965
 0.009822943572591322 0.08927690830320331 -0.04407281438634626 -0.07742217031742883 -0.03483593314286283 0.004698901523393362 0.06831400742505797 0.03903239243183035 -0.09245589228312991 0.006213920307890211 -0.04346815582453382 -0.004837970202621084
 0.02651369067323089 0.08101397272114269 -0.09077140772359339 -0.06182704503005113 0.09292347713446719 -0.02238766049767707 -0.09856478597689595 0.08293036575085078 -0.02641553115818113 0.06345527042276053 -0.0332623587367688 -0.0866225958560651
 0.09871324335208961 0.08057905421701175 0.03723626542079966 -0.09284589631516257 -0.06672863934206583 0.09758948072900239 0.001245301385248337 0.09815947117488508 0.0365211328579241 0.05750777804332061 0.03619821634566278 0.09444485053433968
 -0.08597338454891772 -0.03508953196697583 -0.06365525022181795 -0.08535103753961432 0.09291442846428369 -0.03948682377697902 -0.006274975060273982 -0.02307919509024593 0.06792731017885242 0.009793431585244511 0.009338057009477624 0.06228751432378044
 -0.06058927024092133 -0.09182577399906848 -0.05241523706591653 0.08997446994357933 -0.01174694307120393 0.05493188360839199 -0.02596968804663881 0.02265847922076018 0.08338695983932928 0.01540428983882632 0.06444195892984386 -0.07478379532704717
 0.07492881007795679 -0.01686796637916541 0.03257378921737125 -0.07312103240417187 0.04704204285329233 0.01219334939120023 0.006218503180689353 -0.05610698484131352 -0.094860943973439 0.09670882047127158 0.05221512516411608 -0.0148378486454923
 0.07750150687489571 -0.03560934636230416 0.04251458875994912 -0.05418178357338238 -0.07487961782383758 0.02833682057465933 -0.08784297408248948 0.09468938771526825 0.05850880418400498 0.06303906094012776 0.04356196802138657 -0.0334854123731943
 0.08069035301470992 0.05622862940209272 -0.0198519920853199 -0.06771766424858852 0.09597287977961663 0.09363038785792452 0.001681647202020659 -0.004275991127949394 -0.04997404300053881 -0.001063182961807047 0.02281703288921326 0.09136749535508007
 0.08977744229927839 -0.03201597525153634 -0.02519178429497952 -0.0732485334990956 0.06061887517276035 0.01295638168815054 0.04993990878026025 0.05413991168621665 0.01908514527380316 -0.09442174452837404 -0.0241003463715467 0.02705946634768905
 -0.09867961796798239 0.09900470140969531 -0.02863738377473662 -0.02101765580415557 -0.04869189395934849 -0.04585520351216338 -0.02033025483748462 0.02357728787870392 0.08966419557937902 0.03306641268170979 0.008345777136631607 -0.07828261519736662
 0.04664937651869824 -0.091123041480483 0.07209465546706828 -0.05339475819515639 0.05170098590160516 -0.07002002282406222 0.0796287892504772 -0.09794741643279432 0.03326675153400047 0.03187272115131631 -0.001174041090555772 -0.01507977661220471
 -0.05345080585038475 0.06017504357977149 -0.03003535224225497 0.08634424372134269 0.05144845004272169 -0.009255798704111987 -0.06715097581293651 -0.01301141842546151 -0.05308406601702644 -0.08064366451407945 -0.0500893627578548 -0.06252555419428632
 0.063547552604137 -0.01594655524418526 -0.06257244410254931 0.01922020161148588 0.09205954913809933 0.0976470551646709 0.05557819641850625 -0.06263090458233628 -0.02060286871132316 0.005942633338516121 0.009983086790443269 -0.07297213155506647
 0.01430565175267909 0.01522314736470991 -0.0329675396773039 0.06689355964913313 -0.03481241666574018 0.01634314179361043 0.03534361621513904 -0.02269582626938166 0.01581468595303634 -0.01681247838662327 -0.02855069531891538 -0.03911776405583783
 -0.07086146613501321 -0.04932102935854685 0.0525001686174906 0.08896291850047741 0.06792308990172055 -0.02457129809159909 -0.04529127550039502 -0.07557580768918692 -0.09434369603140422 -0.02702861024426623 0.03747826381269706 0.06665599624524224
 -0.08387562141377358 0.02381502416099221 -0.006719420202906112 -0.06648400401785384 -0.04254283301393193 0.09638134892636072 -0.02987146243410518 0.06190342408324426 0.008693649046883897 0.0555117626722107 0.07739598646452089 -0.02241620048225576
 0.09174594358536609 0.01946315684058811 -0.006208294873666864 -0.04223297178328886 0.09886209138975824 0.01261338513525756 -0.06678281860266234 0.07782960445874484 -0.08102818845054233 0.01445002078829956 -0.007323595928605264 -0.06553253726318534
 -0.03490741331022244 0.05317589008565679 0.03183693631383872 0.08778443853106085 0.06948014373795428 -0.04333421829481546 -0.02147226833315516 0.03028308679500574 -0.09746187035387825 -0.07847664057580851 0.09114513756338935 -0.07547947300526592
 0.02909599231698995 0.04215980622862259 0.05536960441977723 0.01670524498943748 -0.09467703202301071 0.01037309755616393 -0.09269827678183211 -0.04565217278133346 0.04574792342410508 -0.01251692179417439 0.07273930905873413 0.06276182544591763
 0.06293359624755526 0.04998003962616379 -0.02940345555754066 0.07365268295399616 0.0240759625289781 0.04936630091201208 0.05452348824186479 -0.0538725822650109 -0.06915993578182419 0.04743238403017075 -0.04183556864258237 0.005893378844147756
 0.07760565397968691 0.07247211925680336 -0.07085924939244016 -0.003711240171088495 -0.08542368033461939 -0.01128326244363799 0.01949860066554605 0.009712044290673252 -0.008459947003394724 0.08160239793069562 -0.07821299024182102 0.02983226697378072
 0.08057035782576846 -0.07023701564063908 -0.07335390983737544 -0.08836434142693514 -0.09272885015011305 0.04083991408389703 -0.01516063168107086 -0.02355814741254653 0.04414260018916988 -0.08600360353873138 0.02179301328506807 0.008144200030027401
 0.0658358516119219 -0.01098930782479611 -0.07790112797620113 0.01049858645190657 0.07212622641686214 -0.0313546874613838 -0.07666767348506688 -0.009031830134945518 -0.031461688299408 -0.009165170537308337 -0.008438147539114788 0.09373384715110314
 -0.0760547163693303 0.02040485843328257 0.07813830892194931 0.002704010782868776 0.08778451170692447 -0.06091407382041322 0.09609313967195629 -0.06074533925935902 -0.06828951192112122 -0.06035401831675195 0.08861362186974883 -0.0168891434439943
 -0.02562419216208077 -0.06863241664101574 0.003519084687971644 0.05990137752264213 -0.06174928318646497 -0.05346838144307761 0.08194569319096021 0.08666957324743157 0.02100573508251184 -0.06105134769538431 -0.06876317631636017 0.02660503965947042
 0.08386945556588399 0.09930107427958509 0.04376680760419835 0.03198850736413697 0.0516550715090198 0.08997627277851403 -0.04398953628936945 0.06692881977158791 0.08111498466743824 -0.009984596248986233 -0.08498429606516057 -0.09221373064650264
 -0.08888589921944058 0.001869011469070841 0.0681319283777716 0.05014302418294045 -0.04689484806991767 -0.01563550706386062 0.09575000567700201 -0.08910374592409215 -0.007394775472253479 -0.01819780390221235 -0.001501033824754097 0.009947927992493444
 -0.09052782261505751 -0.08399625704131092 -0.006848732717951153 0.04103197630017708 -0.08626426934764476 0.03685800582423807 -0.02354602319084148 0.08522905447389792 0.01502295000205185 0.06462153948737176 -0.01224766506257396 -0.04397173612518678
 0.09345612035719814 0.04031362516716061 -0.07182641489493211 -0.06426329755120688 0.05059205711272938 0.08736139634589227 0.04115016822338174 0.02485893628759392 0.05635891702411211 0.09134639546702544 -0.02973320335862978 -0.07630118655648799
 0.07912335300799578 0.07752608195023641 -0.04083562073709107 -0.06207567276555667 0.008811298084540314 0.006587169312371105 0.09355822639071912 -0.03996895204412091 -0.0795216379059786 -0.07911868920958592 0.01915144571109254 0.04277920544820665
 0.03809517793314815 0.02591719818447963 -0.03048579231660718 -0.01881082996957981 -0.07049319119464681 -0.008444450410915322 0.0249344809666651 -0.04260248739200284 -0.01080084525136192 -0.03196788995260488 0.002372539318504646 -0.02448208467684963
 -0.007093357539907724 -0.01970338163198383 0.0776015253798924 -0.01757857773150068 0.03681111944999793 0.0006652393721402888 -0.06053765028107402 0.07779930720463299 0.05092863606728401 -0.01685930835114896 0.0278085117580979 0.03164355498751892
 0.0772686095027352 0.06856217118303956 -0.03338217708584222 -0.06787259925923274 -0.002789080860495799 0.04258404544566108 -0.0514202928857842 0.05805445469288839 0.005030658325717099 0.05580528089306214 -0.04106652594107302 0.04230425887599348
 -0.03028615641740581 -0.06679549501505722 -0.09216706597231605 0.01020089986767758 0.09649722658729226 0.0488898785155546 -0.08137518524477498 0.001930068047186456 -0.04991449650056284 0.09442167212849084 0.01470215845330725 -0.02210479084129723
 0.02586222561449619 -0.04797822945675178 -0.09899272860915943 0.02323231072121509 -0.04479567272074213 -0.09762324309824273 -0.02399391429311838 -0.0340545328873893 -0.005882207775155746 -0.008040656139534169 -0.02204935426149182 -0.000569767843840982
 0.01525475092072862 0.007349489723398911 0.02992259591280014 0.03836441847866831 -0.06118211876962957 0.01096293243365656 -0.01286877560959133 -0.07852331966511683 -0.01767100310728947 -0.0860472282977071 0.02703949127776509 -0.05742648552683588
 0.09098656989103168 0.07344837257816308 0.07779204066309772 0.02361321425693179 0.09711384233533324 0.08060547357811068 -0.002757760390751235 -0.087595813767596 0.03933518795090149 0.07634252147801379 -0.07939273067902779 -0.09484852927146614
 0.01333092575783242 0.04612045072717236 -0.04761824232334874 -0.04734318952502791 -0.09148707618936937 -0.007184244436878068 0.0990834835801967 0.08868644820443752 0.06707129726479957 0.05670840995631121 0.05239900531920738 -0.01291695185647355
 -0.06167795797928958 0.04779578846005456 -0.08420142118852353 0.02564328023940005 -0.0005811555998784246 -0.01494713215506713 -0.02278536562690719 0.08656143155188856 0.01659088401629545 0.07266288192155893 0.05544121378215014 -0.0215900754711942
 0.0299620579052392 -0.0656371027223497 0.05509479063718231 0.09326995240030433 0.06329629347803942 -0.02498755087342418 0.08239862689180186 -0.09964167599278843 0.07378383321809942 -0.03264788833967515 0.04540198099478937 -0.05058202806867566
 -0.09409635679250962 -0.0682010044834479 -0.08672325366021036 -0.06612383519893125 -0.06265816308958214 0.04809598830129336 -0.04717436004996522 0.08868297917572601 0.04925273704869587 0.02370947195001143 -0.08575060167086694 -0.07736361344361257
 0.06269614269074658 0.00781161404156458 0.02384148015942053 0.03620852330053675 -0.01228910386692322 0.09893636951548726 0.0659183875330169 -0.006335504686144397 0.07433439554727853 -0.03574282175670641 0.05096390579526677 -0.01115046746756382
 0.07952898600003433 -0.04544465118224465 0.0995040433770969 0.0246722826146083 0.0496976682499069 -0.04266271519300385 -0.0003135887502598994 0.0550691587998256 -0.03293314980045733 0.06211912890839841 0.07347738027304881 0.06014145206323943
 -0.08557165076597374 -0.02849882515214953 -0.09031422080156275 -0.08979259520683051 -0.07351471986935354 0.04103796495990544 0.06957635979841878 0.08137561599030604 -0.08632441455910239 -0.01666338693990035 0.09454169507318294 0.03412154010986579
 -0.09012194674344758 0.03252546367768042 0.05025819554828267 0.07333310558538483 -0.08446920199989438 -0.09967383767499445 0.02690953411325081 0.02389887106799123 0.01776341280045483 -0.05068386557558095 -0.08984447081203589 0.03024604574709749
 -0.03600718907216184 -0.02458535116081831 -0.03304990960542051 0.06795823216506275 -0.01581787860638376 -9.260302970887091e-05 0.02643286887197652 -0.0466592426355846 -0.08055312790565744 0.006279249307724985 -0.08063531057412476 -0.09053273630655716
 0.002489551536815224 0.02160745413848789 0.04524774866662168 0.01420115321255289 0.01611181105507706 -0.007152384428558395 0.06660557033168155 0.02958933848699086 -0.07036616574737484 -0.06751519929333491 0.006877165906883101 0.06231169629293906
 -0.04381479015275244 -0.03735488003495747 0.06330583663998701 -0.02457620608257169 0.04473711713011258 0.09045608989170151 -0.07558677412616481 0.06464427789393665 -0.06398842888085579 -0.09205027868718045 0.01264686072945187 -0.09532032266522868
 -0.06505439401948718 0.0372261036436595 -0.05389966251753112 -0.05605720864981606 0.07233674852616198 0.03349490524880386 -0.05899542950859765 -0.09403559561415743 -0.05208456871239447 0.00733749114733602 0.02479239282887849 0.01391483705941166
 0.01309192096940397 -0.08440249558356105 -0.07657197864282606 -0.04108975417225497 0.08572961438846782 -0.01829535388311657 -0.03633387459513934 -0.06368908497586673 -0.07381208567685188 0.07796205604104506 0.02272305866202436 -0.0745793496671594
 0.04999952136401795 -0.00559124181071867 0.06608366872590321 0.02667749706465003 0.01822130462089007 -0.08881622708247899 0.05476855890765539 -0.03868838124343791 0.00739635487207517 0.04090372498807116 0.004119698606708577 -0.08374032308493551
 -0.09899230156105052 0.03991279705503231 0.06837311764786178 -7.27700920195723e-05 0.08456736714366056 -0.07550858821315344 -0.03861177392786019 0.01137064221013243 -0.05662233812963348 0.04229333408198044 0.09226214596807622 0.03216082203897103
 -0.04956723124720034 -0.07105833792979199 0.01518806650409477 0.07048885487995463 -0.09649161368862814 -0.03036414073928344 -0.04672375512040431 0.0830489637703494 0.02224796876134454 -0.03258301268536327 -0.08765304184103334 -0.09487218848202787
 0.082481986052204 0.0789161508391166 0.01533063133009602 0.03554193635997394 -0.002918977835003639 0.06278633676069378 -0.05484753456737609 0.01880230507858269 0.03266142638425634 0.004811514905859918 0.03710120419542307 0.03391614649986477
 -0.09934857493514022 -0.09871942495039661 0.09288487260734837 -0.05411097055635644 0.0132620074701105 -0.09308710577492718 0.01261846858913193 -0.07291967822463902 0.00607137644138725 -0.09859758687086617 -0.07979021058998081 0.02636130658616531
 0.07668128465720417 0.05364527164994598 0.05401060103262634 0.04669127678419088 -0.0988938971895463 -0.08179796202798512 -0.08626675438958126 0.001351425519245053 -0.0797385325891948 0.07361931349323 0.05886288143522173 0.06179110253529499
 -0.06588399467367306 0.079208121427783 0.06937152568493551 0.07962175355519102 -0.04902793485268019 0.06365789275990918 0.03954485888143885 -0.03371399657638897 -0.01548711745828141 -0.003823249235551343 -0.07951361410981843 -0.02772088129092558
 0.0521296751494558 0.01153195972350236 -0.05722413957973448 0.01336591947282699 0.03472408867278792 -0.04317991504988034 -0.08389267564707967 0.08643209633369095 -0.05469765206921512 -0.04652659540224381 0.06008811723044222 -0.03876761056216568
 0.07493015593887317 -0.07043005110747862 -0.05323449106700783 0.04992250619731292 -0.0513028537178497 0.09769466768860841 -0.05617897800515745 -0.06926216346972633 0.04000092447782228 -0.04999329478995264 -0.04760478864509032 -0.08561836798419997
 0.001668177173046528 0.06208991569213693 0.06124060405652107 -0.07508139285815234 0.09336507053496715 -0.09538748632220517 -0.02225665889194731 -0.04664226218852111 0.06349914335364154 0.02979111266469092 -0.01900751136553681 0.04359022193025697
 -0.08290190707964375 0.09517125655468076 0.08958403720870484 0.07791680998972489 -0.06952143275531295 0.07675078780891725 0.08611918772115654 -0.007745967331226886 -0.08131365103902112 -0.04820108552887575 0.02654033975882603 -0.04454098411280125
 0.08776255337979405 0.01192134406263998 0.06741037654036064 -0.01704767937341957 0.03015489755627093 0.006324237436657956 -0.003480592077729605 0.03626553788655001 -0.0690756543349238 -0.08430260152361337 -0.02891008878939214 0.04929903698808355
 0.001992204333735217 -0.07840444448668438 0.0567038176713853 0.03834728908378024 0.05000465580019095 -0.08543927204215275 0.07951013875593879 -0.08953605570013232 0.07211236950809405 0.09576785144420055 0.09564562093409124 0.01133525611900635
 -0.006531625740474181 -0.08488888224549133 0.03026301545092591 -0.06154280040279968 -0.04445538204897727 0.0894207087632842 -0.05941819959406193 -0.04256707073595047 0.05413419449670076 -0.06214743864346178 -0.03130439364363906 -0.05549002493089777
 0.06499404560055716 -0.03094667234300232 -0.09836163277712685 0.03019812539845199 -0.08161958806427094 0.09561224536293864 0.04206544467885071 -0.07403004644965083 -0.06924369496610529 0.015017589638975 0.01205697058208255 -0.0814909366387665
 -0.06365938307897102 -0.0485926051854299 -0.08750527635786373 0.03191786827111573 0.01285667502133954 0.0596427000631555 -0.05383022572912736 0.05137859751574511 -0.06231905472322642 -0.02823432031012435 0.02722976065159169 -0.01773290293361039
 -0.008301045054470629 0.04921823552809218 -0.0466318502574664 0.08523034476919605 0.04704856268823882 -0.07470119887953003 -0.03433557422191459 0.03167529281033624 -0.03579885316706619 0.006177546012216345 -0.0448115694365436 0.07040366185093846
 -0.03932776916200379 0.04925668189296212 -0.05665760409631461 0.06796829000166232 0.05484410955399252 -0.06403493351473671 -0.05576534042938336 0.06355294672506551 -0.0396646898926874 -0.06178363695930266 0.02608878958393926 -0.09512995264155408
 0.06156429075693226 0.09897576061488816 -0.08108643699452578 0.08448562585768482 -0.09720440632677289 -0.08784087190649327 0.0502490472430755 0.04178162052873496 -0.09905229875781629 0.09570017545966281 0.07566986494839309 0.0981699941232532
 -0.04517230741286432 -0.04219032099845891 -0.004582569857523269 0.062541210491843 -0.03937552162335813 0.05221033039530423 0.05872019754263375 -0.05052708741174538 0.03801732715440218 -0.01897376372489376 0.07530629762273874 0.05362321942937567
 0.02359006107057211 -0.03616249451998037 0.07205920073220182 0.09455146067398054 0.04160169755641391 -0.01228501408268588 0.006484847930834078 -0.0859981480015086 -0.07677944595586707 0.0538098898788944 0.04581138289850351 -0.06689722397549358
 -0.05671826564272996 -0.09787409213676647 0.01701348900090469 -0.07173351601380575 -0.05200612961743784 -0.02720570640809156 0.04602674077974891 0.09335295826540688 0.06015779421029688 0.09291071709654772 0.09882082114830967 -0.06137250277443723
 -0.04849202135962233 -0.008347566271249093 -0.03467373343244545 -0.02556353613174271 -0.03481210688847999 -0.07817627167225488 -0.0789985646109768 0.0559028236869922 0.09395749343824661 -0.003798369925918213 0.007885914282756173 0.06612866575304141
 -0.0416519390335299 -0.01113410513901783 0.006234603294985902 -0.06933404867703027 0.06705704753867875 -0.02840069734239518 0.01139766899795454 -0.03393596152777628 0.06756345453597368 -0.02783252725166005 -0.03485509655579221 0.07870751414033733
 0.05425031473479816 -0.02136997364438528 -0.05856543977702774 -0.04871244843041708 -0.006366783072251012 -0.006043512425552261 0.0870352947263546 0.07139289492810516 0.03723881953476421 -0.05381725691662233 -0.004857332862300334 -0.07392473388200432
 0.04187654544669903 -0.07557089726302163 -0.008938203422778318 0.001256528925323908 0.01897348900699906 0.02561836511817114 0.0497051947502857 -0.03215243011737169 0.001490099436378275 0.02077173277386224 0.09025752857026281 0.06680135830401879
 -0.08972884458169914 -0.09637249580038128 -0.05185943994706441 0.003218774080823855 0.08700340429514361 -0.01290385349119588 -0.003215388399374269 0.004735075000288996 0.01959786109605362 0.09021097100383496 -0.04550123383226096 -0.003186603386440043
 0.036004393291521 0.09109592598830848 -0.09617344148125757 -0.02554113009141409 -0.09443318461729217 0.04829763765579859 0.03123669183426159 -0.0374371699257227 -0.08831306992477765 -0.0789506426013365 -0.04210102030516986 0.04480334446918394
 0.04078839219279604 -0.01049806073602569 -0.05274078993984567 0.03586015435890366 -0.04039634945791179 -0.03867275544087243 0.08614515282559562 0.08820513578547892 0.005074051276202723 -0.00410159676184306 0.04338872105870734 -0.07246925052152998
 -0.07445139169140751 -0.02652785876338967 -0.09955976697240478 0.051702921826106 -0.04483612271027685 0.03775709116531675 -0.07456490245871183 -0.06609894033481054 0.09552683371965059 -0.02471144614050134 0.01633143403633368 0.02854764920592584
 0.06174828561000809 0.03032704867654301 0.007784620197155062 -0.01048775654756889 0.01808116995083506 -0.06381099437664234 -0.03784246260698611 -0.05895960199167855 -0.03939443544586449 -0.06305809210635813 -0.0181539528295114 -0.03703667516767627
 -0.05433072996652736 0.04787524188421399 -0.04670376603917364 0.03668375032152765 -0.01736226683350553 0.07007948084008433 0.09815581657534231 0.0006722562668361326 -0.03614195073872026 -0.009614541080345221 -0.04030908754435267 0.05593906013348035
 -0.07123866186211189 -0.01684643985744846 -0.04081309689871736 -0.06699298553961508 0.04267574102783001 -0.0556932334231898 -0.09160244118095222 -0.01781957340454564 0.04214098287757603 -0.05992388980214922 -0.06931037122215006 -0.06536537883853236
 -0.09335107491908541 -0.004025448305672877 -0.02545585662685106 -0.02711108601594105 -0.01792539660032252 -0.01518058232533398 -0.003910376998133291 0.003337892010255097 -0.02450063154807404 0.08959325285153333 -0.05173095548255947 -0.03582923207046528
 -0.01398768091625667 -0.04678780199704619 -0.03403659686920477 0.04245743058650556 -0.04087798240242634 0.08976417868334036 -0.07461258583422904 -0.01449501256742849 -0.02593724728106221 -0.06794971459721134 0.005202729593251562 -0.06250881744907308
 0.04012554801774887 0.02827581296886184 -0.02495321091412629 0.00682181150054903 -0.09670118933424611 0.0797989271278477 -0.05121194871457705 0.03862161645209777 -0.07536407464294116 -0.01118525109686729 0.07137795222873863 -0.0008766780935126062
 0.05173556800349829 -0.01700963656310796 -0.02842205259104719 -0.03968566565499962 -0.08127979199846948 0.02276585528500734 -0.07693847597169413 0.02343444600228309 -0.04274413956056064 -0.05341357638201575 -0.02648627084989905 0.01101184943247169
 -0.06201999567715068 -0.01943245353283421 -0.05430913991046854 -0.0593710036014341 0.06717242236750828 0.05540913719543503 0.08087746107918528 -0.07865117962104841 -0.06837687666920289 0.04883062259305213 -0.02446192616899837 0.09383367013207664
 -0.06656221670966384 0.05140943845874338 -0.03574047953760714 -0.05647846180308874 -0.01242116605738929 0.09343172437593095 0.02947206166844918 0.0240673658912636 -0.09255225149469248 -0.002247896387926607 -0.00523420603660002 0.04726588637147866
 0.0952687189847943 0.09537763948583131 0.02791925027216191 -0.09749610174235836 -0.02437915000839107 -0.03637976290628939 0.07307170713299657 -0.005455852866467242 -0.05984362474367692 0.02684766666970181 -0.09912617362353582 0.01598703397275925
 0.02174789111828827 0.03784107378304918 -0.09427578825827751 0.04256905049121407 0.02449806296486694 -0.05365890615636818 0.05026872060784532 -0.06036819314338494 -0.09927748024407086 0.01528892333371856 0.08980249986868946 0.06120879329362985
 -0.09859859112596873 -0.08501074896289795 0.01911938450413367 0.04582264107650624 -0.004367249907326162 0.03745781240172916 0.03945433829969955 -0.07564637903247348 -0.03765168357514891 0.03894719758108608 0.09539082207290037 -0.08604337996491522
 0.01628467990313553 -0.08138522020239607 -0.07148059488766405 -0.03513887209547245 -0.09091949567272592 0.0451819750660373 0.001107073636104877 -0.06449130988318671 -0.09861138327908311 0.09906148637838794 0.0387560095050114 0.05273768421549582
 -0.01368719992966363 0.03701005891044001 0.03258699201219287 -0.03860827126373184 0.03335726203144049 0.02135772782939253 -0.02565683075321196 -0.08598047190047291 0.07754595371117554 -0.01449939027657685 0.02648028386025472 0.02725596876173991
 -0.0004060512110610481 0.0816873544061987 0.08767093017150862 0.09072468891672086 0.03016271124022568 -0.03194013746493983 -0.07173907788555911 0.01897893953893093 0.04146073112624726 -0.09620702663486091 0.01725732506267519 0.08376686885099835
 -0.07564256693349075 0.03854729148242286 0.02001006757971721 0.03751371032573966 -0.06399239189316198 0.09059338689179572 -0.005801859705856657 -0.09178584738647826 -0.007459555481073216 -0.006209808428995309 -0.01210357233624168 -0.04986395781392877
 0.03751023150673471 -0.06679931825771523 0.03058822197131453 -0.08807627136505281 0.06454004530566995 -0.004208893976468592 0.09209969681954516 0.02996517809948321 0.01468308213152844 0.08790489720634415 -0.01464286735830454 0.03974628811963582
 -0.02689442470607414 0.05738625701489727 -0.09891778818971721 0.05170178924741251 -0.01723593413402572 0.07614011054063574 0.0233243730899096 0.09568895714346767 0.05571633451871957 -0.02829404561900921 -0.06866276101591698 0.08670324429774051
 -0.0008907920333903474 -0.03818907546337746 -0.0224506085090927 0.0634374752393283 0.05062428340983968 0.06309753845594834 -0.06274536983204006 0.01076998242645985 0.056724918101028 -0.03317805384116955 0.05770563032323434 -0.05819044913302317
 0.03545535661595384 -0.0399725260410572 0.01008842039426257 -0.07307465336483791 0.07830590747753757 -0.04792577315465653 0.04398875309995198 0.02648511915565177 -0.004485324743206384 -0.0589415856492742 0.0988290404690651 -0.02340839904816119
 0.06170868816887007 0.04687339820510497 -0.08924858052194626 0.06544974342771634 -0.02723006876974192 0.05154570629402661 -0.02536982461815437 0.0568100900674742 -0.07482831307353738 0.08424703128885083 0.03465689083909645 0.06358152489067256
 -0.08714234447549024 0.04486158112945923 -0.0698292696766777 0.02181356425759029 0.05163631859449444 0.01187281819831518 0.01507999223334226 0.002129573883143693 -0.05852553393990739 0.08307259496215874 0.01267272511202291 -0.07594229317833813
 -0.09966855619132464 0.00404401824179175 0.02506225502173448 -0.04265952131424801 -0.03578231302674556 0.02433988897534485 0.04241682015805387 -0.06229898946027693 -0.008185519800461658 0.02347851504629177 -0.03379621545781951 0.06616780741520686
 -0.03018538014029863 -0.07587075051558528 0.06236988946220598 0.02086331409558842 0.01158167095061931 0.01070229302097166 -0.094532973989051 0.09040648607682078 0.02210273156247826 -0.06556772470636707 -0.0001055538020393737 -0.09684376100524188
 -0.03817051682349505 0.02155617021929931 0.09694422632921249 -0.06879495623421192 0.005290875561846958 -0.05313605590987641 -0.07641860322939513 -0.0500092317373985 -0.09018816794342112 -0.06453512265261005 -0.0344483870056823 0.01903532078896801
 -0.01599192027920647 0.05190385126580993 0.009281727062662434 0.08516434981260135 -0.04479005578650649 -0.07957551455083811 -0.08732346015542271 0.01625816835531287 -0.02574410389198913 -0.06689246581287006 0.06305814817345579 -0.07704602374976989
 0.02137601084136634 -0.03517203647595217 -0.08467832973426008 -0.07277223362940237 -0.03206248175014008 -0.006572312656842091 -0.03894023200896334 0.08971764572070468 -0.02241957224899702 0.05441996036350888 0.04563308087735596 0.09030231351422777
 -0.08118381266306712 -0.09158142404550242 -0.05514030528682018 -0.0973776067586376 -0.06017387262512058 0.0002430385439489147 0.09613683528387401 0.09876453751440559 0.04719705910847405 0.08136179881845507 -0.0915104723130733 -0.06087454735839594
 -0.05925522908009674 -0.07708937041490421 -0.04482519252945968 -0.03077382948035506 0.024521165645181 0.005378028794300785 0.09487661607111025 0.04641118728600552 -0.0493802388693626 0.09809681196225642 0.04802579686526648 -0.07006702261323439
 -0.01684999856961827 -0.05807946475581643 0.0186906926282033 -0.05283084039952361 0.096301353150096 0.07168210789127016 0.002656998967701218 0.004425369199004742 -0.06644054320564255 -0.08623631437967438 -0.09231236071936726 0.05917651437748858
 -0.07325466374053692 -0.07996193836302762 0.01780110073293122 -0.04734110662486141 -0.001096529597316001 -0.0004173180180046948 -0.02444551067005983 0.009270030354168873 -0.02479266181699699 -0.06268529506130273 -0.08716665203674795 0.02551722378978158
 -0.08780687736450322 0.07496408997679441 0.09804042547033123 0.05980428075364277 -0.03428070881576072 -0.04844605232349034 0.09866230633887904 0.02513337854756956 0.07558158912058249 -0.08910065468607524 0.06992729061790678 -0.009067739938299652
 -0.01935821229675559 -0.04258440863969385 -0.02011617873352124 0.004073451994858979 0.05595553034532874 -0.09813992727524369 -0.05640746970245455 0.00939833315390444 -0.007086284936314108 0.04485355101579019 -0.03225389801681842 0.04551588059502157
 0.03214475876553513 -0.01398030791138891 -0.08396974105513474 0.04617403255646957 0.03509003780935399 -0.08217462349295199 0.09092692762766416 -0.02693109829903478 0.08026560708437322 0.03788603464581397 -0.06181477924645606 -0.07734805520882974
 0.01211885058687619 -0.007720857101164755 0.0159278810066817 -0.01289861368644375 -0.0377343639196175 0.005255501944697441 -0.08496918176233775 0.04913271002544245 -0.0047802498081497 0.09961294933234932 0.09700650562932175 -0.008138764176363847
 0.04412858130153025 0.05255505100382496 -0.004904462278169597 0.02400713186347961 -0.01841048620175188 0.09219188521391086 0.04818575714779727 0.07547200464788775 0.0554815852288526 -0.01324139059639305 -0.02395267313779369 -0.02781657183102425
 0.03717434319745078 0.01682553877720014 0.02594313080615235 0.04968233181406595 -0.03209161019437207 -0.0155169604673549 0.06426335381976428 -0.02381544233281349 -0.06076569516905592 0.01950357661014561 -0.07246479569504886 -0.04451199131989378
 0.07180775546482285 -0.05596078163462583 0.09908441021652301 -0.002088833308292931 -0.0738940523989888 0.042960514460159 0.008308458990554921 -0.01680877171417097 0.04797598674130446 -0.012672531183366 0.01679181895841866 -0.06902876520476706
 -0.06281812285843059 0.02610868276875056 0.07006499678583203 0.05440232008656051 0.01090743684557298 -0.02181068316896453 -0.00532730364872093 0.02733392191374667 0.07549641395016515 -0.04939281933961129 0.008047550133351344 -0.01205218045837922
 0.0001376086366017965 0.08179112747752218 -0.06005390243652486 -0.06763724169679999 0.0115578994926353 0.09572373943537094 -0.08011370679893021 -0.003547187061415186 0.09721184859134177 0.04768735890355569 0.02559536090055983 0.05026874983036111
 -0.05331898279164757 0.03785220875709086 -0.06977651006262543 0.09793786809967867 -0.03444268270450392 -0.07891375522283306 -0.05693341385963994 0.009132384644374117 -0.04793140464546852 -0.07460072042558125 0.0185208011059845 0.04200440486954868
 -0.04648924372936861 -0.04506898477021605 -0.09458056847106119 -0.02144320931885167 -0.02320459472223825 0.07040538775901409 0.03401775619699957 0.0843471131369247 0.08796911734948717 -0.06369141185436479 -0.00647608356679405 0.08527530113912968
 0.06564572729059212 0.08900565187409562 -0.01198828067625882 -0.003085785396432367 -0.0902435620877306 0.008655221915811848 -0.06151752496121793 0.04204704575271609 0.07120853726400952 -0.008950090493442225 -0.05826003847956928 0.03942678099015501
 0.04548756745644406 -0.09182212240124939 0.04708366955298454 0.07380829646301401 -0.03346637611000208 -0.004858290437129847 -0.05787285142968743 0.09318758494163085 -0.0694546631643056 -0.06613061629950115 -0.05157640892649943 -0.04832131937968131
 -0.04970700406664829 0.01732766158032437 0.02947255858061959 0.03809938544118954 0.07444506296122302 0.01194180478315561 -0.09515510047217143 -0.04528166218195175 -0.01880203643779524 -0.04331810367714518 0.01508894665895873 0.01528384416358622
 0.05883009815203363 -0.03873629223882091 0.09042170382934994 -0.004832285018707153 -0.06531888205386885 0.03372577650756475 0.04047326471884061 -0.09660574895820324 -0.04883313914154452 -0.02760044895844184 0.04407924197199059 0.08488927168410862
 0.07706146311910758 0.07921789225891027 -0.06062604314715334 0.0577427669609781 -0.08644224325445543 0.08517082469133094 -0.04734122427737003 0.0881537439009859 0.07351186057366188 0.01841520190499253 0.01317424000037146 0.009676035381102316
 0.04840974938839696 0.05712869400920698 -0.05166861920290061 -0.08902881451944242 -0.05738982944958363 -0.03669895454522795 0.05167681332574992 0.002919784184209614 0.05299694335146782 -0.0430381058539502 -0.04215968662913105 0.03810614135724602
 0.0695723803892683 0.01687154473438754 0.03702846518708378 0.06225999849555633 0.03459929625919797 -0.09286324047110465 -0.09652335867975577 0.04249325960667322 -0.05584856444190509 -0.08536836819554122 0.03086822194758768 -0.07395268880880447
 0.0217383551234395 -0.06235667400397219 0.03073632653810285 0.04707469068823605 -0.07723271525233188 -0.09080660848111177 0.04793734799701649 0.03897191647789483 0.04747304186413817 0.007600168730140647 -0.02284470163325941 -0.02542087849678396
 0.02626930590929438 -0.03371271163506419 -0.06358974387012087 0.004038904675690819 -0.03965324722824665 0.04866383021328358 0.08648143902931291 -0.000685264056618673 0.08174998569058789 -0.06225917586319771 -0.0242537940842478 0.00269453291983715
 -0.09389558514525388 -0.009577648832010205 0.04832848217614441 -0.06306272779510139 -0.006948502125260908 0.0903589383595598 -0.09550479745872643 0.09276816084587677 0.02794652737619369 0.03532967480059163 -0.09192514312214699 -0.04143773056753736
 -0.08621299243769109 0.07774531091913886 0.002388122988146973 0.02241997714379344 0.02629496353070768 0.003562578090283597 -0.06246957452883274 0.04568678341169527 0.04309108816671864 0.02525325095004077 -0.002905348042791994 0.03926548553455836
 -0.04572379749509185 -0.02566976886107517 -0.005439275509081284 0.06240082813550085 0.008122311917379249 0.001514246343417833 -0.09394938563773569 0.0363174491951147 -0.06015383902988097 0.07916755448928381 0.03540793508062567 -0.04297019882716685


