# Created by Octave 4.2.1, Mon Oct 09 10:07:48 2017 BRT <root@mosqueiro>
# name: w1
# type: matrix
# rows: 200
# columns: 12
 -0.05150224627263501 -0.07873747394684816 0.07700989333506333 0.07958023401130257 -0.04832562715561729 -0.0625046754389002 -0.0699860583047172 -0.01715084596466684 0.01653716501219486 -0.06658761294586257 -0.0752216425154615 -0.09999999341318326
 -0.02254518777078993 -0.02177280517089167 -0.02369824471700618 -0.01232405035168241 -0.09173269970994109 -0.04101666125673874 0.04500785512261768 -0.008253598507721546 0.08483098509056036 -0.0604131368728108 -0.04915329998816857 0.05617453040981016
 -0.04678065651807611 -0.07066820409070637 -0.005934215697818185 -0.0809809434689491 -0.005203148323062928 0.0007110527920147353 0.08911883949218122 -0.0301930367611733 -0.04869643189599943 0.008841788274374984 -0.06397513320015549 -0.05847906508471021
 -0.01746000774569081 -0.05094461478293299 -0.02978349979456527 0.005896305629020632 0.09115760863778782 0.04601597866797447 0.09090236052835052 0.0538931967327041 -0.08040079553594996 -0.01550127168836107 -0.06876515430982805 -0.04089119446594457
 -0.01469068253210003 0.09047891869296029 0.05701382597779575 0.0268849154307155 0.008226571558266865 -0.005959996002180501 -0.09882575231540384 0.01401576661117847 -0.03148473656740662 -0.00314332796598514 -0.0803773572357878 0.01631757842599013
 0.05235096852203608 -0.09029986418130224 -0.06619495447647841 0.07154608330204185 -0.01694400622408834 -0.08923902502285125 0.02525658147570195 -0.05050278039315849 0.0005401606510969659 0.06166592391891029 0.05471625127880531 -0.09599079595555131
 -0.03407575042208492 0.05219070800974313 0.07978658184576984 -0.03467915976945989 0.03655701500050534 0.03336856226821291 0.09177506081170791 0.08377648753177661 0.02493956042229069 0.06826546757491234 0.08225943193545282 0.0494139389328197
 -0.03297245682532854 -0.005451593833655996 0.07634790799508387 -0.03779071561316171 -0.08297644718826319 0.01216847373148362 0.006971674713196305 0.05691991057215645 0.08898398339008992 0.07779948174320014 -0.09122266862374646 0.09755345698294646
 0.04084156669611666 0.04384083851576187 -0.0003754821097716604 -0.03796202134338417 0.0432132292768734 -0.08361132541505109 -0.08994860229677282 -0.09538799470126215 -0.0410547121557843 -0.0004521935319983378 -0.0867583872414877 0.01559689500754875
 0.04563753191445766 0.06742846509228134 -0.07205909942658811 -0.0553352461672383 0.04514924556444949 -0.02133387761692752 0.003769473467610987 0.07849070059594118 0.03714873401472371 -0.01077149665308387 0.0003608989295407206 0.06569922905279565
 -0.07916967495572018 0.02038417271863631 -0.07838313062558866 0.002654283551002029 -0.009511167714089969 0.06950128805711339 -0.09046484996224559 0.03287710170412103 0.09843861524640671 0.09550624276133871 0.06537169391285733 -0.01935885070894906
 -0.04733019148872086 -0.08187781434211354 0.01688202952171522 0.007541039915915926 -0.04142367255347634 -0.03232956657428764 -0.01892402936436657 0.003587333112882979 -0.03760379392955681 0.04345367155853092 -0.06360386071974669 -0.02275919330451757
 -0.06782168491065976 -0.08595981794180527 0.09312208654740087 0.07556544471784118 -0.04355251054789894 -0.08847779251191383 -0.06263199141890968 0.04522590730815221 0.06227904572668644 -0.06792958838379506 0.09854082557774554 0.05428670659952958
 0.06791051236091369 -0.04051606807394272 -0.01208425234279085 0.005185593082598167 -0.006645852802815946 0.04411718398807321 0.03193261151345841 -0.01382858441821339 0.06814485146139312 -0.01520859592676437 0.007927685713106009 -0.01059810796095648
 0.03013736491186819 -0.02081546994629174 0.09768773975027217 0.09789751543669967 -0.0304741280346658 0.03418891241696689 0.05071877239065442 -0.02387128552151735 -0.02051270449593781 -0.07095074946299641 -0.03211558487168417 0.04726763387769373
 0.04185908131489069 -0.02211537361033014 0.09793621392283006 -0.005131400473702336 -0.08233545872954652 -0.01237950020922921 -0.05464532948762603 -0.04392665978332279 0.03054913863318595 0.008395630472093615 0.0753694722703431 0.08365658822922464
 -0.08837335340619802 -0.05960573876319401 0.01353202957067043 0.01026613357830157 -0.02842492600359164 0.04776152371141537 0.08707501454490385 -0.007125257550931657 -0.03934070061767003 0.08060091780888007 -0.08260506543604593 -0.06136074030315034
 0.003837642488564358 -0.04536982144878693 -0.02268900099565072 0.08064318739787546 0.08907778235864733 0.0627118359922631 0.09237706908254165 -0.02265130853790182 0.02889335566553991 -0.0703334345693872 0.06590616855985451 0.08205882287620755
 -0.02638253723001115 -0.003814720955459414 0.02768843772881158 -0.09606229664008092 0.008072187156004579 0.05946419784142803 0.02704764741128821 0.0513763215585635 0.01128938670468313 -0.08154976228867039 -0.06830188006216517 0.0868380915177985
 0.03041503518422922 -0.05163384037842308 -0.007252656356515425 0.06170897697386246 -0.05534200591566173 -0.01856199206792696 -0.09635556482295586 0.08941649714787775 0.05421597988728025 0.05924146653383611 -0.09376310505173414 0.08919146633707112
 -0.01686442314816096 -0.08446345894912682 -0.04640105308496628 -0.06587792204958101 -0.0260890546152021 0.0691496708436978 -0.00447324729743194 0.03793071199801154 -0.02145522647918499 -0.04793385880629392 0.02867841152759293 0.05016015788049655
 0.03201119246492418 0.08575737086812563 0.07486727915800126 -0.0744119754532039 0.0261930848938034 0.05872703373239935 0.09191971259544113 0.09193726562224255 -0.0444857931550844 0.09298654983248633 0.04068196043430392 -0.07429065585811043
 -0.07588900443428559 0.08379117430569016 -0.05417591367262672 0.0226702523585488 0.08134305132588524 0.01196756936546475 -0.03371518074758603 0.01947846901916858 0.07353487523506588 0.05998705397001772 -0.09501654054402606 0.09812591366172133
 0.05819394532720856 0.09522359488477009 0.004959389886947135 0.01299398958695266 -0.003089795577193591 0.0180656041327828 0.09803326904420859 -0.007557739203836789 0.00526727552389003 -0.08935481341224857 -0.02161436193774596 -0.09598154077376612
 0.03988594466901191 -0.08222831795754679 -0.04118510153676319 -0.06330109892657032 0.02706773266056056 0.07639362224955648 -0.0298888229382511 0.09991050913618926 0.06203456689874615 0.05096425903806334 0.09493846213268228 -0.09424580221842666
 -0.02732650604165075 0.07303813462420072 0.05276651913997102 -0.04886065836759573 0.00521692566551904 0.03605123137313651 -0.05835229702168418 0.05164755684346375 0.004746161379800357 -0.002016212356896432 0.02268400415744613 -0.04577998371547159
 0.036651529055099 0.01239806592258832 -0.02954559395709286 -0.09541082270949028 0.05368389089443276 -0.02626303701245906 -0.08809753399862658 -0.05489757790484368 -0.04852293390997969 0.002768991187635447 0.04160146009123572 0.0212485090390033
 0.04711554219659647 0.00600538111672437 0.0724984970734186 0.01573367380534044 -0.0148538291477731 0.06562813934258313 -0.03971861144853019 -0.04931395703879559 -0.01358331775853015 -0.09989486414615646 -0.09765711472204038 -0.06063277734597764
 -0.01015158210534804 -0.04811274700614087 0.02388329264314801 0.02186401325933662 0.05377196708092008 -0.06010042207610757 0.09443302180861246 0.05813559702661414 -0.02124567208322642 0.06539661726130075 0.08588377998383415 0.05016682612578086
 0.07269731420520156 0.09901409419704685 -0.06527583872743623 -0.09736721886982959 0.06098987263887129 0.07867094648757408 -0.02378432808520206 0.01699749206265126 0.03293816102768723 0.0594793466355879 0.07133756973289951 -0.01582069012047277
 -0.01692122856538382 0.04419029671403663 -0.06465069508031313 0.0577584844576422 0.05279995056259976 0.05291876953477564 -0.05397795191299898 -0.09274191134505787 0.08322567526612537 0.0805860270337295 -0.08814649355969595 0.07486554791941422
 -0.02954234099275767 0.02625028437995894 0.01464856553368048 -0.07100974461816889 -0.07606759748718256 -0.06475375577316192 0.01982214225056081 -0.0008488933468424054 0.05174691192646871 0.03787012481451688 -0.04498481333991244 -0.07264211562650658
 0.08009974291112607 0.01642899176992707 -0.05506040522233945 -0.08229963567062265 0.06759731805099067 0.01699763703358478 -0.09479869204144864 0.01079755363937085 -0.06831072604943916 -0.01313820932862203 -0.08542190554955564 0.08539517395374713
 -0.03191685447714575 -0.08813863038506091 -0.0602712888168964 -0.04044124872403085 0.0004752370914820336 -0.08432553827354006 0.0409412192796143 -0.08828925604167727 0.05936956228753629 0.01278678461100183 0.0231826406070712 0.06440367485080145
 0.04116324153231782 0.06107799048868545 -0.0340654385544459 -0.03103729190715489 0.07062488384662075 0.08968141494430165 0.07262984666168015 -0.06017286246988157 0.02698381891893792 0.01528609325370189 -0.06685031830685763 0.02961084376767034
 -0.09536528484230571 0.07023330313222462 -0.09144953583222437 -0.07921328928333297 0.07227342424896427 0.09702472015026117 -0.04327321979782825 -0.08603203654503028 -0.03861653291960163 -0.01185294783040067 -0.04470844112349569 0.08461852928791463
 0.01791745203949394 0.009037744673546427 -0.04239272737813261 0.06389828337283046 0.03233561521671077 0.02814651193917289 0.02753887917277104 -0.04970696130826757 -0.00540028005274501 0.06751204945605502 0.06428057290973552 -0.003411522463523484
 -0.01179772072940227 -0.02698999971176345 -0.04719728265569737 -0.08464757025754618 -0.01993417732846084 0.07500418640850937 -0.01542280555091023 0.03928922458255452 0.06806394075221264 0.09178616373931694 0.09350691527626187 0.01214791956376648
 0.04713264186673666 -0.01696103794799529 0.09244045237787857 -0.07391940338664554 -0.01227430434780991 -0.05862890778421831 0.05479186743108108 0.07690154809873126 0.09380837263197236 -0.003313987736699983 0.08675672262293024 0.08510204098033447
 -0.004165198718199037 0.006206206832011812 -0.09342867603320106 -0.04477250157164327 0.05982146898715338 -0.01288759240853091 -0.02421470389595845 -0.06062001272727255 -0.09075590589647294 -0.08892811816687238 0.09144500615215409 -0.08340434988732461
 0.03228034932585749 0.04649743400314446 0.08949193426078533 -0.003640407653874314 0.05528704488780181 0.01361435613523396 -0.04235110243792883 -0.0262288717793949 0.08567970261684713 0.03403460783440454 0.04599583194281148 -0.02707461779866437
 -0.07266545395709638 -0.08519044204853003 0.07785672252215611 -0.02652952385352063 0.09439368718383892 0.09176472877372188 -0.09623889467002035 0.04686918435235884 0.07470896187054829 0.08201949455422949 0.001998411717851312 -0.04821442613682229
 0.05712700427735723 0.05979759298306314 0.09304389280237488 -0.04218570795498548 -0.05750688491527792 -0.01673656825512028 0.01129812301381969 0.0001437969332227507 -0.09603127217921618 0.08486897679635069 -0.09109704106673888 -0.06027688465977937
 -0.07980103982342436 -0.09117524489991113 0.03239638754552701 0.05208914563678546 -0.02516898271734178 -0.0133889399316557 0.07561639026982811 -0.02734899409107354 0.06467818463533098 0.0759848941095545 -0.03139352391298209 0.03364089185571673
 -0.08925771427018392 0.07407423637225022 0.05481450705898039 0.03107116335203902 0.04487939164682203 0.0241156295979589 0.09580161347170538 0.01641997790607352 0.05441303973268319 -0.07244963340146668 -0.09194283531443088 -0.02993424432666508
 -0.09077476431814824 0.03826432919880673 -0.03949176875532584 -0.04573839090381337 -0.07492547700377211 -0.04942140122851323 0.02804885835657836 0.02293293109773324 0.003434327348349808 -0.03446352915603172 -0.02237640489260354 -0.08386243344865775
 0.05468515962208226 0.03158848285370849 -0.08285697231416904 0.01268831467907375 0.06907703163146817 0.007745052511500677 -0.02959551196363251 -0.06125934227646276 -0.08692660651848438 0.0690660970576896 -0.05717299558113506 0.06510382518891794
 0.04728489831880023 -0.03537466385165605 -0.07392118503790381 -0.03142507077218161 0.09302945579668032 -0.04411484160621638 -0.02310005002976537 0.05608264378176106 0.09717499280672542 0.02738017859076886 0.0966189330986113 0.008992281704256658
 -0.04185079713627698 -0.03621508134607281 -0.01303111611480402 0.02513020037230917 -0.0284328342358016 -0.01910133325652871 0.09395355887747001 -0.03456666508803118 0.06996343881505215 0.004681777411727886 -0.04242295347250952 0.09504149776602425
 -0.04889831869288769 -0.06005698321442531 -0.0009085121375132094 0.01302108583108794 0.02229044069701709 -0.03298865404785153 0.08700539732727477 0.03567203134893937 -0.06434373458644099 -0.04017078276427805 -0.003939833523613739 0.07125181942171685
 0.07164755497299888 -0.05361389313711162 0.009125384647143367 0.02619316254835619 0.08600143710302577 -0.008541089727230985 0.01765007644488566 0.03120232874920842 0.04738869130689324 0.0841833184900681 -0.05066880792001872 0.09460715797832964
 0.01955216281671138 -0.01475606421137085 -0.08950661943902433 0.01446959766926137 0.02862348121676317 -0.01759110073703728 -0.01398594602689412 0.06586336693111774 -0.05771483418202122 0.004322351000271313 -0.06499948117787632 0.01239384393030767
 -0.09310236324263547 -0.006584672105993977 -0.09231359640810241 -0.0826999511070724 0.02646826709909178 0.06567680720383573 -0.05067363001298665 0.06429344944651391 0.07253786711964791 -0.06741621620108468 0.03980497117039877 -0.01709547941651844
 0.05293218544019859 0.06370364971381354 -0.08146203883562901 0.07709463358324603 -0.04101842803701338 -0.01208639708945466 0.02016541592954121 0.06062251859532791 0.01514679371232248 -0.04864359123823145 0.07951464512138048 0.09201628465358613
 -0.03762555313060844 -0.01334145551330777 0.06310622935134422 0.07819038056068214 0.01202592019323083 -0.08822642127753552 0.0318532566597314 0.01861189513259467 -0.0813482113769286 -0.05059862259464402 -0.06802561820544198 0.07917971526654929
 0.07841419404901442 0.05412910574280813 -0.0155232405651145 -0.003211290942962713 0.03201735754444673 -0.04172768489057691 -0.0705520163669683 0.02592544864296689 0.04512925328200984 -0.05306495322858201 0.0008680596662149209 0.06108952660964989
 0.02403569238965268 0.006925179530628281 -0.09101118826129047 0.003644126845056175 -0.03286030430072821 0.009806556078618162 0.02937007328041302 -0.02883250731942696 -0.03936289876869584 0.06652386547529629 0.0649982759421559 -0.09701440031212456
 0.08217996289956395 -0.05857952673695199 -0.0246396031009458 -0.0882589684045333 0.04341973361429624 -0.01530040764939199 0.05614406818106318 -0.05446750976942517 0.09132792079650118 -0.005454140207864444 0.01815144866326619 -0.06417773533153304
 -0.01581094627648429 0.08241101784815835 -0.07952127992292021 -0.03629909340570607 -0.0638555360531157 0.08138110816375627 0.03562962914687781 0.02826687609413431 -0.07793942022019984 0.05658093867447139 -0.0908197223787567 -0.003242555395450653
 0.01555052583514904 0.03471663656676754 -0.06804225587015013 0.08283827897753346 -0.00258762392025752 0.05195811117589413 -0.03891475542384765 0.04204128043611402 -0.04505373704004886 -0.06428584089436218 0.09159681195522004 -0.01452562800730942
 0.09205497951201644 -0.05549842518630656 0.05157016550336485 0.005283739247695762 -0.04381448256313182 0.09398946022105722 0.09340879320666678 0.08411085569685922 0.08034394266612205 -0.02723760719387677 0.04311216275522095 0.06876059722990024
 0.07905339074628084 -0.003432517433285778 -0.072126263980475 0.08271876200832906 0.06083395486983259 -0.03828248619754845 -0.07683977965435322 -0.09187743627633482 -0.05176066994760636 -0.02282823478981214 -0.07387815419361193 -0.07166160767526986
 -0.09939025629992759 -0.007026306410114355 -0.08903845898285113 -0.08774469150003489 0.007666758727641193 0.07828988193567771 0.08515441194697632 -0.03652072307379925 0.09323614248811288 0.07327196634209435 0.08619676093407053 -0.07504202464460978
 -0.006139157980042734 0.01678347522706422 -0.06886899596833988 -0.07424710519959558 -0.03166939572683711 -0.02815792495176847 -0.06946675187865523 0.002822631830800559 0.04626984854466215 -0.08937030139320602 0.07970059850025177 0.02259991864576753
 -0.09570366672901151 0.01852389785439039 0.07158270164056454 -0.03394738680214347 -0.08481816554445351 0.03531291959342037 0.07636838736198834 0.05556728123201812 0.004361112415941865 -0.002536693401938267 0.05954022719793492 -0.0986401276426554
 0.03562170082181171 0.01097604476118644 0.05655930911269125 -0.07750623684040481 0.01690795569936469 0.03195158936827741 -0.02646330105373966 0.08487164446989606 0.0706333195556329 0.05196450183640308 0.01775098372255524 0.08487538411044973
 0.09408793317342079 -0.09561970947937959 -0.09018545604125354 -0.07305251347414481 0.01639921836243426 -0.0208159656475828 0.009907453298108868 0.01381012360553975 0.07819014307668387 -0.01048595730835435 -0.04235455449236553 0.01219180787684408
 0.02347939691971171 -0.06752433821410754 0.0692683315074876 0.09770574154199677 0.0841602191615039 0.07520601066888327 -0.05571510110386718 0.06486999376685396 -0.09457364534747738 -0.08985605703376107 -0.02676294474220006 0.09459047302244186
 -0.066432226149271 -0.0544694278752652 0.01633479069624992 0.08514239556160838 -0.05023089576396175 -0.01663105400605255 0.02802086076212085 0.07116553287406949 -0.0904309636042499 0.01208416083761561 0.05479996894542763 -0.09644624665071082
 0.09937489896099733 -0.07152381608555447 0.04557789071497076 -0.03323766335219104 0.07581739122250039 0.03928547292228124 0.06644234451036177 -0.07933466727738669 -0.0125111666152293 0.04108691213561647 -0.0206884225806255 -0.03766803865237131
 0.01086153085815819 -0.03711203314134308 -0.002494453255403886 0.09177087929541705 -0.06465553347081771 -0.03520705182596023 0.09231566598453053 0.03545096016062579 -0.0565006338979457 -0.06114899981676764 0.0542371659483942 -0.0004230463249038363
 -0.03859911454471324 0.02074955315648126 0.04132292958893646 -0.06890573199288431 -0.03395525044935953 0.009479941635739439 0.07643668227772482 0.05028852768881698 0.01570893176436239 0.07625025005054517 0.004213738282616689 0.03746078253359991
 -0.0933001816494444 -0.05000773578059134 0.04519142131591419 -0.002780985026616972 -0.02039333976544516 -0.08010586434034633 -0.09415368878185446 -0.07333333906905741 0.0082586819192422 -0.02443834403086899 0.0658105716480675 -0.06981196470365891
 0.0004357403287153366 -0.01826756999911996 -0.01295100902329736 0.05917975687683918 -0.003246582215271313 0.01175911671168044 -0.07697917821831095 -0.04571726440551799 0.08648425396692913 -0.08536513207260676 0.09753600740647192 0.04618527013148022
 0.07955399010322878 0.09145859516956797 0.0009210872058075664 0.06554569124672774 0.04266874467999054 0.0487708628386184 0.02312193546997414 -0.006683997166360756 0.001148574946512243 -0.07944144773333565 -0.01732557203358062 0.002076178622419086
 -0.06858694079979202 -0.02392502686888448 -0.01398287483887874 -0.08745438776508807 0.08390714828327805 -0.06429669680667677 -0.02561172367656803 -0.02029394889260525 -0.0299903594326149 -0.04280777087758444 -0.03731748092161563 0.0747022879562276
 0.09277469749587938 -0.01456714066293904 -0.007192805421796469 0.04222495800360776 -0.001413651807627703 0.0869456899043394 0.005077314981724743 -0.03491482904076616 0.04319600974225551 0.02452648741990755 -0.0810837019303576 -0.03753611125014535
 0.002487985946700785 0.06291380354923026 -0.04407406006777369 0.03972561224145715 -0.02307015922255841 0.01799795981758501 0.01488094020309753 -0.023573133179686 0.04542926108917081 0.0903362739079388 -0.06125140384901286 -0.06976319241098644
 -0.003949948933392927 0.05107413776763242 -0.07244365165401091 0.08416057479694325 0.07855038574607368 -0.01162416255507173 0.09456833886402247 -0.09255431323872858 -0.03445201270428341 0.008737485654488023 -0.06479509140651853 -0.08738997637955645
 0.02532180184372876 -0.08822274276020103 -0.0147091266000097 -0.06565336114938011 -0.09141425543345975 -0.02541507443142375 -0.03925082702385875 0.02277184315124285 -0.05975166602482637 -0.09749385234604314 -0.03907771309197353 0.05407709311589917
 -0.03041731144498382 0.01546897670042136 0.06974787427633097 -0.01059648260684473 -0.09610108910885484 0.09394574118062038 -0.0998661247318499 -0.07883122335099872 0.09443590053633732 0.0980065786064783 -0.06246983817395463 -0.04621142751518625
 0.07995612470001995 -0.002961705257220781 -0.09161075826395157 -0.08062560065768531 0.02865275717260779 0.02636028685601427 0.0415219349344175 -0.03959218698353459 0.08086478240266298 0.006155814654505362 0.01511900670863002 0.0379694270371036
 -0.0343538464193877 -0.04408820607719272 -0.07574527107235067 0.02064399650232421 0.06361282561744105 -0.0675713003156614 -0.04495257722332672 -0.06960271547733334 -0.02312541865354886 -0.08586249069246232 -0.09993597727262027 -0.02897050117398964
 0.03364092436868463 -0.01941451130922617 -0.003478316435189199 0.01978265945843911 -0.004770123322805297 0.06803071252883208 0.08962613596283289 0.01533152164385294 0.0769295175786153 -0.01286924098578776 0.01175631545445741 -0.006988285336231317
 0.08211290983552172 0.02699353795905551 0.02611712487465395 0.07050008137747016 -0.03927840335211833 0.08996705236715202 -0.08048314987152506 0.07622335512546635 0.02538305521689768 -0.0924813435159306 -0.03705393769115181 0.07498420275438994
 0.003772479412315816 0.06999534465974153 -0.04481993369468804 -0.02324034199482551 0.05742271562066922 0.01841606591127505 -0.03786255633564525 0.06319589229167297 0.02081144333716578 -0.01193389697344124 -0.0299455353799644 0.07244935559163432
 0.05229056737667695 0.06913724339396102 0.06204288307434572 0.01080126804750001 -0.02759719724066832 -0.03665444074909609 -0.08398932932710779 0.06651904901099057 0.06591039195680706 -0.06220313071430494 -0.02056382330036002 -0.07833516624505289
 0.007631875932202978 -0.04538446980589567 0.06119608333689436 -0.0213859016416271 -0.03928688756265447 -0.08975963837802178 0.02065013109756744 -0.01287949701221897 -0.03211591412452532 -0.03603450060542827 0.04985178576323279 -0.0697819014878503
 0.08564436780363668 -0.0238125451300044 0.001267081149254515 -0.06000053098008445 0.007456954023919216 -0.02185920535435106 -0.06005561331431461 -0.0722910387740187 0.09199396592246464 0.09014134934263524 -0.03853273293154948 -0.03161846138524388
 -0.08699038209387888 0.03328432748780391 0.08798178618432459 -0.0384971063218177 0.05523036439385862 -0.0388137559572222 -0.07639948341409858 0.007496036746424781 -0.06762707234802415 -0.07897827587949463 -0.05622258361246255 0.08233018118832547
 0.05074889055090084 -0.005585873288247473 0.07653678833424934 0.05454822839389259 -0.08661033384670985 0.08500019340215875 0.008731115874749479 0.09908903867586524 0.04053134973086139 0.009883606021182101 -0.06622289152515327 -0.09712026727826491
 0.002291317551588706 -0.0920478556140486 0.0003366945990283809 -0.06330380608940557 -0.06343498746310711 0.05672539570995364 0.09902760441289879 0.01113935665724797 -0.003113128861710904 0.04164322463391695 0.08488415121934842 0.0513697883326199
 -0.02116286439804581 -0.003946206336454802 0.01188865760645175 -0.07458727263414208 0.07177714172019611 0.07354379483438123 -0.0256807509291592 -0.04192611762700302 -0.05001668027895176 0.01028367970057428 0.06399410771282463 -0.02431330209648014
 0.08379663935631956 0.09647408551100642 -0.04807922133223724 0.04057158924420873 -0.03467263517501193 0.009951043609179352 -0.06838282873137178 0.0608370921568494 -0.08610031128156503 0.09998010065915594 0.06260742984440967 0.006427375387149908
 -0.0004516528226818639 0.009282840817917998 0.02652619240000209 -0.05763544841008618 -0.08770343321286594 -0.06539759337662079 0.04709292767027298 0.04274469557906974 -0.01671998193782689 0.08533741518609736 0.09317289248682936 -0.09367101374022592
 0.0004468585064218294 -0.0003477273714909274 -0.07040269657339317 0.03811270345363471 0.03330360653120051 0.05319891198588331 0.07161267906387667 -0.09085103352134054 -0.08579923970797922 0.09083569325659818 -0.08226839097984168 -0.07504746083580593
 0.08333302543953428 0.0977732798879799 -0.009931573853312461 0.03949916776975115 0.09368077141379008 -0.09397231004447038 0.03977985407292411 0.01212698597946971 -0.02861776959719019 0.04248271325066025 0.09486559473107178 0.09845704371394928
 0.05290064201617412 -0.05221917564551836 -0.005197008205606743 -0.04122975503204779 0.008169506941783339 0.02244003448877781 0.07221794716678828 0.07335608608591815 0.05049927041366833 0.0636211190130361 0.00639844881328322 -0.04996481565942165
 0.09946256224146258 0.02936919495575363 -0.08625882153216984 0.002311462723068328 -0.07743938930202203 -0.003284185313525312 0.09387592965128419 0.06015619605795794 0.01062873194058725 -0.02493867442011269 -0.001289277236130273 -0.06209456211482311
 -0.03010176456531209 0.06772513990584206 -0.03689890414768621 -0.07285931590937475 0.08411909030008091 0.07355953037562857 0.01521949680357701 -0.05729947170883193 -0.05175659488207077 0.03550571290492727 0.09031718406155359 -0.06368959295472662
 0.03976960373467664 0.08170036408770545 -0.003739264401150938 0.0574700641769211 -0.001423343487939502 0.01465816813290781 0.0393996633096623 -0.06716708234848198 -0.06452434969587476 -0.05127144123002486 0.09537542612653679 0.04234095932242804
 0.007632014548436913 0.0402707112861557 -0.08640123379092776 0.0270423079561328 0.03229893655996502 0.06246190483908398 -0.04470297165615783 0.07675282140185516 0.08811428684939548 0.06121991593170273 -0.03153963634755332 -0.07498812469104318
 0.09094105545743264 0.08480990186096835 -0.08611998821078927 -0.07739858517445947 -0.08842334563800806 -0.06397918997837351 0.009884252538840912 -0.08860211452030625 0.09801518019416849 -0.0703762348678498 -0.04716702078593354 0.0806650633155977
 0.06799430113771018 -0.06880730332769378 -0.05658351688356721 0.05451667434452889 -0.08747248416587977 -0.01504772329745246 0.06159484497655218 0.05526281539959954 0.02230746439211402 0.09411551770185986 -0.04633165251109409 0.06840945365775103
 0.09664594885182448 -0.03398380005096037 -0.04616971428283555 0.0134833266861063 0.09183095742336408 0.001938648861157105 -0.002955465166471632 0.04582010855180033 -0.02410509114775418 -0.06043449896005501 0.00945804215510633 0.01488153950625104
 -0.04659808378286931 -0.03967044809206649 0.0185853476988634 0.00993245034414636 0.02067942314308191 -0.09122635481718563 0.02348539664451157 0.02237167656152841 0.08574196935512746 -0.05770961174241386 -0.0810681553708355 0.0281330062446557
 -0.006223027697302569 -0.03761681945411767 -0.02090654815972284 -0.05060539946161965 -0.02266416430809039 0.0421440778542721 0.09199470301201929 -0.04104408680946958 -0.008119067771690608 0.03673480616299829 0.02270484176445449 0.03768365378362404
 0.04677005576731327 -0.09180977378248097 0.01403715815801321 0.01582437339073912 -0.005645130157876252 -0.03813154945711105 -0.03361509734616609 0.08067978696463038 -0.07916563482250639 0.004477874591517744 0.06956919893172736 -0.08197781288482572
 0.04143451915195001 0.05797291344900954 0.05792476395472443 -0.08170875914840274 -0.006554046403849878 -0.03152738292829561 -0.09618463697141966 -0.09938946380636093 0.03790571512985877 -0.05904015061931548 0.09054702280618457 0.03129551218039653
 0.03332047691715639 -0.02884209399547703 0.06588757919632812 0.0471736560447677 -0.04058891199311156 0.009814891394803432 -0.02859296494053536 0.03431242091712755 0.0447171410963513 -0.02016805844326111 0.08024324001556646 -0.04564110317309235
 0.04345857386051988 -0.03820604763029206 -0.05972821616057342 0.0330413817082657 0.0928845462243876 0.09120232303537365 -0.005183703211222246 0.007230760284115692 0.05832557907271846 0.09495162616520744 0.06949800715872884 -0.04445129863246874
 0.03452676112950268 -0.07147512917073896 0.03371237356609441 0.06727586784938391 0.02412538372601969 0.05371296264343811 -0.08062404291854242 0.0719662021032681 -0.02932451621122732 -0.03603202160258472 -0.08508299849005578 0.09685667708859666
 -0.06363192653264994 0.04972590012640909 0.06973688326647032 0.0506331094089191 -0.0004709825946182244 -0.02786228971760227 0.03103496213705451 -0.08126212217831445 0.09607465319258604 -0.04147698735007291 0.088819045033462 0.03455857754184544
 -0.07321102793961048 0.06218281718960642 -0.03897842178230348 0.01646029562858084 0.09177392470327803 -0.09657283838580095 -0.02495107086504128 -0.06076501657269599 -0.0948464149231555 -0.008228553340457037 -0.07792579170279257 0.05613821066929714
 0.06377657973026446 0.0693315019978171 -0.09859962056296853 -0.03532141690632434 -0.07580353245978526 -0.02989128614814333 0.009377519919659544 -0.09400648363013266 -0.06610021502675081 -0.03732725555041243 -0.06625763817346499 -0.005202548030924112
 -0.005155331861064219 -0.08651882565104635 0.09822420002317142 -0.05786803328251094 0.06148490583096 -0.06766530639106316 -0.04717483713923835 0.03544080910449812 -0.09081639518947456 -0.06702388900568476 -0.04023656832547681 -0.0542412024358217
 0.06621451851622637 0.01328202536703553 -0.008229048721939178 0.05651565671417932 0.06569604916920854 0.0269185522100083 -0.09069790319787237 0.07241698054713042 -0.07807520529222023 -0.07480169538347878 0.0817711633263549 0.09176294995781242
 -0.06900440895958901 0.06226398641616668 -0.07838822161927365 0.02744635973177675 -0.04324165850432528 -0.07220755155735441 -0.04976430124626209 0.008793131917974997 -0.05523922587225144 -0.03711736704956627 -0.03247620859303506 -0.007851064484887899
 -0.08808450181231597 0.05583713296862927 0.01314878869831101 0.07660982416286952 0.0860816235014312 -0.01836615249972215 -0.05301636824241499 -0.007611534818737137 0.04285476393488769 -0.05322037898356263 -0.08840974200860542 -0.0955455237143731
 -0.05513485703655489 0.03204611000375657 -0.0101793302410572 0.01234305092414836 0.001436943954261832 0.0555657481334145 -0.08881465449000882 0.03679287716328694 0.01633381410264385 -0.04398087474908687 0.02772808672382587 -0.07459166083579802
 -0.08393432107623044 0.002474437065364724 0.03836896275315288 -0.01916376978775933 -0.05185183683533598 0.006639166028259494 -0.09173699855260893 0.003640224119490276 -0.07922018510486466 0.07243043011394543 0.05654276882133596 -0.00225161425252024
 0.06963715546315932 -0.005274131304142393 -0.02003233803037276 0.02185555741521177 0.09937168404364297 -0.06370270561221704 -0.03055915853150527 -0.0105950944722491 0.02360144318138147 0.01066912694771424 -0.05827756875019973 0.06710165488409384
 -0.08465025147871982 -0.05401979748224028 0.02247660889778849 -0.0169266571795005 0.005378966081773434 -0.03901686574123062 -0.08426048679027655 0.03669393664662721 -0.06990933636808347 -0.006726661319803387 0.08158659590688686 -0.08737616753979954
 -0.0764190351289859 0.02727868013135831 -0.04129674394599582 0.02133333849027738 -0.02375326753126258 0.04138303407381988 -0.03874859489965796 0.09185144066465045 -0.07122500013289462 -0.09525109387049273 -0.03950902070059451 -0.01151871751577122
 -0.05976805869482848 0.098562688162076 0.08336370008484981 0.05885574305971883 -0.08383209989399659 0.03530653044617763 -0.0787032943070356 -0.0733796452047303 0.02237691820311653 -0.08132159349019401 0.0574404408178219 0.04292492381990812
 0.03269193092329775 0.0450424202487793 0.04121162696913855 -0.08169610597762182 -0.03199925289478488 0.09834936393387306 0.05782752632188992 -0.0309419920464114 0.01183984295589939 0.06652046346693533 -0.07945787432175823 0.07613712207661419
 0.002376650322766752 0.04372283006917191 -0.03226947720417551 0.08997507444692071 -0.04643727956673058 0.06151760062817588 -0.04395649173766347 0.06441979857136623 -0.02133229180261077 0.09265762610813455 0.08407330737070839 -0.01945814591628955
 0.0004436835123236699 -0.01093293475542402 -0.09801808203948749 -0.09235128024008607 0.01907443507698177 0.004684262208141776 -0.04210707810382558 -0.07831558616756989 -0.09156278660879411 0.0641049163688408 -0.03092650792643482 0.09786102089487436
 0.09260954615398143 0.06524612377466796 0.06092915107355645 0.04626322546424089 -0.08393416035970744 -0.05904127458367411 -0.09637526672903775 0.04879307263882723 0.08135746216413414 -0.05479868205018989 0.0445311125303213 0.06878372907746685
 -0.04767552036888772 0.05806815330235215 -0.08954135950163716 -0.09038446161040385 0.09815752813647313 -0.09776250077602212 0.003271737899319033 0.02999660525497436 -0.06540324369571539 0.08932172307066322 -0.05332983887298098 0.09505241615173685
 -0.06371171893559047 0.07031162624572021 0.05508214018543636 -0.03162151302372546 -0.0313979366129362 0.02953981984721116 -0.0975136318983983 0.05639243406252967 -0.01413530015819661 -0.03272474805948512 -0.004158240851601852 -0.08777157531714423
 0.06379351932714172 0.03488234555003761 -0.07322695580605611 -0.06000498064136649 -0.07251510631813801 0.04181148367173784 -0.05505208260695792 -0.04818258198863262 0.06016853596384003 0.01130148788179217 0.07173214690548516 -0.05542852585580113
 0.05545643554112231 0.09484244253018145 0.04518383167932732 -0.02830920432381864 0.03445204968271071 0.02971245306876596 -0.09496306377373211 -0.09698817460943378 -0.05844217990227282 -0.03630788688295222 -0.0402064725525512 -0.04779925279288832
 -0.06122506445837893 -0.06611128384426591 0.005901460918509488 -0.001282703039439059 -0.07281506337400946 0.01050205039053817 -0.04339903677374956 0.09276287840375411 -0.07139764644206836 0.08367585573376923 0.04648470748696668 -0.009965298490932029
 0.05461578763940964 0.0597636932289371 0.0860889604156706 -0.08859333763112187 0.07346825425099399 -0.09764607181552366 -0.07804212223962061 0.08895555423668264 0.007295477942674558 0.06202540442245183 0.002102464879471744 0.01802608404102883
 -0.003014111532437636 -0.0762317973851124 -0.01059741298542186 0.09460404252929722 0.02792386131149122 -0.06295907534117923 0.03659351239291458 -0.03834587741953834 -0.01230448545341398 -0.06088109690945943 0.06903636264984345 -0.03843565724208066
 0.02274008215137827 -0.005512479549116878 -0.08780670906071765 0.02409013335992005 0.08223905978859808 0.01964675434803317 0.04233261900839441 -0.03813339286254197 0.09504821145495734 0.0769477063655386 -0.07187974820217322 0.09720364274515356
 0.04499547370316806 0.009408820540182619 0.0653895008721482 -0.01959511778598408 -0.07231167525608539 -0.04996365720540085 -0.05745405444400501 0.02844893473706356 -0.03052791696712355 0.03072295013602327 -0.09302139693130891 0.08500683712706095
 -0.05700131851442056 -0.01306001904060936 0.03228540143126674 -0.07690018253539965 -0.05249210167512861 -0.0822896109181481 -0.09352366943342857 -0.07299461416097801 -0.09370876393911333 -0.02018631422714848 0.05705336792758961 0.05755535567910861
 0.07856223552181429 -0.05530699140290186 -0.08350552705448148 0.0003790124716948479 0.05825771414037959 -0.07766544920115763 0.064285137146605 0.0464188369974213 -0.03396391618868139 0.03930358858653446 0.07265864986379547 -0.09218179613241262
 -0.02164952172428306 -0.004520880445059397 0.08789350057241543 -0.03983474235743731 -0.02655661906380052 0.08383429209901541 0.0429537540088098 0.02937879103741234 -0.05229482800522497 -0.0439789382620187 0.003092320853548575 0.005469284807746916
 -0.0669469459759239 -0.0845440513094193 0.08837698068055119 0.04309560263244444 -0.07362054329235376 0.08727090507366164 0.02584668049187638 0.04053149251464913 -0.04247050175613126 -0.03153946762038323 0.06440311552831887 0.01174992502544669
 0.07052418400713356 0.09357132781592312 -0.05486294160341009 0.09003479268998282 -0.09707339939605697 0.09692180377946627 -0.0009557855367816337 -0.05919792376206484 0.02617747274586602 0.0597904378503343 0.04573787262171528 0.02793883124642976
 0.02531060395582474 -0.0976545521763194 0.09800357568615523 -0.02072434611425979 -0.08040762952592097 -0.09326448556039486 -0.08192950591361425 -0.04300657960858317 -0.0723393218389683 -0.04467939370698547 0.01251880740997538 0.001462063938951361
 0.006113009782808293 0.04919538264014794 -0.004414186426321104 -0.0006453069581791593 -0.01057168009164514 -0.0091652092871021 0.09265301092569622 -0.03409741772112522 -0.07448329432007776 0.03742402515122256 -0.07118307439262066 0.05982814985007254
 0.02449321912952936 -0.009361348191261248 0.04379822795103927 0.09828933128668541 0.04796429274772535 0.08585778073545955 0.07633743276256019 -0.03519906783925154 -0.0653512991809895 0.09294983406807389 -0.009352042312383083 0.01463401098423404
 0.0785710169691379 -0.06753468700242807 0.01399279273711382 0.07954125033076845 0.07359157771874519 -0.0585257624441092 -0.03837265899653958 0.05465079623900734 -0.0762596887684599 0.04724414083319553 0.04419414902467239 0.08486060271833426
 -0.03460167297934567 -0.07762827611145352 -0.03893733358166246 -0.05479120787858832 -0.04429708050760627 0.05781169421129592 0.01644557483572566 -0.07509775388891128 -0.07753013772888333 -0.08079041695808666 0.02425972577845256 0.09279687808814727
 -0.06095804616114606 -0.06648099184957515 -0.03156467141899805 -0.008474504410430128 -0.08399607740248724 -0.0304232598177666 0.0925922959767857 -0.0614688874506553 0.06868093711735365 -0.03298523346903424 -0.02885964775805633 -0.004236002101687966
 0.02871350084646912 -0.0712960800615795 -0.01065877204554276 -0.01897903871585452 -0.007140389078499593 -0.007416456978828811 0.07923284254749716 0.06759107142697082 0.006610967690982975 -0.09394351209864979 0.07128869773678928 -0.09665665581553484
 0.02688858756015064 0.05547467242129064 0.06399770543785419 -0.03757659343027499 0.02689084878781536 -0.05756293584777034 -0.05330570370211533 0.09789935158652299 -0.01629895781254455 -0.02695175913333768 0.04565007743947197 -0.02189158317366952
 -0.07334333977069786 0.08610454586284363 -0.09704802521461421 0.04689407940673049 0.008157940870220509 0.04079383358444932 0.06403218613346445 -0.09397024103816444 -0.07817241696242894 -0.05105933339869619 -0.03103562437720359 -0.0793063921996866
 0.05938105437110405 0.08505071469634443 -0.03347369743186621 0.06828323498090283 -0.05924468528920334 -0.0066986209127749 0.03344238012293907 0.04160438566035302 -0.02626420198162437 0.06441536076062024 0.08292760351955611 0.001991255609038789
 0.01866104287490018 0.0648823193336544 0.06222068393066002 0.02283373050223995 0.002673964946303189 -0.03736818132120558 -0.05196625307361108 -0.0732614225551188 0.07893973134510421 0.05435810128464477 0.03399939095732318 0.04343933085349957
 -0.08760531322542672 0.0467539834006851 -0.03157446816280324 0.01800750595990556 -0.03949939754964987 -0.02677659643580907 0.04714306544327951 -0.06736525391679768 -0.03939152372296961 -0.08230583655930632 -0.08687008315761366 0.06520297739457076
 0.07934828852476469 -0.07152475645777909 0.03349149200471141 0.07224649948189374 0.03755638321304516 -0.08115911015843658 -0.02589820446849275 -0.01493219799466795 0.05408793796931929 0.0807207613825896 -0.04538686747385478 -0.09941666241825765
 0.06379793778494128 0.008724888023089267 0.04435818477499179 -0.0908572070396408 -0.01099868183470266 0.02413917772971785 -0.04084224208545208 -0.05865593092392186 0.019194916402461 -0.02733639030378966 -0.06713641081233003 -0.09629537614862546
 0.07941038384624918 0.01303003659147213 0.02021184053922756 -0.01602154954525679 0.02971034171446643 0.08460698020864671 -0.005284864889275515 0.06351123966611236 -0.02693472119053812 -0.03007211423375235 -0.05748215355215548 -0.06019883913574894
 0.04882231220818514 -0.04138278916147925 -0.02944708047117356 -0.06259421180418195 -0.06569262099060248 0.05947744420384402 0.05191720496048366 0.02540195547561971 0.06670315650072087 0.0621968170561582 -0.0006161101460318147 0.08003356749334978
 -0.03981056199313004 -0.05336807750811369 0.05162310887894683 0.01722221197521963 -0.04045147815209443 -0.06271270280595809 0.09663168198228977 0.08770575805803377 -0.003668609604707246 0.02529677167469138 -0.01080631168721016 0.02077214831837397
 -0.07219222645909242 0.08735520276717765 0.08421143365777245 0.02336136912670153 -0.05159011591110871 0.08810464762026626 0.08342514817210089 0.0697694253440444 -0.07605028312358852 -0.0602122027127885 -0.06905950647371452 0.09370267621195957
 0.04560598173640795 0.01697541715089609 -0.08099568041300118 -0.05281235624896209 0.05096844121290398 0.05558344183535383 0.03515592899496325 -0.01304951263500848 0.01519230691489397 0.07827018299876612 0.02429648064629353 -0.02436162794686283
 -0.06796765990954229 -0.08191215188540361 -0.07190113945798471 -0.0826241882289012 0.07083320370348034 -0.04284195483057837 -0.01974552347849928 0.02225450251689112 -0.0230509787033317 0.03394041661004532 -0.03247522163874714 0.005017537491059709
 -0.01539258405375409 0.03933397731181359 0.003577380379440442 -0.09877752702141988 -0.06147347148615893 0.003924372694461595 0.05761789822610841 0.07707568918521743 0.02544757235036194 -0.09298901721350614 0.07358863749024755 -0.07244594788991204
 0.0461463934648326 0.001689101630940298 0.007859194372603989 -0.07973317019674803 -0.08434833167626829 0.09410129324312064 -0.03390472548470423 0.009472141548403007 -0.05065646984868483 0.0716757013958996 -0.05434367115270466 0.04088603947820227
 0.09494129166558071 -0.08346408482316137 0.01825175691018655 -0.04173078635812025 0.05610555924285496 -0.08590599061147841 -0.05666282617473214 0.06415215739519672 0.05956541208941127 -0.08359025275233442 -0.01887418145339195 -0.06988766909037103
 0.02183113279021301 -0.01952136696592838 0.05512165133849203 0.03750906267169479 0.04717593655440619 0.04416442393151587 0.08093936873546295 -0.01988981322294764 0.09370967059940266 0.0511195695923661 0.08108763163988142 -0.0304134701488282
 0.01689286688692153 -0.03901342460774374 0.06988021657824081 0.09249875268389965 0.04725361828480693 0.02794633290209589 -0.004028999532419988 0.03229440221112206 -0.09452484523764387 -0.02256041115907272 -0.01521358018789248 -0.02629564773447214
 -0.03539051351870741 -0.0001373833009591513 0.07288832211941529 -0.06145524318818677 0.05822696148313347 0.09747806763389907 -0.01357249554610554 0.09480475119541965 0.03084146247136096 -0.02853011604635311 0.07388289434926318 -0.06697452271762611
 -0.03700218126597449 -0.06735916176576008 0.09244348640886943 -0.0379127211249496 0.08829742426964532 -0.08128744327283915 0.0904763169885138 0.02151028541091718 -0.05392126853211504 -0.03191313571885465 -0.03245717200168216 -0.03420385187689869
 -0.05897529567371666 -0.09492119041923519 -0.006032241497479732 -0.09288238337192338 -0.03441708430495576 0.06644285614695528 0.04502557772558494 -0.09889241903376735 0.01562679911733575 -0.03375357766567741 -0.08839233052030852 0.005312607853876022
 -0.04792086989616459 0.03337395967234658 -0.06380813432930138 -0.08538423134430977 -0.08415782768408558 -0.00998479847089756 0.08961500859828117 0.03989677161652114 0.06394318209447741 -0.09316131122771611 0.02627923064747786 -0.01894333805789108
 -0.001628006088005035 -0.08410446633402144 0.06647554778414996 0.09832529552143954 0.01751745023161026 0.08260463862088394 0.0984330304420101 0.08462364054873359 -0.0905431836864668 -0.07586094339356153 0.03322756316168679 -0.08086817787460647
 -0.05780166894681213 -0.06167580877427231 -0.07309963581685439 0.09049225148739368 -0.08323130543558882 0.03852173415889978 0.001530753078171743 0.08600409182349655 0.09403773695780338 -0.00072061279946109 -0.09467119725506061 -0.03634289117491531
 0.004802008688766901 0.0959471924757492 -0.02642667271651426 -0.01352258537799259 0.07879116660637725 -0.08300492819129487 -0.09246263472954268 -0.04366509415516417 -0.09292470773011534 -0.09405630772938176 -0.08811216198078273 -0.03302813082206355
 0.00952926883334862 -0.01837434177903499 0.06983427434092357 -0.0766319059123366 -0.01173849868713031 0.01963913202169623 -0.01656435686350971 -0.05503105487533144 -0.0757973590433868 0.04012986397544499 0.05612560975653386 0.003010069483833672
 0.01763363620750547 -0.08770524897898507 -0.07017638832147277 0.02827692907998877 0.04983711273001043 -0.005633650462838494 -0.03090484809250417 0.05149164825292177 -0.0252065794968783 -0.04933224184863717 0.01288335711478053 0.06362643438158896
 -0.04268055293903922 -0.0110317259889606 -0.0217147506033705 0.08523120692368297 0.08276937355095695 0.08395689513683804 -0.08293838713922567 0.05262867190004547 -0.09436507259071789 0.04451970662032195 0.08169092010932363 0.09993010180669204
 -0.01234913677571378 0.008514988249136518 0.02535649547451319 -0.09670966931546733 -0.01013382417526515 0.01579349723954773 0.05919565503795166 -0.05255068992659754 0.03584442594852055 -0.03751736980953856 0.05631286940505575 -0.07441758537532067
 -0.01691638319592434 -0.0508442542490912 -0.09060612891166832 0.09499506898035784 0.04868601042965054 -0.05183563820080569 0.06240055855074472 0.04392943398164806 0.01216520566370152 0.04427942812632232 0.09654033295575964 0.04196486520766313
 -0.09083070535830078 0.05396139326657476 0.02284646620304771 0.01272468625985472 0.0589784068611017 0.04985631897888715 0.04758937749661712 -0.08177142283187383 -0.05471654525064334 -0.01736502039290894 -0.08903667403936234 0.02876574601809873
 -0.09147532190144422 0.05270036321592239 0.07476718536785415 -0.008082586316404142 -0.09410493221476252 -0.06449519888896912 0.02916330010963486 0.062583043678442 -0.06886691796442596 0.017525491736787 0.02172805308372669 0.072827495773884
 0.004115961315737132 0.06660552520638427 0.04486608514186249 -0.06981596486568187 0.05163695148023284 0.04554701614224119 0.09820766079674134 -0.08306626885151699 -0.005206864710174564 -0.03799598331331534 -0.006495986808906409 -0.05272492516111295
 -0.08086148190731685 0.01779323465125331 0.09919113623359521 -0.003946266001572871 0.07613279346094984 0.05795450252689471 -0.05766492993323526 -0.0113306128037758 0.009776108263220909 -0.06106624481277784 -0.04945309026082171 0.06828301482543503
 -0.08740362916439645 -0.04449260508116112 -0.009849107041715363 0.02210554573806811 0.03968283192939892 -0.04259838263193111 0.05011064988597702 -0.06913892867638761 0.03108644210217365 -0.06962844129063592 -0.02921031663998654 -0.02182867411960752
 0.0373377388153856 0.02641078736359961 0.05788987345170374 0.05043847500968537 -0.05085557116584005 0.02478389666673882 -0.09099552903743748 0.04658613927713837 -0.08021486808135833 0.0448515184693466 -0.02532720916464638 -0.09262782994587945
 -0.04428505233078414 0.07834728485537143 -0.08351932260681533 -0.04899852514811157 -0.00273424435639677 0.03297387331295271 -0.0568245495731553 0.09030160499457904 -0.09064509854941805 -0.03125730318711629 0.0887686370310263 0.08535805439482466
 0.0300319375741088 0.008584259893905474 -0.01803924634433306 -0.01254085639166777 0.01343613154147597 0.02716013875171605 0.02551097647152406 0.02373859238010718 0.004144452707698171 0.08052825704313932 -0.02137198006071174 0.03791593749016653
 0.05392101695498705 -0.02612798964973823 -0.0346272033046922 0.09885611778552392 0.02191581143013736 0.04816017586419047 0.05619623313955766 0.09536919819407363 -0.05756007730943155 0.07105136061544481 -0.007963032097172806 -0.03513176925099519
 0.0357975951355399 0.001737193640942408 -0.01143386583961505 -0.02338555731288285 0.09430477130390125 0.05764945583173792 0.08886813709791788 0.07401509361585271 -0.05743092407122309 -0.01291291471891819 0.009877715471307738 -0.08702788453090399
 0.05323070114780803 0.006034620593893786 -0.0500687108067344 -0.002927869256801802 0.02546278512981742 -0.02762340531421922 0.09669437618224402 -0.06291014352014669 0.001224234098525706 -0.04037402021865268 -0.09535867381625053 0.01757900266794876
 -0.005083413204164514 -0.01729207831757182 0.03596250864703945 -0.06491404353286301 0.07604844454770759 -0.07333330666411381 0.006258680779174436 -0.03468783970917841 -0.09699927448209548 0.08841763949339776 -0.01547934037235768 -0.06304128568718215
 0.0356508905648579 -0.06353860062390371 0.01769073224890549 0.04002725486662045 0.08292760826127638 0.0249522832648307 -0.07757431613161038 -0.09814010566473449 0.01343238968747618 -0.08095293059680443 -0.09258432091616177 0.07943540105722854
 0.09645924378066209 -0.04239966677601105 -0.03059106927256959 -0.07260322621071058 -0.01855846530872099 0.07214127799619743 -0.06185381655152877 0.0477628861556488 0.07646903035557495 -0.06034971878260792 -0.06208341731522603 -0.0580855659511116
 -0.009106191684969872 -0.06157710023634434 -0.0386822712174919 -0.06664612923614367 0.07072252312604399 0.03082215935383817 0.05098618116685591 -0.0006102040039797363 -0.02538971935358651 -0.08026566708557165 -0.09420491702912087 0.04619543844741664
 -0.05416946895700227 -0.008335630752974305 0.07266430131675669 -0.03179074637145693 -0.05438172046268461 -0.093513152920631 0.09172372126938047 0.07606479998801746 -0.09118392982295428 0.007776761021710502 -0.06376623711046467 0.008782350552630797
 -0.01213674839973154 0.03402844445916361 -0.006489291878544107 -0.07378577743377672 0.05214201970942464 -0.04227956911835774 0.007013429358313616 0.08010481756708115 0.07407626491881789 0.01903317299712712 0.01938076214229065 -0.03512666597374386
 -0.08528395665995715 0.01529565282558754 -0.07022496128785165 -0.04372666795841077 -0.06697178943705817 0.09032649615412225 0.07849750494276758 0.08869469566637819 0.09892341120036205 0.05982555349203275 0.03386881080625345 0.02459917351996306
 -0.08196571656187396 0.08510379776045351 -0.0008595303827673983 0.02902866909429946 0.01958311291944177 0.01021965690603281 0.02425626867095203 0.04164428628077355 0.06864562452654802 -0.01367540298785169 0.09980421434382367 0.03041104063649963
 0.08542009901015632 0.003721767099943235 -0.03201186855001918 -0.08450922974090533 -0.07523609466783232 0.06172700804857686 -0.05822530473471252 0.006008043960393519 -0.03656546846039631 -0.07459479852889132 -0.05910106698078223 0.02546083598271559


