# Created by Octave 4.2.1, Mon Oct 09 10:12:17 2017 BRT <root@mosqueiro>
# name: w1
# type: matrix
# rows: 200
# columns: 12
 -0.04289057939493418 0.05401398091599249 0.05349635324818766 0.005849783800241232 -0.0006263019303068273 0.003255523993470885 0.09924680648352763 -0.07141388020611822 -0.07609676586826798 0.09539012676988817 0.02166108608539244 -0.0581501658356233
 -0.09773897353321266 -0.09247873874473174 0.08133736219366314 -0.004813418427391108 -0.09968483887005146 0.08866075312501029 0.06383532053294774 -0.03299546977713365 -0.09427063026241089 0.09447432432252831 -0.03580046290738889 0.04159787264003834
 0.0620332394459413 0.02481864148310715 0.05442924700111446 -0.06969898279698107 0.04571959732703629 0.0981613651882679 -0.04738086914771253 -0.04747021109629063 -0.03615544233777938 0.03032171725356619 -0.09614533050486614 -0.02247597146500822
 -0.06814811952708338 -0.0004162802924490561 -0.05231438920362602 -0.0004774725853240597 0.09141213749070329 -0.06307652151678124 -0.08137949735373967 -0.03650491249675274 -0.01122278166605178 0.07029842818114174 0.02371271772179633 -0.009735881252243103
 -0.07229814483518961 0.008443168087300029 0.04759629265719298 -0.00722507833345308 -0.09445656479251145 0.09827135391335245 -0.03157977739254755 0.08901259417692883 -0.001796969423878511 0.07700836922464713 0.07490803993287221 0.09571481031991286
 0.05312398449790232 -0.02688348421785022 0.02865369927054601 -0.03495198469547579 -0.06159223340047335 0.0555973663119462 -0.06500394929776233 -0.02585987282643495 -0.04701947144059974 -0.007047190917353965 0.06600501553758659 0.00729876011574615
 0.02909361752241463 0.0972152447949749 0.02685890951483619 -0.09401363321769657 -0.01920636105570792 -0.04277309615408066 -0.002363583761142901 -0.0898506706446454 0.08613232903196957 0.04654432646395684 0.01242937577341401 0.02195070957359797
 -0.003699732643943882 0.04476485617537923 -0.01823445048957952 0.05540777153832968 -0.01555739887767496 -0.03169317113682418 -0.08123537740512796 -0.04137178197227728 0.06656190458706571 0.07069203216292103 0.06710302227499479 -0.06944041366032828
 -0.0143223492640485 -0.01802441388998491 0.02176612920383976 0.001989837730587474 0.08545443832277116 -0.03314060492318847 -0.04005327893792893 -0.04357607440146908 0.0007712709915618232 0.0175105721692552 0.006945720484918552 -0.06958617634929389
 -0.07479661222625937 0.08487547796617842 -0.0480852177619363 -0.06131087503566554 0.09155318952281374 0.06987189225797646 -0.05792338177663092 0.02571606312141031 0.01745657162088055 0.00667204783236966 0.02471596321934463 -0.08017938292617093
 -0.01686349095175042 -0.06527871360572038 0.07883636867348218 0.04750492347706459 0.09881877440678807 -0.01180826496459177 0.005396871220513397 -0.0397440784109338 -0.0467961788448775 0.06568301703148302 -0.08284564866259198 -0.06993639075244248
 -0.04531938594746109 0.02563232100083662 0.08690553880477003 -0.04552056572012125 -0.04157538653006142 -0.04429879036882475 -0.005532117755179089 -0.08456821942007617 0.04886204676096151 -0.03363084004361107 -0.03364949433022474 -0.08489185416995031
 0.09682415572443889 0.05255311681444536 0.07974164171585904 -0.04465310540924784 0.07157701091202884 0.02194990072328092 0.05550026870350774 -0.02559053378913898 -0.0884243181807786 0.01537306128537926 0.004349368694876857 0.01855173452430106
 0.05327217033819773 0.06317123641936698 0.01170023471375514 0.0654472937209572 0.05843177747764772 -0.00450106116717798 -0.0007756101983598246 -0.09229349453635745 0.08649997437315601 -0.0339629168584651 -0.04035862550567385 -0.06406956169031111
 -0.04242583277646738 0.06540703954625979 0.09663547714067966 -0.04551948671223244 -0.02074586983006498 0.07503780274502461 -0.06851666597314889 0.05733201125421983 -0.06720678460547988 0.05657612808062085 0.09313550669946033 0.007877385243914944
 0.09970673564524879 0.09237370939379927 0.08578115353328061 -0.07599918724814381 0.09316174867642407 0.005426908752029405 0.02418826633952301 0.03569905078308777 -0.01069921781227699 0.04106035448902073 0.05777379148787148 0.09324018231138251
 -0.03312390606139594 -0.06150401532111432 -0.04319005107194555 -0.04413506950736127 0.05750159475412892 0.06760737469106071 -0.005451381823063012 0.08169537140307079 0.009850717899585401 -0.09615583770910785 0.0629784312926995 0.06183525427378897
 -0.0116200997285125 -0.03832992800825358 0.03451496405128973 -0.08201956567403318 -0.06471925074937403 0.092594420335921 0.01131454971785831 -0.04232035419074806 0.03768892872956381 -0.002641314928911481 -0.05576279456511107 0.03795804741360848
 -0.002706553873386003 -0.09376012274772673 0.04959880297505762 0.07968008922520228 -0.02150960189183039 0.02287316456614001 0.02409458742533085 -0.02650621454306284 -0.02780420723062968 -0.01993188820514252 -0.02919604747792183 -0.03987469476848812
 0.003923498466731262 0.05293123532754021 0.05523381515311429 0.05144644224711942 -0.0807479151516913 0.04827136260523185 0.037639153335636 -0.04522610320744039 -0.01920558708037692 -0.04106123323662149 0.01265645439386445 0.0546172799475397
 0.01454850027993562 0.04729699130035731 -0.0291429648877972 0.04624851351747686 -0.02044507882957916 -0.0957446623784242 0.06175151248682148 0.03305096432631072 -0.05312147104083006 0.05048747603636464 -0.07515489725732498 -0.0604377610437307
 -0.01530175356826205 -0.08378366475813101 -0.05034413364969272 -0.08202414131196635 0.04658340735369831 -0.01064636581675925 -0.05733021320500706 0.07539312328246084 0.04746694675038185 -0.0557908536937377 0.002040556186433617 -0.0361903004378691
 -0.09466464842668398 -0.04439958536102767 -0.0539338298052399 0.03294017260690213 0.01596210015901704 -0.04278233562094524 0.04630481208697199 -0.08852235279311638 -0.004604866311740424 0.0929136337430321 -0.02136820277113588 0.04013855529294288
 -0.09303071735282697 0.02306292371150911 -0.0001643634932245175 0.03125346787973118 -0.05364186674404631 0.004614738737617599 -0.09576077972266579 0.002743866010917251 0.01528364575571257 -0.05921909213946156 0.03570974842034444 0.07534557312040488
 -0.05893963718371484 0.05820786077004522 -0.004404580935073926 0.006675429213551132 -0.04182155973868468 0.09450017861342222 0.09156547761067182 -0.009972945802837668 -0.03127993038544717 0.08994750405429938 -0.07407483821858797 0.03211949984008836
 0.05351186967583568 0.08375349932841794 0.06949236332488787 -0.04948405904607892 0.002844775568103253 -0.09260478521243273 0.06474429055848238 0.0757527889012248 0.02544304566668026 -0.02557714760402605 0.0792730192088493 0.05319282410128198
 0.007244460312090584 0.01854898083852227 -0.06300334178086447 0.001771993415232334 0.006761858412781582 -0.04024450043692963 -0.01825997395878434 0.0142080681031788 -0.001873451242066337 0.06990263746366718 0.07087648099585586 -0.0180569519112098
 0.007274837516258015 0.08001574061752978 -0.07598319165983433 -0.01149976893147944 -0.07848269209589932 -0.06996504596665458 0.05901569317016092 -0.03393319450503267 -0.08870701454430456 0.03789392219934157 -0.03911529488002616 -0.01049412453290791
 -0.01456083047750539 0.01826304038696187 -0.008035036547041824 -0.06082944018136906 0.02047234918663246 0.02527592678633861 0.001070318280353866 -0.01566023893316479 0.06506492638979519 -0.09248117912974749 -0.02694635717614885 0.01507623873742189
 0.08562427864883643 -0.00280368903166725 -0.08620887426396848 -0.08054340067121701 0.02800586118575185 -0.0043989401136178 0.03944241004098387 0.0186577973557354 -0.06193720766433136 -0.05829408762860956 -0.03736938505362451 -0.04906107710080657
 0.001710149940628944 0.0451606509452307 0.08592560204274166 -0.08367549836834347 -0.08170494623801039 -0.02848823055905142 -0.06775571822304979 0.03483196219137089 0.05317109996192354 -0.06592721170157724 -0.01080821604024683 -0.017500986581525
 -0.06972920686364065 0.02356423163590975 -0.007700613858498753 -0.08520884904055834 0.05970302717697035 0.01879373752447752 0.001632103646527619 -0.02329774051475694 0.05877287703247699 -0.02271983896156032 0.02405976112007299 -0.09698686534733059
 -0.03508621915480538 0.03551795126224888 0.08157539473801848 -0.04641592711838477 -0.09255051913114831 -0.07105213794352883 -0.0001674561080823173 -0.003065897591074479 -0.09916577502337051 -0.09441824846049186 0.01606313081012063 0.06562428973777004
 -0.09175373499936272 0.002911631547542815 0.008089442764402183 -0.07877182919435666 -0.0282185882566368 0.01166084985735009 0.007680364841520376 0.06945684058506582 -0.06232298423106609 -0.01150235181616582 -0.07330435163931785 -0.04631271248596597
 -0.09492935290569539 0.01085085963210908 0.08547300635807323 0.07742051265244673 0.09620225587771022 0.02604703249167595 -0.06236275627307474 -0.08126693987145273 -0.03740827517766451 0.06031984878491711 -0.0805142966374752 -0.01117206018496289
 0.09543449365790188 0.03621107908431559 -0.02473419089375271 -0.03094822857841033 0.03840997657010436 0.0778726188750154 -0.02768579238581974 0.0353445052104896 0.022808498605652 -0.01705228601271033 0.09588556118042721 -0.09591669250802359
 0.06057490252719644 0.07834334083486325 -0.08831005416107475 0.02672810480570395 0.04976794043319724 -0.05637984743387491 -0.07383694503321729 0.01267283131466009 -0.009505134737939028 0.03709413782006082 0.02276847299400227 0.08939345934874629
 0.01219594465376403 0.02448128982105743 -0.04299560979648957 0.0508795629135069 -0.05298245370083582 0.07172636511063976 -0.008190425921085112 0.01193548865399481 -0.07834655220942996 -0.06760405048179509 -0.02680940351871543 0.0375312068855731
 0.03373615318340761 -0.09986859835473684 0.05925696107845468 0.003893428479972025 0.07283148963666064 -0.001122387736048391 0.0001387254936389554 -0.003030643208174644 -0.008564961201658339 -0.01074757481761562 -0.07970821383941475 -0.05467014412439765
 -0.0446225478512209 -0.04593469614446503 0.09502260421828745 -0.08420597340483095 -0.06435600312877784 -0.004722637750383701 -0.01389293418493696 0.03168969332094362 0.08860219297314723 -0.06522402282832863 -0.03645249203315179 0.03302693694472933
 0.05311029349898405 0.04777709681284986 0.05117575731082566 0.07197614941701269 0.09114921643492191 0.0132134181415821 -0.09046581965490594 0.06091498653182778 -0.03411540026144801 0.07882204413613578 0.03515156069611797 -0.04237146486435576
 -0.001783256681358536 0.05421118905886485 -0.03417253174718081 0.01877674975532244 -0.07482211209893713 -0.04772174024978829 -0.04785267810865136 0.02785947614384177 0.01548553933697652 -0.09006535844098552 -0.07673749035598898 -0.05552954498785291
 -0.0268334999628522 -0.07313063186835644 -0.03884194021921603 0.02840030225034493 -0.05981842193611756 0.08244386958488531 0.05535094279513994 -0.05316280018575281 0.06313828918872708 0.05037184701064296 -0.08639341070738006 0.05485521981165642
 0.002744903039469865 -0.04400598535054176 -0.06172104014293694 -0.07477353508628808 0.07277123471976579 0.0927734380131838 0.0864727648888812 0.07429273831334746 -0.01664023888962061 0.0853112919321419 -0.05998702296151912 0.08290941430818791
 0.05872404385204613 0.01416048519495321 0.008440877456826895 0.06912827175954456 0.02330561158013252 0.09301274436370596 -0.01186926796985198 -0.09256934525492962 0.01823815830502358 -0.05469734055863477 0.08113237171690654 -0.08722280824582075
 0.08363772631070374 -0.04934880051441383 -0.03278379032856417 0.05443761683780785 -0.02876769423640732 -0.03210672283450516 0.04298668367491351 -0.04839504489053369 -0.03258835846300318 0.02196545002122471 0.08196242567072962 -0.09320744581338918
 0.02819109003886983 -0.06799442201810046 -0.02481014877330014 0.008802567511309436 0.09376568676974603 -0.005674690607717428 0.09861181600905383 0.007357779982799587 0.03596102173949389 -0.002251043896664431 -0.01060242150901131 -0.09570705835770259
 -0.01899473642433175 -0.05752914349404403 0.09182940894704308 0.08332264076727824 -0.009166220939885825 0.05081803535301435 -0.01224754070574172 -0.02083743447992628 0.04491208218098175 -0.05353949593197546 -0.02873227021403185 0.06965414043331605
 -0.02486735847568475 0.003911219168088717 -0.01364286786173942 -0.03196465795048441 -0.01598563242609131 0.0111507533691049 0.08186290130853108 -0.07484662068215313 0.06272216886066675 0.08255830828094443 -0.04448142199213724 -0.043083806353572
 0.0886073551186326 -0.01272868658692829 -0.04164388977993351 -0.09184016241374528 0.05928345970690838 -0.0005789925158506681 0.02940776368575224 0.07954102449659195 -0.02824701258281541 -0.0291628291856933 0.04546592721084969 0.02633963423630903
 0.06884479479241337 -0.02158371647136438 -0.0660648717072839 0.04805727420235156 -0.04713143841280404 0.02115550077046709 -0.008831390379181889 0.0697854385453717 0.07906316217893705 -0.01802027864282164 0.08055141810981239 0.06941792156685006
 -0.06109987331143166 -0.03080116807279706 -0.04544967690677298 0.09629591915488731 -0.06707139429759314 -0.03311484123957051 -0.09128499140548647 -0.08944927416501185 -0.08427090932635252 0.0989583409538681 -0.07200460176080634 -0.03966759803411476
 -0.04050664474375908 -0.02714798142805303 -0.02730646521791433 -0.03784808902894767 -0.09916151993414481 -0.05539451560796191 -0.04976229276825507 0.07504371790370518 0.01723509575204323 0.07458768913312222 0.02072652836219717 0.07497293008239475
 -0.08424747626724477 -0.08604548734126109 -0.007593668500102069 -0.09715233364822962 -0.06057204098017763 -0.05082908320470153 -0.07437522098374469 0.09354404595867583 -0.01787884500623901 0.04146142118759977 0.01413137227517518 0.008358137118801998
 -0.04908172109617798 0.00849137840612299 -0.05827277503374134 -0.03066316225739604 0.06653012275117284 -0.04337846067389265 -0.07606767086841668 -0.009680453254454241 0.02121793009574351 0.05199653238568905 0.01745678968051789 -0.07035817867121291
 -0.09105253150310068 -0.06340507321357459 0.04974699014963066 -0.04247675420591179 -0.03382475666727557 -0.0766398737103398 0.06656565983672186 -0.03905159544922236 -0.03597333692632163 -0.02084730728460896 0.0521406465654044 0.04740398594386683
 -0.07434062894860258 -0.06676473019710827 -0.04127146459280121 -0.01892232927498536 -0.007152464854037921 0.05902729489621147 0.03841443689278295 0.09915222496740958 -0.09449860585966154 -0.0008375911910505907 0.03326309474791125 0.09118702512898291
 0.01141691329136822 0.06621371110458293 -0.02331744296554607 -0.06901994770122505 0.03879086332905307 0.01373580508473853 -0.07333474021247212 -0.06583897172607744 0.02829205564024131 0.04215584530843228 0.05000037831469803 -0.02173960005551862
 0.05470770540758371 0.01116669540095498 -0.02353150422035256 -0.04042875605552215 0.03383729871945382 -0.08046993111713045 -0.03451585578650093 -0.08869413709539475 -0.01166423990161326 0.02765656993818799 -0.03135216744631376 0.09697983123950338
 -0.06090169937581384 -0.05488486434778343 -0.08799339663931549 0.08373384344710308 0.06536847294123824 0.02490342189240369 0.07827872393731572 -0.07399187682179476 -0.06185446795751774 -0.06989882142948156 -0.06377826855058077 -0.05268585195754069
 -0.02118168981187943 -0.006988364154036059 -0.0259169654208342 -0.07569697465560037 -0.07576637416182519 -0.04623158866201235 -0.05919526689358909 0.003990285108230823 -0.005039998837520765 0.002254272155812378 0.03554231106458411 -0.03466063525621178
 0.02200998714860292 0.02909553465978992 -0.0949877957574316 -0.05576772065533234 -0.008337248496622887 -0.09846423979609213 -0.004085515868406608 -0.03727514838825524 0.08974639582588023 -0.04649114737402337 0.02150723450487277 0.02210908466520871
 0.03523430570665892 -0.07343479481176041 0.09754324367138836 -0.09912462122285257 0.04922056519588694 -0.03081650078156507 0.07670212159229964 0.0134855169142121 0.01452007239518538 0.059613203457626 0.01485974129510881 0.05581845971879459
 -0.0998888307904094 0.05069815661111807 0.07649817378737575 0.08988486315951227 0.07706433297398702 0.07992779363600491 0.0040667618646298 -0.009639825481289291 0.07132833943601544 -0.01424025338405289 0.09221263564861623 -0.09865583232257603
 0.04948955390945736 0.02368480568159721 0.09373255010706866 -0.04454867187582278 -0.02234498745656401 -0.04148342813464993 -0.08654020529406263 0.004639534309673385 -0.07593273527552528 -0.0789211590016683 -0.09323226172721008 -0.09681974045180886
 -0.03233148255111652 -0.002699208430277808 0.00926211431694654 -0.09179842044479418 -0.04637062704548608 -0.09497434792709508 -0.01058305609447088 -0.01035409209759384 -0.07724410507705509 -0.09618708837709988 0.08300750521758846 0.008657349824038069
 0.007058389522446834 -0.01409438127462405 -0.05575472868862198 0.06618886688577461 0.01462734850953533 -0.07730370219117767 0.01804845096004182 0.07524289017266214 0.06391835417324684 0.06804483264465616 -0.08981638298185916 0.04369736650808231
 0.003337462227668106 -0.07730650214834216 -0.06563584524644185 -0.05751539999162657 -0.06045984012010436 -0.03562281910514428 -0.09918735004357304 0.06230305896660424 -0.07054774200588589 -0.05548935800667468 0.07783826368195609 -0.004981711093454522
 0.05804058026634487 0.01807181026884544 0.0909965974292862 -0.06786341049034296 -0.003797194337205184 0.007553855833150533 0.08445783379969379 -0.0364655430491779 0.001376218701955784 0.08179831518807543 0.00917028038084966 0.0278986018459437
 -0.09577743905977047 -0.04601317098528836 0.02885505015182632 0.07550836566316635 0.07440262250932592 0.03704932897461158 0.005754055875146991 -0.0009788340736867213 -0.04809342619344667 0.002051423093331728 -0.03371696570537849 0.08071825879358349
 0.07942579097518984 -0.02224612567822205 0.03247308673969995 0.09075356521333588 0.09266347726433732 -0.04596112649046574 0.08460421222140319 0.04281298733775449 -0.0146666388103702 -0.01116514336358679 -0.06640616141789457 -0.03326865151240072
 0.06040843943021987 -0.08896076687208307 0.006849122972741539 0.02510276143194051 0.03900843272767673 -0.09099111110216267 -0.06043958972099592 0.0493284007579543 0.01955913289761461 0.07329769020723811 0.04058826848044952 -0.02260233585091359
 -0.05399027688671688 -0.01287436519372104 -0.04293318657859268 0.01325289313781335 -0.06659562343240541 -0.07671139160051733 -0.06348583035165846 0.09988759713987591 -0.07426560428840412 -0.09962931088723261 -0.005073533955629844 0.04913462580061162
 -0.0399301511299717 0.05831262694416411 -0.08922728058935633 -0.01872443736903423 -0.003944315942713619 0.08648247652508725 0.08207364814283627 -0.001885081616540302 -0.0709180367766953 0.07884878750903845 0.09279427150065908 -0.08379361552557041
 0.02762251871903937 -0.01726755273289984 -0.07895290895580924 -0.004100259909478474 -0.02986664858623428 -0.07657964397080186 0.03675478560853787 0.0830826740064968 0.07830571432744096 -0.07134983812650753 0.08269600820988479 0.01779687994711451
 0.0285171508991148 -0.0273609056108164 -0.01232677950585269 -0.09760703690372996 0.04524201119670285 0.04098421110121314 -0.09620245369206079 0.08500576871097221 -0.0979429105902202 -0.07803617519992032 0.09965972796879971 -0.04776384958062655
 -0.03813749499298257 -0.05377777438739068 0.08831299628740932 0.02620159329398306 0.04189713542768159 -0.09985945318891311 0.07179766139781038 -0.0151992791021705 0.08061219770514286 -0.07899939764579197 0.03140607234573373 0.07909045315773652
 0.05090301816060094 0.09311106907376179 0.002840134614036677 0.02190555608354375 0.0356673351578895 -0.004841893770445069 0.007402682332595625 -0.08714194390093444 0.07659416990661808 0.04995097359223563 0.03573844898692313 -0.03866788030255199
 0.08132821066101095 0.05280455162074535 -0.01037490159576554 -0.05931336942587068 0.05374112990904659 0.06342690368845891 0.06394052607649117 -0.07101549792910344 0.04717887125610409 0.01478694512490035 0.065230038359057 -0.03875188054593185
 0.0008589430705316509 -0.02134075551681504 -0.06067656331093149 0.09141109142189482 -0.02174119645400691 -0.009791437406127215 0.09028950096238286 0.02199576564843346 -0.08888967908040095 -0.07012836174306289 -0.05908627383325535 0.009708643739277351
 -0.03252830779919437 -0.0332655836240959 -0.005237194666572145 0.02488357700110415 0.01988250241694847 -0.05983714649609095 -0.07651557829829773 0.09707708610984644 0.02996890454279855 -0.02761512240450767 -0.09744693159594599 -0.09878290286697013
 0.03473993554627003 -0.03070010779079917 0.02224917840771992 -0.02089822693587996 0.08294661924006441 0.08420446570726464 -0.07744927590258321 0.09919024587359535 0.05981282745824162 0.01077155607940392 0.0340670376151353 -0.08658315556591824
 -0.04336316895874279 -0.03679800993735322 0.01234037068485136 -0.05138749732927085 0.03485064086844475 -0.08528176043679145 -0.002867055598745727 -0.04633508676626039 -0.03536141765873861 0.04112078266712405 0.07715065094582074 -0.05836202710671549
 0.06771784714561654 -0.07287188363258573 0.09874727501292516 0.01328389818282898 0.0991683647922757 -0.0306587310905396 0.09572413371352759 0.02773759093856182 0.0239260418536307 -0.03120766183427642 0.06529041517022066 0.02822005517276949
 0.01592589186375737 -0.003942019764898108 -0.04050748682774039 0.06063884630892866 -0.04749499025997598 -0.05151344315924455 -4.230562586776676e-07 -0.09284597113935808 -0.02688167560468618 0.0831641225479578 0.02518626054019549 0.06957115640808614
 -0.04202022658432984 -0.07181723414293292 0.06315589177721134 -0.0390151638822118 -0.04191627103816068 0.05932842809845443 0.03417286985600704 -0.05846655024453719 0.07085508817560845 0.06388267808537901 0.00925436920777567 0.0963875774815072
 -0.0382079727409005 -0.01085164212287298 -0.01132482711922153 0.056330011631575 -0.008513062149281408 -0.04680576964279529 0.07280757807631941 -0.01476006322850433 -0.0154292474981422 0.02896729334770803 -0.03352109795135581 -0.05102061450229639
 0.07248306529232271 -0.06724551239545165 0.03181541155222162 -0.02082633030012179 0.09290290338013427 0.04986721225294674 0.0006718377195800845 -0.009146718348816474 0.03665220391515434 0.003202615877788945 0.04336915657802354 0.03715835341974313
 0.05130480946974775 0.01864219428654394 -0.06254316653145139 -0.09597820239251287 -0.01295505707888513 0.07878688244190876 -0.02539022903718367 0.04321638910599573 0.06320109379210911 -0.07546088204545857 -0.09851659714109395 0.08615956545821862
 0.01619357396037857 -0.01549343691992874 0.008091647603840207 0.05225257331224162 -0.02784448885995003 -0.02389451498612424 0.01018010366173006 -0.03802288745206187 0.06448327504194545 -0.03734728535499049 0.07765162452257388 -0.01790878725667913
 -0.06095982545532516 0.07754834130699978 0.00616926532745074 -0.05033955360974728 0.09015162413229713 -0.05074887586292502 0.04374052321565111 0.09299925019993982 0.06806969298627188 -0.07945177376705978 0.00417530292407961 0.06473954019485681
 0.02810654471209306 -0.04358766665778106 -0.03093142523913092 -0.04746300277864116 0.09922519822153431 -0.03232468127840914 0.09383204089455127 0.03936037906422715 -0.06904478471816879 0.0990164789667575 -0.04401045710637831 0.07207259622840337
 0.07112979865856228 -0.06902021334092118 -0.009565491425028508 0.04517346964257762 0.02718514657610949 -0.08656209061053463 0.03274231016157239 -0.05105226318042632 -0.07427220544079362 0.07170641974753722 0.07877921262924031 0.07804794398734674
 -0.06105306452039758 -0.09828620437190265 -0.006252312303296509 -0.07932257097276645 0.03142706562760716 -0.06997983769402875 0.005676854791809169 -0.007380637088561279 0.05807432010354557 0.01643547614903802 0.04046128563214138 0.08720661188068698
 -0.06768582214123733 -0.01445932363087526 0.06299495998039889 0.09439219679549363 0.05936276790468345 0.03558317678087961 0.03402253589134063 0.04483410308070995 -0.08772800858715932 0.05758899767475442 -0.02954991164343174 -0.03170802059356494
 0.02229534135754134 -0.01447438988517499 0.08774421452971479 -0.05023444389706985 -0.02215568942639566 0.01853255501993434 -0.08942575795820575 0.04692263380922551 0.075870792771152 -0.006051772650472936 0.0982503556029847 0.008889256567498546
 -0.0620759754057627 -0.0987125126076633 0.08154058562529928 -0.09076087266790074 0.04745935801733994 -0.05323583466741097 -0.08599811826527215 -0.03248532251770021 -0.01963522060408313 0.07126504771833103 -0.06888645275154275 -0.07292891899832454
 0.0008619548418614953 0.07918593966074966 0.04507432504370917 -0.06674993204071411 -0.0329294003105728 -0.06234389402676623 -0.07044224671302314 0.07851365396615659 -0.05472760718705269 -0.09835296404741908 -0.02933333072807981 0.06103496623808619
 0.09548904004509604 0.09626296536623277 -0.02738415740579735 -0.09125952696869262 0.06399055470868978 0.08557555285069482 -0.09915539100760677 0.05233960440625107 0.03738025235724507 -0.04453797122805653 0.01521993124841114 0.07150936336273273
 0.09730113411711103 0.009661732321840283 0.06158116754111292 0.09266685556007301 -0.02226086515749198 -0.04723313684521033 0.002576851517294615 0.09233854287030596 0.06959281810824036 0.05629401708993761 -0.05845850038934223 0.03967954496805332
 -0.09226757831967133 -0.0611890556249691 0.09235299759006577 -0.05074171383363277 0.03861523719173671 0.0909532660189919 -0.04307736531221095 -0.01310935185109653 -0.039210341960038 0.07237036804215263 0.09006158609725767 0.03421194265994296
 0.02063284273255291 -0.02328468958513033 -0.01566486511639584 0.0954229792347174 -0.09344937444690317 0.07514384141227345 -0.0712374074161022 0.008503579423024488 0.03751372584305598 -0.06143537293335388 0.06678647424819029 0.07226836276883272
 -0.09355690653096689 -0.05103515238371862 -0.05502792541120535 -0.05288685513889969 0.07806023655831257 -0.05800338106717215 0.04300560225883743 -0.07293063383984996 -0.01711524230988028 0.07044412716706588 -0.06799481194712229 0.04399436425665379
 -0.05041859957235204 -0.03053616495085902 0.0151497546028484 0.03842052037763002 -0.04143623164361067 0.08480727659378193 0.08946305866633827 0.005144251302581698 -0.03652140518997442 -0.09462141117008287 -0.05578096780447236 0.08390181689333009
 -0.05731533939383028 -0.02504624134055547 -0.03484044178291699 0.006481551059799445 0.004881577426241401 0.02344226342618101 0.02901925405431777 0.07326132451432266 0.03159857167968724 -0.06731839047171326 0.05382997005517595 -0.06909277217111073
 -0.07382479971338686 -0.01198499080620949 0.0007534546641700668 0.07216808707771663 -0.006849165837980592 0.02657961403772388 -0.02830883647400463 0.03780961868181279 -0.08911794166857835 0.05790908443447937 0.09900599573074254 -0.04748972486520288
 0.06613862556059621 0.00476181183970123 0.02075152327670571 -0.08439340718321575 0.0644204507179329 0.006217466659173596 -0.02327591996034863 0.02785904911818043 0.0172454150929168 -0.05213897628288557 -0.01709044067867488 -0.002314586981768813
 0.01923602851572012 -0.02931863772121972 0.07136668525619738 -0.07996420660277108 0.01986469984334209 0.01729429270736223 -0.08986636198553408 0.0510604483577218 0.02294357217177959 0.07310741485066463 -0.0630645484588061 0.08813439520215871
 0.08363314611675707 -0.09697776300970055 0.0938308532968842 -0.08209147350747951 0.0320688008849821 -0.01578155130055298 0.04787346708717685 0.07011333640492548 0.07572891682980118 -0.01070032237301813 0.07154374817917106 0.06642145379512085
 -0.0506250517397748 0.06092196841728501 -0.03306527470931157 0.01186436622874351 0.04263830558275883 0.08168421522638791 0.07405077155507617 -0.05046674803966848 0.04477452545309341 -0.09414756901687828 -0.04496532180778871 0.08137883953352451
 -0.0657598374247528 -0.0947539593216961 0.07380030544574975 -0.07172716313388454 0.008616319349554202 -0.07225786659907885 0.08088301059466071 0.05303688910997367 0.05232879701188914 0.07671774438913814 0.04212045724205185 0.04684552112829676
 -0.07171592987809818 0.03714132830713235 0.02182058001106128 -0.01433566825125208 0.06430061625331515 -0.08540593824049014 0.03211772212057742 -0.06366812864373256 0.06987743324555309 0.08179354707235123 -0.07632655507093999 0.07672632234691007
 0.09807431571363479 -0.06048354915110629 -0.08874021475759658 -0.05614972258537757 -0.02107608545606091 -0.0938242946413734 0.01770137257733433 -0.001392182820877691 -0.007158738221069855 -0.08818418195244837 -0.01308634575673238 -0.02968773446546029
 0.02585527267226806 0.08977230925492791 0.0490367800020132 -0.03094796331279365 0.03392854891158886 -0.09098410662174776 -0.08849908616895263 -0.0140182076852149 0.04244459797521752 -0.07971763898215867 0.04813523632704444 0.02132714891293261
 0.08245983267551962 0.04374346458695194 0.04762913585446635 0.05126798064795335 0.006372172757350164 -0.03828484276213404 -0.06811347688579067 -0.06198780099303937 -0.04102275921445417 0.03010212603201615 0.07077485321612889 0.08963073421367884
 0.04329673173995549 -0.03116088088529266 0.02309122798629333 0.0268762783654507 0.08545727035470838 -0.08443796337081638 -0.0004009602887316277 0.06079515477694095 -0.08578004985174482 0.05526336569502358 -0.02816025330668719 0.03548624548416335
 -0.08462611753304629 -0.04690007837123877 -0.05754723612726956 0.09601864195468338 -0.02569480253035226 -0.02199034541573661 0.01390197714728607 -0.03716375451954425 0.06335909385127775 0.01856676660966165 -0.07156997812508327 0.01073174233337056
 -0.0165130464505536 0.05094668629446827 0.005611146811501766 -0.01222288603036945 0.03422131295947622 -0.01789377263993483 -0.06632448695988977 -0.04916535389932598 -0.04457648012102808 0.003898426031924612 -0.08967546410729954 -0.03004133332111535
 0.05479243435750034 0.0554040523378839 -0.05575724075055321 0.07334262068850325 0.08021467090009146 -0.06740037056693594 0.05578589478494297 -0.07996711893127477 -0.05549845430227188 0.09286465036221994 0.08982193276749578 0.03166538155306534
 -0.04786112750069743 0.01971518728110773 -0.0394472942189365 0.02790001437030926 0.0271891754726547 -0.08187053576867032 0.0004728811988992943 -0.06891258889117839 0.07099142311422418 -0.01350197241008619 -0.07781314910527715 -0.05838666826258922
 0.009792751084534174 -0.07096210253206063 0.01691810682561941 -0.01364856556874447 -0.05959114383625735 0.09964724254774091 0.09285806637978267 -0.03830214932413906 -0.09253286853038896 0.0930483424947478 0.02924967808680862 -0.09116286178594997
 -0.04101691199387202 -0.08193284669654714 0.03621531756238347 -0.05438795693042423 -0.07150102543434067 0.06997608640699715 0.07934708191643952 0.04090001886323308 0.0004323055535920134 -0.08629561063155634 -0.09979397891124835 -0.06604859016920989
 -0.04621399328531498 0.07704835528998968 0.02587729523499588 -0.01446587683728101 -0.05034099432763256 0.06381391994501187 0.0611905955568591 0.0145809528026363 -0.06103563321768845 0.02661468216255775 0.02065894749575019 0.02433318727946232
 -0.01557793180120851 0.08100448869413862 -0.07991571590740269 0.06263060189324723 -0.0004554577337182592 0.01460927835654391 0.0918479099962082 0.08085027777817075 -0.01346042009019287 0.06934531645224579 -0.07782945844974011 -0.08185818551900383
 0.08276639902636015 -0.04951628248290535 0.01900142793277895 0.08288208086124235 0.01251313451819584 -0.0420986478297119 0.07125936092436591 0.09847080502716937 -0.006152402437635762 -0.04668672862344069 -0.09030613474620887 0.07211814962009189
 -0.05196198180482697 0.09408010865524816 -0.06858770683871265 0.04569853954070596 -0.0651086252780943 -0.09809474798794464 -0.08612578663421845 0.009761103138022559 -0.07391788951394763 0.03713853865445479 0.09715396070503668 -0.04706339314229335
 -0.09365891305471727 0.02036622484954638 0.02402326502399865 -0.01796224700379144 -0.07929454328193254 -0.05012863907523501 0.01511814634756506 0.08820386872816452 0.09635952842858647 0.03272075545776196 0.02772766095701465 -0.0777367786888363
 0.01289754065180229 0.04716739707245626 0.05844673326985655 0.0631226252998609 0.03566260849284503 0.05518761412875106 0.05996004091097631 -0.09782305607530714 0.02698935117406892 -0.07852621931038699 0.085094610270256 -0.09284946019164701
 0.08948424167620359 0.09800566325533486 0.09802015313301468 -0.04653028422120863 -0.09763955649590343 0.07336512345756924 -0.06837680872731555 -0.06429731680089268 -0.02724870069399589 0.08310353503562951 -0.04410442863063956 -0.07838570348830393
 0.09850491452550034 0.0537241684965965 0.03335465333899029 0.03986463674897595 -0.09552206099024926 0.009135994502191491 0.08661770037689645 0.01219738487181794 -0.08552225007003615 -0.03566650622168858 0.0716728992206335 0.07795851126309958
 0.05967512895873678 -0.03041221428166993 0.03597226063706946 0.08957174315999319 0.06631559981319568 -0.01103397383950849 -0.0991222698800467 0.02552668415228818 0.03325133492221916 0.0472189426671909 0.06247895309213425 -0.09988636958538717
 0.01402717524730997 -0.03412067046206674 -0.06694828573403046 -0.04494898933552532 -0.09506481281209345 -0.02522891630159924 0.05448613829795751 -0.01541525489270991 0.07621370856801765 -0.03664680743112823 -0.01592517263708898 0.06843321388141752
 -0.04893786688003762 0.0188558475899188 0.05229122532246699 0.06942559243945509 -0.003972335846032418 -0.001354998741653374 -0.02670029974424439 -0.08535011754025838 0.06724455055749631 -0.05525160537366739 -0.01717651872388173 0.07316480185939997
 0.001581942885060555 -0.09226720703014521 -0.08975990850643394 0.0197941099080728 -0.05328537892393818 -0.002421255689025195 -0.01497750568095511 0.07014110927316705 0.08806038690525417 0.003756913298304992 0.009213691181764003 0.06389907043449033
 0.01064285316623134 0.02250307605373307 -0.07805750414502033 0.0973018889040996 -0.09928412516674201 -0.05603561638592648 -0.02927672784341159 0.0366833491778446 -0.0874424823691152 0.06854780138933397 0.02395796631948328 0.06314540867621951
 0.07216523756702697 -0.07307833444281102 0.06388661664462786 -0.06286120596695335 -0.04101115246524772 -0.09991286828397568 0.01031950000982984 0.02725615204132598 -0.01129029288365659 0.04892522329855267 -0.01036908794902777 0.03102404945237175
 0.01303879638971035 0.04116406957595156 0.06812215163956994 -0.03686248258680004 -0.05520709853567207 -0.05955265013754964 -0.06354642772785681 0.03549820828449007 -0.0939651442868906 0.03184991397393269 0.04249923659562885 0.09143498285246898
 -0.06807062566910595 0.04106398952481399 -0.06619884802111443 0.08420308659202289 0.05225056861470784 0.01052980421208261 0.09802759994638854 0.006626762869527389 -0.08364963135023677 0.09219257969266603 0.01239368682227464 0.007481205906027744
 -0.01551257865163171 -0.08444663308285136 -0.003400136670164061 -0.007499343425779598 0.05037495807029377 0.08473121056650046 -0.03990159132496919 0.08798276089974308 -0.07101907195371238 -0.0586954359937476 0.04634054175284447 -0.09486342920064177
 0.07026728161711435 0.01828750776593176 0.06398769919170441 0.08333910237589345 -0.01715887008538529 0.006739122234802733 -0.05301773816898744 0.04478747521679727 -0.009188479408096251 -0.05882277281916445 -0.08452751630370331 0.009937506661258227
 0.0571331017446432 -0.01008870529353884 -0.0914592464184933 -0.07212603375037219 -0.01411444995032053 0.03545761156656027 -0.03144411923276885 0.01954988460519287 0.02351461218710382 -0.03365407286728626 0.09995724769804049 -0.006897518884082049
 0.04574041646052265 -0.0607891069062816 0.04610404772781146 0.04716505325131357 -0.01724945956333351 0.06391095953148884 0.04016894573919327 -0.03953340012982917 0.0723059873635962 -0.0988934157851524 -0.08150738492289482 0.06357076270586987
 -0.02544353813703661 -0.01480920751053781 0.02155110427972477 -0.05318285586349619 -0.07449296409577388 -0.07471347915351724 0.01558276493462116 -0.06037204527068912 0.07852991856415992 0.08823931852528907 -0.01352100497456885 0.001371799607944493
 -0.01954680430876313 0.01149023511528358 -0.07371614317086644 0.02295819810947874 0.08444818437864993 -0.04229843113751072 0.05827986081468012 -0.01658683371068423 -0.01687405004650572 0.008373029080255459 0.008983576449604416 0.076692757132616
 -0.05506666668804844 -0.01637760419456248 -0.007676651016953834 0.09518741793533603 0.075457751943066 0.08060677490060314 0.05745084763759717 -0.003097538598378552 0.007436091121911098 0.0757165575803703 0.0149566463930004 -0.05993951614314402
 -0.001285760688652521 -0.02355162747300711 -0.02104089053039036 -0.02013215091718269 0.05079538184036766 -0.07139479103431434 -0.03085469241391334 0.04355078693230982 -0.06353021018339491 0.01978533885961116 0.0107608249107382 0.05649834551942989
 -0.04182385563056291 0.01844408097430053 0.0818632611085468 -0.004991346522208978 0.01790894933774542 0.01263366889443192 0.01107763956874327 -0.01574410814049874 -0.01485925731290548 -0.02616281813511143 -0.06861209200207194 -0.02677871728656499
 -0.08878655774169636 -0.03556717016933812 -0.0568722492442875 -0.03554857639382333 0.01084103600005601 -0.04091422298059003 -0.0922358987105244 0.01578574944767726 -0.02748206644942594 0.09178369102347919 -0.08056990105366477 -0.07999870248771535
 -0.03726998654806922 -0.03362803637648264 -0.09755140043101036 0.01588837693649839 -0.08842474927385666 -0.03173426333005144 -0.07955187250774758 0.04411161412266246 0.01822206537141177 -0.06751687043352139 0.08763035657983248 0.06276953036555732
 -0.007048603496402711 0.0189276220230945 0.09717061394957804 0.03075869542633267 0.04450325725319049 -0.004019468849461486 -0.09313538678820905 -0.005612327352227262 -0.07782445858524668 0.04766324461252641 -0.0747586924563345 0.03999792397248553
 0.07778129803502476 -0.06001713829996468 -0.02055792242464384 -0.0103107053637411 -0.08304591056775294 0.05231735643836874 -0.02023541215760202 0.08404260569960284 -0.07986496161389642 -0.06972966395992676 -0.02729571348211185 0.0583756884642718
 0.06401101763382713 0.005681613254898396 -0.03136788326581916 -0.05612018254307695 0.01986794650103677 0.01153141678445042 0.07754902578501152 -0.03182000747577045 0.05969201741170513 -0.02120222938735918 0.04015808481377156 0.02316985596722172
 0.02699743101334839 -0.09377162246137638 -0.08172688008236262 -0.04514569316354634 -0.07049383185488091 -0.0300009540517861 -0.06826884451258858 -0.02612283140179369 -0.01498634245136422 0.02230242999700967 0.04894771214071764 0.04761700931945659
 0.09550550223752119 -0.07440169166028743 0.04994826179028514 0.02332815595446196 0.07519221427666062 0.06577110340199496 0.09077383029165895 0.01510217497343225 0.07597346768012042 0.02313891415082406 -0.03860560936814789 -0.02391504203065732
 -0.08868758543984009 -6.536123935588223e-05 -0.05512978505059762 0.02997006117377299 -0.08979044851227966 0.01701341748808841 -0.06622517729436339 -0.097319544660701 0.003330276433729962 -0.09724522114616736 -0.02827634496340718 -0.04567405636509875
 0.04800227893452766 -0.02617549314698588 -0.07808942174865165 0.07969710820579634 -0.05507013189440457 0.03812633386765146 0.04746435541915059 0.09483607871551097 -0.03507249064751547 -0.09764376515324735 0.0409541317365387 0.07487959994639257
 0.01302822722310248 0.07493293116472771 -0.03492730824392866 0.00848436866901707 0.0003920412194711592 -0.07820889464195266 -0.001761552829322693 -0.03787227441147817 -0.01017525841189383 0.0463896621715735 -0.02594334155372337 -0.01472533911104014
 0.02345740809081372 0.02073739934451854 0.03450483343683136 0.02925101127687546 0.0740927869114989 0.08085952186933018 0.02431932910358581 0.03795345745206252 0.09962707600860632 0.06668447478078202 0.05891551739180298 0.0834500732853721
 -0.0870865283842505 -0.08602732958194853 -0.01733047286975088 0.08323243677163414 0.06219262322696192 -0.03244631282189613 0.06275001903396824 0.07525180523050551 -0.09068752314022585 -0.08336529720737057 -0.03811615894339954 0.0008440275533686536
 0.03896891168723193 0.008533025340876702 -0.0169688897674951 0.05558154229273871 0.0297473669058568 0.01697205449650352 -0.05979223499599219 -0.003696620027110215 0.04700917847125466 0.04656441883073958 -0.06563066344877674 -0.08623811756309227
 0.03429745264348344 0.02166021313825872 -0.04710521517457694 0.01552571323601512 -0.01298316416888702 -0.07930198609236946 -0.06121069806147503 0.08115787092256929 -0.04799359975878131 0.0331859193584006 0.02991515000622127 -0.01492113362724862
 -0.06866944193636687 0.01210085881302063 0.05457648687059874 0.06637892651492958 0.0843149204030896 -0.06616771836514025 0.03668811094377813 -0.0895073933949463 -0.06162589137173488 0.01462980017968998 0.01150937944618165 0.05042193215366497
 0.05796653222905029 -0.01187363325886436 0.01548847296993021 -0.01151443861030907 0.05792645013538214 -0.009692541200756716 -0.07429890222628943 -0.08081423745050859 -0.0696045119677491 -0.08273794621049491 -0.08196622634902974 -0.05489707144285786
 0.08484690789925345 -0.03508043102106989 0.09483538938701963 -0.09838440456279467 -0.006065573562349547 0.02630279864109591 -0.06610600026925648 -0.08162192177336691 -0.06627410555540227 -0.056363548645037 -0.07515128804339474 0.05257409901124946
 0.09106975622307761 -0.01770239203092591 0.05005581858629454 0.07231471049334745 0.01970830676090767 -0.05230389796160861 0.01833467264733887 0.01214524996819857 0.05295164255898452 0.02809138243927539 -0.007294693043240985 0.02571249463056477
 0.03642030996486229 0.0654090084950579 -0.09944709054684231 0.04756098431783515 -0.05084663123408727 -0.09188350280219126 0.05389983970519055 0.0245685957501726 0.03512669462487536 0.02227481654575743 0.02173325677832021 -0.02289947754552134
 -0.01458087041344359 -0.02910094560246054 0.06759304027181137 0.01695286343676002 -0.08759345433032296 0.05453705097762299 -0.03452114877566574 0.03384442741339896 0.04634337787258544 0.03499733928637688 0.03563059206367403 0.04707113407973174
 -0.09687118391158707 0.002598991532853562 0.08129172310312546 0.01654258445957182 -0.001820603832914963 0.04918666068721383 0.07331259717205355 -0.07761987344938071 -0.09477708836369247 -0.002158492474380283 -0.03252151376909213 -0.09125920839135571
 -0.008592146125046232 -0.0133331065393285 -0.02006153964407011 0.04083400871236195 0.08705440855938681 0.01987776711934319 0.07140520717299467 -0.09752236753067016 -0.08680041750606637 0.07326670235367377 -0.02876305834053609 0.03205219856522243
 0.09189493998991005 0.09452183570371381 -0.02103271173298202 -0.04841310352949228 0.04426901892234306 -0.08126906345036826 0.06229031338942803 -0.06202311222672927 0.05802474916428019 -0.04258763744597959 -0.009948580145094574 0.02393631936080057
 0.04175134762857263 0.08027329289471855 -0.07952488646791346 -0.04249673559375188 0.006458016187154775 0.05523814287001258 0.09102028708521215 0.07933272314532699 0.02879766481162727 -0.08460775595608436 -0.05391257535445554 -0.03133546748938475
 0.0009480591772459412 0.08530541713347267 -0.0286044427228978 -0.05588513215942593 -0.06682354124507585 -0.07663624663509365 -0.05451198477770839 0.05552546724081683 0.09264149253247525 0.08480342101801161 -0.07132749421927917 -0.002747865760807294
 -0.03551613383562863 -0.01306284240504949 -0.04271253451830136 -0.05430433215838927 -0.02249413636134459 -0.0580095958082464 0.09996488182608063 0.0763046514787627 0.08041468111751346 0.04658461249500526 -0.04126585882247117 0.05258890161787425
 0.08863199669222391 -0.08236672808068429 0.06158355156044118 0.06790658528537474 0.06259424091196039 -0.09629230588128035 -0.08500826999631803 -0.005071360562471566 -0.08386460561524893 -0.07762767603412557 0.006727943500851707 -0.05675961325401963
 0.04730642391379641 -0.03963269186329782 -0.04728658660563413 -0.06394804637425633 0.009677623440991059 -0.08624611994211917 0.08456545772176433 0.05479746180943529 0.01422987431546352 0.09376786739693338 0.01630674466421075 0.08511129874266429
 0.03489594148360886 -0.08655250631638528 -0.08019296054859845 0.08834182665028764 -0.003085777945425694 -0.09067290250030004 -0.07962578041842321 0.09507898913564267 -0.02961572033988422 0.003223072737946281 -0.03407414489857236 0.05415397967767399
 0.02790439212355439 0.01260256016020347 -0.04633809142415385 -0.08542580757009988 -0.09213587907647888 -0.08808156507775171 0.05807289440919353 0.09800920019545351 -0.01742750297351134 0.06691355315613548 0.011852217302046 -0.03682429523361314
 0.01277602035036193 0.02108405669747808 -0.08954759384304189 0.0008082512777819184 -0.06049233354056302 -0.0594426714335493 -0.07942554633253053 -0.09826120624544374 -0.05313092370915739 -0.01024214247044025 -0.09126158279005833 0.005648874085671052
 -0.0071631105201896 -0.09440149342324322 0.05511044519483338 0.0427008201002145 -0.06442950516740356 -0.05939304258372077 0.03504062287767779 0.07129331033056702 0.08866835233664519 -0.09403067801164688 0.03681081752767626 -0.0147630780017133
 0.03412605633128149 -0.03729537640349695 0.01339339464399347 -0.06196386369649348 -0.05647290288794291 -0.04596918409890697 -0.04278851568022166 -0.06595019122909176 -0.02206817949375973 0.04552024465343116 -0.009410265474068674 0.03753159435503794
 0.02025650019183182 -0.06915899600709145 -0.05225950120694398 0.08313287861401283 0.007397432507836046 0.07176211054337608 0.02462777573457331 -0.09601485608055191 -0.04461651232248701 0.07593879370262771 0.02357565826508871 0.001458372035735539
 0.06223139786101139 -0.0515895664256803 -0.09201707847258696 -0.07603126791126048 0.02209073008294034 -0.09669606956872963 0.04079240697065839 0.08050195807594526 0.03771775014068668 -0.09977187205271258 -0.0594062743677586 -0.04323940312598017
 -0.04491158569835577 -0.03479163719162356 -0.03205922132225646 -0.0305732819120184 -0.06682722901438026 -0.03182312379243558 -0.04190018934803613 0.02145733043270096 0.08894880852576945 0.02097097360398034 -0.09446047466275724 0.06887430133281344
 -0.02990725060746588 0.07689177101008446 -0.06444414290532749 0.06327372784889407 0.05225463656159282 -0.09892081087978723 0.09785517703101329 0.03951751419629018 0.0745352032073911 0.09162576540144216 -0.01157476258027122 0.09924579259311336
 -0.09147958079855893 -0.07281660837520695 0.08268889397691495 0.09770973435555841 0.01773524816181411 0.09316651645267768 0.004143051843954915 -0.03337521370608802 0.08348637093138575 -0.02815465203982945 0.08178679869136718 -0.02292609934795048
 0.08100649161939386 0.05119624480244547 0.07810440452534745 0.04546535922846268 -0.04576513153128164 -0.04281617401796056 0.04627376530338342 0.05250076972962078 0.04861972461497727 -0.06370272113005968 0.01479356021674549 -0.06726318514656357
 0.06795729851222557 -0.005775588319510222 0.08347329955066249 0.01170549114389956 -0.06080040312748446 -0.06216574033264703 0.002827108504122461 -0.02658208350218388 -0.07813001266269086 -0.07176019002439482 -0.07430160496243277 -0.002589751079273478
 0.0307602138689351 0.0272930580019094 0.0139800629624206 -0.05334966329390104 -0.07920760905088843 0.01924835479784041 0.06450170228573041 -0.07313955608913619 -0.03923216901443204 0.06925010933924775 -0.02630205523824977 0.07843204768468587
 0.09383259156175069 -0.03566283466965886 -0.08623072445577748 -0.03739779793320373 0.08294104300973887 -0.01424490469884415 0.01217478500973015 -0.02162281901806382 0.08303284017160914 -0.05016249272959755 0.001749463297521819 0.01877729025394966
 -0.02417819307146676 0.05397463428505786 0.006974287740809396 0.01139843478960542 0.06272893552127531 -0.06422101397157555 0.02625744350517709 0.07992962685170221 -0.09672185278865079 0.09977803853168804 -0.02426760596703302 -0.01642022998673978
 -0.06926957266696677 0.02426236904704045 0.02659530284917927 -0.04048132766595691 -0.0004804037011314627 -0.08827728510573252 0.06022678548874177 0.0229996722803814 -0.02062790258735164 0.05664493879127652 0.008432213651545006 -0.08775959253909095
 0.03273163817854072 -0.02570512673723306 0.09441503964508322 0.01102734211617132 0.05407363095202578 0.03147379059563848 0.004503435706518039 -0.0197174269433518 -0.01288964495254287 0.052834930054275 0.06483167124112785 -0.07380636909808226
 -0.08607830320596838 -0.05496093567801785 0.09656788201718036 0.04755285202317247 0.01059937385814905 0.08867386406512723 0.09120355425361559 0.02397506461843997 0.02581137127096106 0.06322263626089386 0.09819907127369679 -0.01575905451245499
 -0.01861478730384128 0.06074059716843891 -0.07200228257317132 -0.01746488308469786 -0.0125104616115972 -0.03138354706191958 0.05461202611469956 -0.003281099436987206 0.003621578412497356 -0.05591335688586394 0.08329252933827974 -0.07613435906480812
 -0.00889812379439861 0.04327891922750335 -0.02496679217416747 -0.009421658947505698 -0.05242021872241728 0.06383123130545534 0.02909333562474731 -0.02547096009084772 -0.04580865771261927 -0.07995068433623492 -0.02649748901270164 -0.06838919465131729
 -0.05376618859315851 -0.0193432298485038 0.02892157649787372 -0.001945627052142684 0.02574478422825727 0.08740878467547469 0.000833663643577176 -0.07766908270903833 0.03234546665604929 -0.08515860308680412 -0.004114526387998599 0.09734825824974577
 0.04799738332960832 -0.002400435462101905 0.01389418942674067 0.08309351427937037 0.03502505900264222 -0.03422752719266085 0.0970926586332522 0.06583855889670839 -0.05357746530151987 0.06244055694527789 -0.05764248816757102 -0.07911499606034197
 -0.08943109501204313 0.0007800787524532699 -0.06949737911435587 0.01708364063028252 -0.06308852638989498 -0.04759726501380727 0.08847808856963546 0.09044911274014944 0.06720969956094644 -0.02399875674026378 -0.07422193027001671 -0.02920295294969383
 -0.005340894539721835 -0.03143812362978084 -0.03000893299972852 -0.05159683044278184 -0.07784484127513497 -0.01591987954054629 -0.03297820808444697 -0.07178125886421195 0.03341635918964833 -0.06157097878481076 -0.07261640266250532 0.07230656249997466
 0.006947375066974987 0.02926524469925032 -0.08955771062726067 0.08872500884047813 -0.05030143062585996 -0.0355905892563423 0.07624575512769657 -0.06890817905818303 -0.003856227996226883 -0.08080326042825556 -0.06093103941128065 -0.00650091843711717


